3.18516 -0.440167 3.38436 -0.751516 0.88596 -0.879817 -0.470921 0.0550724 -0.859429 -0.157986 -0.0854074 0.0686651 
2.9745 -0.26146 2.39272 -1.525 1.08491 -0.943772 -0.052603 -0.165909 -0.52546 -0.287615 -0.252047 0.14475 
2.92992 -0.0415325 2.45837 -2.06414 1.65067 -0.397654 -1.11709 -0.134429 -0.508739 -0.396665 -0.233673 0.0496604 
2.82016 -0.342579 2.61274 -1.26875 0.663464 -0.548143 0.162681 -0.0329743 -0.193618 -0.134991 -0.317568 0.153865 
2.72273 -0.610932 3.20766 -1.65689 1.72312 -0.936637 -1.13306 0.0712834 -1.15708 -0.112517 0.105825 0.12299 
2.85723 -0.296593 2.8383 -0.481289 0.512939 -1.37771 0.680679 -0.582949 -0.759908 -0.226655 -0.184444 0.237632 
2.94084 0.129332 2.55473 -1.27954 1.10011 -1.25072 -0.138264 -0.260581 -1.08083 -0.4034 -0.136381 0.107928 
2.76484 0.0378374 3.04522 -0.608318 0.888712 -1.35713 0.424543 -0.919991 -0.788095 0.10412 -0.123984 0.158329 
3.06161 -0.280097 2.78741 -1.70572 0.781467 -0.413873 -0.215981 -0.803427 -0.860127 -0.238014 -0.0713128 0.173591 
3.02236 -0.551739 3.04118 -0.405406 2.06651 -0.270246 -0.891926 -0.209923 -0.770114 -0.108259 -0.13332 -0.0217824 
2.77581 -0.0930352 2.74029 -2.12558 1.1877 -0.575131 -0.00691173 0.276867 -0.656329 -0.216564 -0.227816 0.0820813 
3.40313 0.217191 3.87495 -0.383497 0.865694 -0.234409 -0.648958 -0.797676 -1.30346 -0.552148 -0.126662 -0.0653892 
4.53617 1.62747 3.36899 -0.207507 0.727593 -2.52779 -2.06469 -1.67139 -1.90228 -0.0948168 -0.190061 -0.0831497 
4.75869 2.2257 3.50141 -0.849702 -0.0430163 -1.92822 -2.41353 -2.24391 -1.38074 -0.391407 -0.196862 -0.017454 
4.86998 2.9075 2.94616 -0.803642 -0.688129 -2.29535 -2.37673 -1.42147 -1.16203 -0.532787 -0.0917386 -0.0134539 
5.0704 3.3612 2.96608 -1.1063 -1.9611 -2.13238 -1.7131 -1.20876 -0.494706 -0.241964 -0.0162403 0.00145178 
4.88137 2.75317 2.94174 -1.6287 -1.56755 -2.35929 -1.14797 -0.416411 0.114122 0.0381387 0.0018596 -0.015086 
4.57906 2.30708 2.63624 -1.75144 -1.01442 -2.58982 -0.673873 0.0177002 -0.716548 0.110121 -0.0817213 -0.0720938 
4.78721 1.93748 3.23553 -1.072 -0.611745 -2.20126 -0.849559 -0.7397 0.0703143 0.152098 -0.190713 -0.00345094 
4.56363 1.59406 3.92994 -1.63917 -0.192603 -2.02222 -0.658569 -0.786691 -0.024802 0.588921 -0.375213 -0.00466751 
4.07051 1.26001 3.53048 -2.13736 -0.0199208 -1.07528 -0.984209 -0.204743 -0.302695 0.178322 -0.221153 -0.09977 
4.04103 1.05653 3.34426 -0.684904 1.83185 -0.880237 -0.582161 -0.12319 -1.03649 -0.101356 -0.11351 0.000907457 
4.1317 1.43256 4.77595 0.0789511 1.52605 -0.416766 0.465367 0.0944586 -0.687237 0.0350705 0.0103691 0.108852 
3.91545 1.82906 3.69218 0.592648 2.07806 1.25964 0.836889 0.843507 0.423946 0.562658 0.091331 0.00606217 
3.70339 1.91225 2.99592 1.36058 2.891 0.894387 0.937404 0.736104 0.415802 0.0905413 0.105401 0.0653683 
3.50801 0.879299 3.92887 0.815829 2.70359 0.561608 0.460661 0.557694 0.259657 0.359077 0.115223 0.0826387 
3.58158 0.636251 3.74162 0.122504 2.24279 0.724682 1.13283 1.42188 0.888893 0.438776 -0.00947871 0.0967959 
3.64683 1.36768 3.10972 0.865707 2.20682 -0.0552952 1.44818 0.768347 0.439291 0.218299 0.173883 0.184294 
3.87736 0.467445 3.83966 0.445253 2.6477 1.18865 1.50638 0.777736 -0.38959 0.548736 0.127986 0.052484 
3.67466 0.666489 3.85039 -0.00529224 2.29195 0.987308 1.03002 0.757655 0.611315 0.780804 -0.160502 -0.0116436 
3.35378 0.837057 2.99896 -1.59494 2.28388 0.579372 1.35352 1.65036 0.265104 0.0231249 -0.0300302 0.0766103 
2.98255 0.565092 3.7459 0.124049 2.48907 1.29334 1.38238 -0.422902 -0.301027 0.29067 0.255031 0.182081 
3.42664 0.760181 2.71816 -1.26831 1.85627 -0.544375 0.681696 1.04706 0.376847 0.16424 -0.263189 0.0260178 
3.04196 0.537353 3.59284 -0.959928 1.85363 -0.0462751 0.546058 0.135563 -0.33501 0.0823513 0.104092 0.172354 
2.96749 0.102082 3.66788 -1.48268 1.5222 0.556646 0.932987 0.170921 -0.324581 0.0170582 -0.131846 0.127069 
2.91168 0.00491368 1.90478 -0.919112 2.46251 0.0797846 1.32698 0.461958 0.113408 0.404846 -0.14795 0.0807865 
2.88163 -0.233748 2.73034 -1.22338 1.40251 0.364299 0.805073 0.69694 -0.177584 -0.176858 0.258533 0.168116 
3.43939 0.330786 3.35761 -0.887246 1.41014 0.0403249 0.574989 -0.329288 -0.0189637 -0.0906354 -0.237809 0.13097 
3.45391 0.669471 2.95072 -0.221567 2.25767 -0.511716 1.31035 0.0744415 -0.229451 -0.207447 -0.270922 0.142467 
3.26561 0.623274 4.0223 0.071833 2.19789 0.106283 0.238889 0.0451468 -0.567364 -0.402575 -0.0852313 0.0514704 
3.4747 0.834711 3.32431 1.141 1.96006 -0.00625087 0.835674 -0.130123 -0.126862 0.271321 -0.18893 -0.0552446 
3.09417 0.737536 3.46295 0.124369 1.62007 -0.67473 0.444573 -0.298313 -0.724148 -0.164369 0.122 0.0855972 
3.25277 0.281441 2.87021 -0.17047 1.97317 -0.591777 0.803117 0.745623 -0.372462 -0.427189 -0.246276 0.0242659 
3.46039 0.316725 2.532 -0.767552 1.57186 -0.617357 0.828023 -0.456182 -0.346216 0.447161 -0.4781 -0.0151994 
3.00967 0.474366 2.80522 -0.0120652 3.1949 -0.0290492 0.357365 0.70856 -0.1503 0.18716 -0.113227 0.0215415 
3.08388 0.041617 3.44991 -1.057 1.02233 -0.442577 -0.0758023 0.270073 -0.751604 -0.196529 0.0191168 -0.00325257 
2.98935 -0.128138 3.08158 -0.661647 2.40365 -0.459655 -0.470922 -0.531393 -0.952842 -0.683719 -0.0363386 0.187353 
3.09911 0.134706 2.91037 -1.01795 1.29378 -0.580547 -0.631173 -0.241091 -0.337405 -0.230388 -0.243163 0.0556039 
2.91244 -0.312243 2.63848 -0.79032 1.8763 -0.634705 0.0536422 -0.206317 -0.335422 -0.168448 -0.141488 0.148938 
2.57601 -0.0447846 2.02527 -1.37615 1.529 -0.836491 0.275555 0.496487 -0.36636 0.0544126 -0.195052 0.0332239 
3.04732 -0.365441 2.44036 -1.22019 1.41021 -0.53693 -0.372714 -0.0863455 -0.164295 -0.398438 -0.223845 0.188528 
2.74469 0.0746282 2.2964 -1.20806 1.88317 -0.401646 0.120903 -0.104954 -0.575699 -0.0329928 -0.0538803 0.114046 
3.0834 0.559454 2.91033 -0.432423 2.14092 -1.2136 -0.360463 -0.760678 -0.767987 -0.0667513 0.0235378 0.179726 
3.09149 -0.247721 2.34324 -0.96282 2.30028 -0.598168 -0.239954 -0.440751 -0.563192 -0.219164 -0.161788 0.164878 
2.83983 -0.183216 2.9525 -1.55588 0.947477 -0.883773 -0.726198 -0.496272 -0.759362 0.162859 -0.00102328 0.09706 
3.09988 -0.169297 2.43769 -1.22549 1.58428 -1.06062 -0.0392645 -0.0950444 -0.146732 0.155418 -0.201449 0.195888 
2.96406 -0.0445629 3.03158 -0.740887 1.6837 -0.648886 -0.432677 -0.230909 -0.403824 -0.068146 -0.0489018 0.118348 
2.74194 0.0861555 2.52758 -1.20422 1.46554 -1.25301 -0.532613 -0.239546 -0.635356 0.0802037 -0.00789392 0.152737 
3.08874 -0.333104 2.68199 -0.833914 1.24492 -1.26587 -0.333255 -0.523661 -0.683293 0.355477 -0.144965 0.125152 
2.85746 -0.323365 2.81863 -0.871359 0.905373 -0.371831 0.338427 -0.507766 -0.922373 -0.091713 -0.0603849 0.131919 
