2.74411 -0.148068 2.91104 -0.722634 1.4345 -0.59448 -0.27799 -0.383916 -0.435231 -0.0279812 -0.00817547 0.251732 
2.64066 0.168033 2.38625 -1.13298 1.64864 -0.820414 0.0582769 0.756209 -0.591499 -0.192834 0.103696 0.207958 
2.85272 0.210481 3.1133 -0.827561 1.78881 -0.574925 -0.264451 -0.235027 -0.539964 -0.0279353 0.102444 0.228153 
3.2514 -0.253143 2.88023 -1.31949 1.80404 0.274386 0.206047 0.821729 -0.0691494 -0.182255 -0.159065 0.141126 
2.88214 0.1055 2.82198 -1.01646 1.58791 -0.973733 -0.12475 0.251715 -0.09203 -0.0807966 0.0536916 0.280692 
3.04397 -0.15305 3.04407 -1.06753 0.953494 -0.120264 0.791959 -0.357688 -0.262478 0.16176 -0.0462991 0.261986 
2.75055 0.233495 3.21521 -0.990802 1.61736 -1.1731 -0.110839 0.494163 -0.897759 -0.17888 0.0450891 0.202709 
2.87742 -0.341059 2.3992 -1.32111 2.20394 -0.285745 -0.1981 -0.0419732 -0.139296 0.57789 0.0524865 0.210923 
3.01505 0.114371 2.81446 -1.36462 1.37122 -0.408617 0.65388 -0.634035 -0.856161 -0.0894292 -0.0123297 0.321351 
2.77485 -0.535706 2.34293 -0.313547 2.10275 -0.543931 -0.492421 -0.369782 -0.52568 0.396075 0.0713785 0.184258 
2.94708 -0.00195695 2.8376 -0.927703 1.62607 -0.35326 -0.0502555 0.026931 -0.0581634 -0.136953 -0.0654812 0.239274 
2.72935 0.031618 2.82688 -0.357774 1.93571 -0.641857 -0.445145 -0.49621 -0.151476 0.594695 0.132167 0.179307 
2.858 0.364647 2.43539 -0.622854 1.75338 -0.619009 0.273274 -0.293366 -0.14665 -0.029101 0.0173907 0.241593 
2.88866 -0.0341054 2.03397 -0.50668 1.89737 -0.341733 0.580496 -0.342985 -0.037689 0.282758 -0.281582 0.167473 
2.91927 0.16106 2.65058 -0.756312 1.95548 -1.02295 0.107154 -0.282645 -0.578788 -0.111177 0.0352557 0.308175 
2.87178 -0.255902 3.18467 -0.278257 2.15846 -0.755338 0.24936 0.0581528 -0.45067 0.290579 -0.046783 0.213338 
2.88235 -0.00329519 2.71951 -1.37998 0.275396 -0.169399 0.328284 0.0648004 -0.680194 0.354572 0.144665 0.14003 
2.64444 -0.423129 3.075 -0.264259 1.50446 -0.731588 -0.161459 -0.816973 -0.645919 0.493327 0.0113177 0.207097 
2.92339 -0.217739 3.4114 -0.597608 1.68675 0.269674 0.621755 0.65711 -0.439047 0.291132 0.127237 0.0971825 
3.44344 1.04809 4.09621 -0.204921 0.816537 -1.03593 -0.695796 -0.535885 -0.448069 0.0230805 -0.0457721 0.104939 
4.41096 2.20549 3.18201 -1.14289 -0.25669 -1.1148 -1.52746 -1.34514 -1.15008 -0.0110138 0.0101262 0.0152931 
4.48336 2.44872 4.05643 -0.603914 -0.310374 -2.45004 -1.98301 -2.1354 -0.848783 0.0317697 -0.20096 0.0668421 
4.87684 2.60473 3.15042 -1.43383 -0.935035 -3.23239 -1.20695 -0.745332 -0.79394 0.358609 0.0251865 0.0577438 
4.98631 2.66767 3.01604 -1.37115 -0.876177 -1.76244 -1.52972 -0.543617 0.035218 0.106001 0.034527 -0.0117123 
5.07928 2.47116 3.35162 -1.50723 -0.559923 -2.02479 -0.980989 0.258467 0.332103 0.171483 -0.0339259 -0.0436594 
4.86686 1.97088 3.80234 -1.56701 -1.03328 -1.91124 -0.368146 0.278424 0.302499 0.63936 0.0610615 0.00191732 
4.43642 1.83085 3.11343 -0.921956 1.07271 -1.25667 -0.360151 0.320907 0.848094 0.67138 -0.192159 -0.0378351 
4.55243 1.39705 3.29105 -1.12294 0.787667 -0.90441 -0.605049 0.292117 0.48356 0.700349 0.0275584 0.0112735 
4.09288 1.41273 3.41493 -1.45593 1.32118 -0.356275 -0.557751 0.406589 -0.220649 0.415713 -0.0700905 -0.105202 
4.22519 0.502286 3.25778 -0.498383 0.754126 -0.822703 -0.154173 0.957123 0.292637 0.315394 -0.00915067 0.000260028 
3.80308 1.14158 3.59704 -1.07554 1.35202 -0.00994352 0.697796 0.462886 0.137636 0.504749 0.0764555 0.129227 
3.82092 0.996857 2.27646 -0.330775 1.33567 0.619408 1.19396 1.70185 1.39327 0.264375 0.0778829 0.0537293 
3.90995 1.53167 3.1514 -0.176861 1.21571 0.476446 1.8575 0.909091 0.524434 -0.219639 -0.0497501 0.0982001 
3.40659 0.255123 2.75959 -0.132982 2.32492 -0.213982 0.795616 0.843411 0.44286 0.375048 -0.00650731 0.154106 
3.59927 0.824898 2.95034 0.0535686 1.71206 -0.29193 0.753561 0.369773 0.493682 -0.126328 0.0388414 0.213556 
3.62754 0.596707 3.20195 -0.440256 0.593561 0.351526 1.31146 1.46816 0.530318 0.46601 0.0269378 -0.0352118 
3.94644 0.664327 3.1266 -2.16894 0.894197 0.108243 1.1872 1.8424 0.851511 0.252331 -0.178551 0.0331748 
3.96933 0.840368 2.5711 -1.92935 0.958134 -0.119975 1.3713 1.87367 0.299889 0.403313 -0.2776 -0.123212 
4.13947 0.852738 3.37893 -0.842683 1.95047 0.813519 1.21464 1.55576 0.84331 0.801982 -0.0739444 -0.0203868 
3.95106 0.218454 3.38412 -0.931774 1.62096 0.312885 1.20982 2.36572 0.553591 0.251122 -0.0084362 0.013006 
3.83006 0.732472 3.67018 -0.510574 1.7097 0.317472 0.726368 0.280551 -0.155865 -0.353292 0.0166848 0.225956 
3.43755 0.942165 3.38695 -1.03231 1.39754 0.208815 1.31265 0.520128 -0.0837763 -0.234364 0.104822 0.220172 
3.20297 0.278706 3.00573 -0.104308 2.38788 0.162861 1.27511 0.571497 0.326975 0.68328 -0.111886 0.114294 
3.11228 0.569851 3.97315 -0.834914 2.51957 -0.447152 -0.261212 0.398416 -0.376118 0.26914 0.23657 0.200829 
3.24106 0.294437 2.51106 -0.0677978 2.37647 0.357263 1.59931 -0.25614 0.221443 0.484738 -0.127605 0.18053 
3.26681 0.161953 3.30197 -0.283844 1.70898 -0.26045 0.360663 0.430702 -0.815037 -0.423014 0.197815 0.207167 
3.33584 -0.0105898 2.54865 -0.532593 1.94217 -0.213236 -0.247043 -0.433879 -0.48095 0.369737 -0.00521913 0.124192 
3.55201 0.538196 3.8549 -0.0321878 2.18016 1.02512 0.164127 0.247922 -0.187914 0.176367 0.255591 0.089982 
3.47164 0.924028 3.99974 0.999202 3.09894 0.714004 0.846072 -0.0509018 -0.369037 0.203634 0.196939 0.133979 
3.47028 0.892364 3.88874 0.154077 2.78361 0.181291 -0.127101 -0.216494 -0.456881 0.226658 0.141255 0.0980422 
3.37348 0.993017 3.30115 1.76922 3.08958 0.40671 1.26678 0.288777 -0.0136459 0.29258 -0.265413 -0.0437877 
3.81602 1.29934 3.63798 0.557633 2.88795 0.671906 0.445862 -0.040843 -0.871846 0.250365 -0.0620324 -0.0760446 
3.56846 0.683153 3.49117 -0.235238 1.99897 0.69927 1.07758 0.242173 0.0366161 -0.468122 -0.123869 0.185858 
3.51007 0.857721 4.75523 0.0168057 2.54418 -0.634006 -0.333538 0.550654 -0.395415 0.199173 0.0355881 0.119649 
3.46157 0.298559 3.14564 -0.00714379 2.20318 0.263012 0.827537 -0.215788 -0.339778 0.300884 0.117159 0.192652 
3.10745 0.395255 2.75819 -0.893421 2.29705 -0.212392 0.621631 -0.2956 -0.634605 0.124672 0.0343715 0.237546 
3.27695 0.176425 4.04114 -0.249314 1.93217 -0.156439 -0.363331 -0.399642 -0.858382 0.393264 0.303664 0.144359 
2.97896 0.359919 2.83076 -0.853513 1.48892 0.0071377 0.559651 0.636986 -0.0588964 0.31584 0.101371 0.110857 
3.30259 0.42224 3.29919 -0.683696 1.47944 -0.455052 0.463936 0.277416 -0.350414 0.0494038 0.0255554 0.172922 
3.32851 0.193669 3.05797 0.0449759 2.39976 0.540897 0.996353 0.0362238 -0.483012 0.524987 0.0976659 0.100917 
