2.79382 -0.266687 2.67463 -0.286309 1.85136 -0.570564 -0.121208 -0.207157 -0.843784 -0.118227 0.129737 0.233807 
2.74624 0.0928952 2.84221 -0.583471 1.74065 -0.534543 -0.182662 0.17895 -0.920317 -0.0736207 0.186865 0.168855 
2.5285 -0.140726 2.86448 -0.107559 1.74481 -0.531085 -0.216264 -0.313545 -0.918487 0.338918 0.233796 0.14331 
2.59449 -0.248132 2.7548 -0.0213282 2.36245 -0.94956 0.199076 0.135663 -0.417825 0.433952 0.115123 0.203453 
2.78734 0.228604 2.70734 -1.07655 1.29977 -0.695071 0.240853 0.155 -0.539444 0.155344 -0.0892872 0.165934 
2.76119 -0.265566 2.84949 -0.906839 1.6495 -1.03252 0.14373 0.495501 -0.118361 0.248923 -0.0507819 0.245261 
3.07259 -0.0215583 2.41098 -0.768933 1.73849 -0.848855 0.193606 0.339836 -0.392533 -0.257453 -0.0860178 0.246735 
3.03164 -0.133375 2.63164 -1.25009 2.54335 -0.313571 0.0996035 -0.0106766 -0.306222 0.346413 0.0488199 0.269688 
2.62173 0.26352 3.19992 -1.98778 1.19657 -0.644702 0.28741 0.295073 -0.359067 -0.311518 -0.123379 0.282299 
2.95081 0.0361289 3.04888 -1.04398 1.68879 -0.129375 -0.543792 -0.765662 -0.297027 0.119193 -0.0537958 0.22492 
2.80132 -0.143595 2.13711 -0.0723062 1.31428 -0.661635 0.111504 -0.670955 -0.070174 -0.00706923 -0.00931477 0.268023 
2.66188 -0.538764 3.04556 -0.856351 2.28515 -0.134953 -0.141156 -0.0526332 -0.873166 0.240442 0.0989574 0.196647 
2.59698 0.396381 2.25817 -1.40908 2.14373 -0.457331 -0.0946367 -0.564806 -0.447624 0.0380206 0.0504403 0.276846 
2.91257 -0.20242 2.87303 -0.979869 1.1336 0.0867335 0.418498 -0.10737 -0.251121 0.211872 0.135493 0.220966 
2.8599 0.150331 2.07863 -1.00756 2.29914 -0.46906 -0.15665 -0.993364 -0.0643934 0.498205 -0.0941909 0.244103 
2.65813 -0.21127 2.42867 -0.502909 1.62579 -0.0137247 0.86001 -0.151706 0.00538016 0.26279 -0.203659 0.188081 
2.85402 -0.0873872 2.51852 -0.940189 1.26232 -0.327096 -0.128799 0.129912 0.280074 -0.0233799 -0.225844 0.188451 
3.10792 -0.150128 2.66166 -0.964549 2.08794 -1.11063 -0.269216 0.0110561 -0.518373 0.521801 -0.0683422 0.200836 
2.68254 -0.148073 2.99651 -0.0701179 2.10438 -1.02206 -0.35303 -0.482578 -0.300766 0.00146093 0.0858441 0.288294 
4.07916 1.87486 3.76358 -0.501695 1.45984 -1.12472 -1.85255 -1.54318 -0.685352 -0.216759 -0.278725 -0.0298924 
4.64122 2.42017 4.20681 0.227142 0.720201 -2.59517 -2.53058 -1.61964 -1.2147 -0.00714935 -0.21754 -0.024617 
5.76263 2.23713 1.99402 -1.94586 -0.493876 -0.434907 -1.22077 -1.61442 -2.25874 -0.945229 -0.0883696 0.0125713 
5.77448 2.46087 1.67834 -2.16064 -0.780487 -0.460691 -0.421966 -1.49732 -1.80208 -0.721567 -0.17075 0.0219734 
5.66255 2.21876 1.37159 -2.22558 -0.47949 -0.428578 0.740905 0.322184 -1.2376 0.0358035 0.0550042 -0.00238213 
4.96342 2.27639 2.26712 -2.29985 -1.20879 -1.57422 0.27905 0.378448 0.692925 0.630364 0.0690362 0.0428321 
4.88429 2.24304 3.82819 -2.7608 -0.396553 -1.40397 -0.524575 -0.0460503 0.0522927 0.757339 -0.0131465 0.046175 
4.58737 1.58918 3.28069 -1.12888 0.322568 -1.27418 -0.0450558 -0.0820466 0.522757 0.27932 -0.167833 0.078717 
4.35707 1.17549 3.02543 -1.21822 0.885322 -0.97811 -0.180375 -0.172838 -0.228779 0.502838 -0.0531703 0.0521318 
3.712 1.02574 2.42773 -0.512268 1.53373 -0.911589 0.651384 -0.531418 -0.177296 0.255544 -0.0119225 0.199401 
4.00167 0.0629283 1.85616 -1.91071 0.789936 -0.153649 1.52367 2.0676 0.349728 0.0319944 -0.296147 -0.0394247 
4.32783 1.17837 3.19853 -1.36956 2.60099 0.9764 1.6298 2.20758 0.528316 0.204976 -0.31506 -0.0669761 
4.25638 1.46591 2.75042 -0.201898 2.7411 2.49805 1.85393 1.6091 1.44242 0.217225 -0.221179 -0.0274969 
3.84244 1.13737 2.60294 -0.863306 2.6635 1.99054 2.30515 1.92326 0.521847 0.552538 -0.226072 -0.0721787 
3.85789 1.4115 3.11157 -0.876906 1.78138 0.679645 1.98445 2.81443 0.425584 -0.129935 -0.0334082 -0.0339581 
3.93488 1.11941 2.90837 -1.42347 0.911957 1.31175 2.7867 1.95941 0.831165 0.425679 -0.173024 -0.0207512 
4.00494 0.729223 2.05515 -0.827359 1.29663 0.601647 2.84521 2.13082 1.35435 0.434899 -0.252609 0.00541179 
3.68377 1.36518 3.28372 -0.857024 2.35793 0.281509 1.54276 1.30971 0.289819 0.453984 0.110281 0.162729 
3.52045 0.501914 2.28439 -1.7788 2.57704 1.22994 1.81119 2.77834 1.18015 0.351216 -0.136271 -0.0324322 
3.7715 0.716933 3.28365 -0.634964 2.13859 -0.147779 1.56447 1.55933 0.591523 0.498651 -0.120649 0.130827 
3.38936 0.440143 2.55355 0.105579 1.89355 0.192318 2.324 1.80152 0.0768094 0.636067 -0.0871082 -0.00779826 
3.21785 0.452707 4.39488 -0.876949 1.29092 0.876693 1.99633 0.661779 -0.576922 0.745059 0.264631 0.0999489 
3.34385 0.490221 2.66802 -1.08005 1.24426 -0.331825 2.08327 1.63976 -0.20224 0.488128 -0.319996 -0.0521217 
3.19895 0.205745 2.91773 -1.54052 0.726847 -0.388864 1.70586 1.88513 -0.121572 0.463233 -0.388925 -0.10823 
2.97634 0.145283 3.00974 -1.39762 1.50147 0.0800372 0.866991 0.900316 -0.559046 0.0646963 -0.0467838 0.0897206 
3.2508 0.367417 3.22457 -0.73025 2.26378 0.494685 0.450057 -0.335401 -0.518032 0.140651 0.295156 0.246213 
3.97404 0.97208 4.23537 0.494453 2.33246 0.729736 1.87294 0.596941 0.171366 0.280214 -0.299831 0.0685217 
3.6824 1.00128 4.11469 1.07912 2.58086 1.10654 0.713888 0.928732 -0.111675 0.00618975 -0.0031023 -0.0387008 
3.55024 0.992476 3.94376 0.801625 3.29075 1.19175 0.954209 0.491434 0.285074 0.10556 -0.168698 0.0452599 
3.49777 1.23046 3.97955 0.318031 2.91484 0.359037 1.13063 0.749498 0.155103 -0.0734781 -0.0636817 0.136585 
3.5438 0.918459 4.46651 1.27507 3.07268 0.692219 1.23876 0.163441 0.233339 0.140856 -0.289261 0.084627 
3.43358 0.863035 4.10938 0.244181 2.64245 0.0221244 1.21648 0.602064 -0.549985 0.00338087 -0.146481 0.0776692 
3.66376 0.511901 4.68307 0.849441 2.83749 0.398779 -0.0283391 -0.517671 -0.280328 0.568848 -0.0541231 0.0625208 
3.52698 0.906166 3.99695 -0.0899527 2.26876 0.596956 0.853893 0.171032 -0.327874 0.106803 -0.0712616 0.0714427 
3.25005 0.126158 3.44345 -0.372934 2.40544 -0.0604194 0.292106 0.260091 -0.679304 0.18225 0.297056 0.201183 
3.17762 0.125643 3.63761 -0.60618 1.67649 -0.393624 -0.497625 -0.206308 -0.399466 -0.0148071 0.0697523 0.197238 
3.23826 0.257911 2.8709 -0.4341 1.40618 0.0192021 0.769206 -0.728357 -0.37092 0.258886 0.0374545 0.211454 
2.96745 -0.114067 3.43563 -0.4772 1.82661 -0.378341 0.352111 0.123872 -0.509145 0.301345 0.138075 0.198197 
2.95314 -0.0275995 3.38426 -0.851937 1.63733 0.068906 1.10494 0.194358 -0.669385 -0.0221688 0.0267085 0.220421 
2.73925 0.127241 3.25007 -0.773318 1.55528 -0.258075 -0.21815 0.277343 -0.364205 -0.0422483 0.131516 0.165306 
2.81109 0.289126 3.07483 -0.322806 1.89874 -0.671225 -0.331459 -0.345614 -0.694477 0.308654 0.0101762 0.12217 
