2.83644 -0.465115 2.48041 -1.30057 1.1117 -0.94644 -0.986026 -1.23204 -0.939455 -0.0330494 0.0470384 0.168171 
2.88616 -0.697475 2.42066 -0.650103 0.61092 -1.35156 -0.414978 -0.458874 -1.08986 0.251429 -0.0202087 0.0809794 
2.96001 -0.488074 2.25324 -1.40601 1.50245 -0.759434 -0.803897 -0.121505 -0.365601 0.0331285 -0.126151 0.102784 
2.81329 -0.315821 2.6328 -1.64334 0.483868 -1.64152 -0.167149 0.426881 -1.12769 -0.582655 -0.0622982 0.141973 
2.72821 -0.0570555 2.0019 -0.91639 1.40329 -1.68675 -0.0803498 -0.208661 -0.0983634 0.075741 -0.0313291 0.216985 
2.75078 -0.326062 2.22204 -1.69829 0.803804 -1.49569 -0.166329 -0.348811 -1.51098 -0.13814 -0.13889 0.0705358 
2.68755 -0.371587 2.38413 -1.44686 0.39317 -1.49101 -0.145796 -0.874721 -1.13469 -0.192046 -0.155492 0.145229 
2.95224 -0.547924 1.99289 -1.58527 1.34931 -0.348864 -1.14998 -0.292632 -0.359895 -0.481008 -0.17093 0.101826 
3.05157 -0.363559 2.4254 -1.32647 0.219644 -1.19829 0.586486 -1.02944 -1.18634 0.265001 -0.213096 0.10171 
2.75293 -0.471611 2.76175 -1.07089 1.64996 -0.509191 -0.602114 -0.553035 -0.314768 0.247106 -0.177892 0.0442194 
3.31106 0.336335 2.87323 -1.13117 1.0207 -1.09074 -0.146105 -0.3375 -0.735259 -0.897404 -0.203036 0.134992 
4.11563 2.04364 3.51506 -0.143922 0.127774 -2.28687 -1.83072 -1.10841 -1.50792 -0.100738 -0.174464 -0.0973784 
4.90674 2.59215 2.91505 -0.999847 -1.01786 -1.70767 -1.14537 -1.55493 -1.9362 -0.0866702 -0.108715 -0.0731844 
5.59765 2.43775 2.58062 -2.0526 -0.649829 -2.20272 -1.28419 -0.68649 -1.33384 -0.262938 -0.132575 -0.0607647 
5.80943 2.74841 2.37411 -2.94676 -1.57675 -1.79156 -0.522087 0.542199 0.23072 0.38789 0.0354198 -0.0647828 
5.13671 2.59917 2.59941 -2.52185 -1.24648 -2.16527 -0.819293 1.02698 0.760779 0.297729 0.12773 -0.0389666 
4.83692 1.87208 2.98723 -2.11006 -0.877249 -1.57292 0.332275 0.723792 0.289117 0.443755 -0.0835668 -0.0684261 
4.63596 1.57259 3.51553 -1.4134 -0.157646 -1.86172 0.573276 0.058463 0.249932 0.632729 -0.277191 0.00454311 
3.99305 1.2823 3.07238 -1.65588 0.0476434 -1.44585 -0.0709904 0.180808 0.463945 0.227672 -0.0677602 0.0716365 
3.84009 0.865393 3.2625 -1.14998 0.0956775 -1.92871 -0.7838 -0.08283 0.423576 -0.245145 -0.107394 0.164083 
3.86392 1.17432 3.74183 -0.593826 1.0219 -0.657345 0.934925 0.641829 -0.155305 0.70864 0.160254 0.0856378 
3.84615 1.39073 3.41033 0.322263 2.12715 -0.033074 1.14774 0.432518 0.49726 0.836387 0.0320253 0.103508 
3.88151 1.34847 3.49853 0.727082 2.66489 0.305272 0.87531 0.681398 -0.053022 0.418274 0.137125 0.0869073 
3.94843 1.06416 4.37874 0.203972 2.48436 -0.215656 -0.28968 -0.000709628 -0.0695406 0.168119 0.0311055 0.160381 
3.6736 0.918389 2.37198 -0.601501 1.90266 0.361024 1.56727 1.65868 0.291938 0.290639 0.085925 0.0686406 
4.19822 1.19466 3.63137 -1.90971 0.562227 -0.0921187 0.995831 1.51673 0.376843 -0.322235 -0.243022 0.0269977 
4.04367 0.664011 2.57817 -1.11553 1.66411 -0.131917 1.52344 2.09512 0.29324 0.109599 -0.25009 -0.0236098 
3.40902 0.570434 1.90244 -1.76038 0.799941 -0.566426 1.25702 1.37332 0.401068 0.109122 -0.420425 -0.0406082 
3.65442 0.121009 2.04665 -1.2138 0.524698 -0.550548 1.47342 0.95305 0.218549 0.0575985 -0.45167 -0.010242 
3.93095 0.591874 1.99549 -1.19365 0.985388 -0.374626 2.36679 1.50273 -0.040964 0.0738191 -0.293743 0.0121857 
3.71245 0.559919 2.81622 -0.433475 1.36513 -0.49735 0.74261 -0.0214949 -0.507332 0.302216 -0.0634402 0.0823038 
3.29923 0.190574 3.03277 -1.42222 0.834851 0.139459 1.7311 0.883385 -0.196753 0.326793 -0.262277 0.00626667 
3.23725 0.469252 2.9104 -1.32385 1.72424 -0.504361 0.80899 0.645007 -0.452908 -0.0576533 0.0112852 0.183638 
3.27698 -0.429634 2.48557 -0.811097 2.02491 0.471215 1.04175 0.79588 -0.131193 0.31923 -0.0797626 0.0708226 
3.23359 0.206715 2.30737 -1.91325 1.13479 0.00442609 0.98185 0.657996 -0.0481249 0.173311 -0.307605 0.0420686 
2.93605 0.109561 2.49388 -1.43251 1.69859 0.178743 0.84573 0.862568 -0.0184582 0.125119 -0.107455 0.0622229 
3.48356 0.390226 3.48645 -0.616306 2.15962 0.220097 1.04011 1.28534 -0.553451 0.237952 0.197909 0.0768688 
3.82884 0.77739 3.48278 -0.369231 3.18327 0.695847 1.79174 2.40319 0.746473 0.391361 -0.388349 -0.0123565 
4.19815 0.992127 4.48784 -0.692875 1.91242 0.898904 0.434771 0.927816 -0.543315 -0.0817965 0.138913 0.0260819 
3.68251 0.912233 3.62477 -0.35535 1.63766 0.575985 2.23647 1.58701 0.145643 -0.0272081 -0.373555 -0.0625502 
4.33441 1.13661 3.67908 0.0644852 1.49417 0.557803 2.19574 0.744279 0.207583 0.358396 -0.327963 -0.0256196 
3.69943 0.73475 2.97983 -0.427287 2.41501 0.563927 1.73741 1.85175 0.405693 0.309576 -0.338945 -0.0554161 
3.83786 0.896341 3.4154 -1.00069 1.44283 0.477122 1.77465 0.397805 0.1395 0.0191759 -0.306327 0.0923198 
4.00104 0.341896 2.5806 -0.712635 1.18576 0.143535 2.01081 0.708155 0.460785 0.214672 -0.625535 -0.0873898 
3.81248 0.283935 3.31248 -0.576346 1.15371 -0.0961379 0.314028 1.29491 0.379052 -0.0903153 -0.201764 -0.0290667 
3.55049 0.653822 2.43738 -0.979964 1.50133 -0.200446 1.5596 1.34522 -0.112388 -0.0657013 -0.252604 -0.0205537 
3.31129 0.0683814 2.33283 -0.902181 1.88398 -0.401141 0.902054 0.235952 0.331041 0.394918 -0.225649 0.13987 
3.36521 0.254512 2.84409 -0.363487 1.96361 -0.458226 0.26275 -0.304868 -0.292983 0.452435 -0.0348493 0.0970369 
3.07997 0.286334 2.24708 -0.780541 1.85466 -0.352337 0.992912 0.110387 -0.182012 0.0693393 -0.117331 0.131237 
3.16823 -0.269943 2.55134 -0.925828 1.04546 -0.333939 0.197295 0.0976491 -0.817691 -0.264057 -0.0941907 0.063713 
2.79801 -0.229357 3.18278 -0.997829 1.34688 -0.695039 0.266208 -0.521269 -0.802964 0.0259402 0.147548 0.206468 
3.23498 -0.193921 2.28341 -1.29449 1.61787 -0.346995 -0.229415 -0.681796 -0.489731 0.347541 -0.100733 0.124182 
3.20246 0.0611503 1.69494 -2.07123 0.768063 -0.226936 1.39272 0.4206 0.157677 0.282767 -0.377143 0.0431793 
2.97084 -0.370783 1.54365 -2.19393 -0.105508 -1.40295 0.0476568 -0.514739 -0.61892 -0.200586 -0.415884 0.0523158 
3.19836 -0.604158 2.21501 -1.6018 1.23854 -0.141708 0.0167301 0.720614 0.27315 -0.120723 -0.375448 0.00738477 
3.25888 -0.190416 2.76739 -1.60218 0.956115 -0.927161 -0.198794 1.04661 -0.700484 -0.41893 -0.292339 -0.0348761 
3.02329 -0.369942 2.28482 -2.15486 0.869696 -0.848143 -0.449005 0.3269 -0.54576 -0.400504 -0.265023 0.0697998 
2.80552 -0.3061 1.9381 -1.89813 0.888413 -1.04596 -0.215276 -0.572276 -1.08988 -0.0403746 -0.139693 0.0839955 
2.56682 0.227874 1.99336 -1.54748 0.220322 -1.72462 0.915511 0.621761 -0.208398 -0.291727 -0.294264 0.159773 
2.77777 -0.294168 1.91196 -0.722623 1.30986 -1.06951 -0.155028 -0.760351 -0.987967 -0.158759 0.0144 0.190116 
