2.65331 0.0441634 2.53941 -1.00605 1.70736 -0.0979722 0.634664 -1.01364 -0.857287 -0.0813405 0.0734257 0.213781 
2.7005 -0.0286812 2.31401 0.0285325 1.46893 -1.00427 0.00430581 -0.659929 -0.338688 0.346727 -0.033376 0.0843754 
2.71055 -0.48401 2.88655 -0.239958 0.375076 -1.04515 0.348977 -0.330649 -0.448949 -0.00474887 -0.0682717 0.176857 
2.84387 -0.557257 2.87915 -1.13123 1.10373 -0.579401 -0.576898 -0.771548 -0.772666 0.043941 -0.0591057 0.171334 
3.00792 -0.327417 2.42442 -0.692613 1.04671 -0.794657 0.671702 -0.173477 -0.412742 0.50948 -0.303373 0.0274615 
2.76537 -0.211919 2.11523 -1.51639 1.07464 -0.631799 -0.114349 -0.443112 -1.12315 -0.144787 -0.00360974 0.18844 
2.66625 -0.551715 1.93733 -1.2442 1.92073 -0.224567 -0.403155 -0.353443 -0.727263 0.0883506 -0.0254215 0.186673 
2.84193 -0.00188707 2.48752 -0.396302 1.38355 -0.835801 -0.0121804 -1.08485 -0.282329 0.00735715 -0.0970504 0.240728 
2.74336 -0.120447 3.13253 -0.628056 1.3087 -0.507209 0.0484729 -0.623202 -0.59286 0.0283776 -0.0461569 0.117844 
2.8946 -0.0815062 2.89476 -1.44245 1.11257 -0.850146 -0.392234 0.0956876 -1.11209 0.255707 -0.079296 0.0213637 
2.9038 -0.122012 2.05539 -0.475141 1.33788 -1.19701 0.192925 -1.15847 -0.817791 0.207136 -0.157822 0.176668 
2.70404 -0.376737 2.67639 -1.44867 1.79252 -0.401985 0.242797 0.110518 -0.837129 -0.335473 -0.122624 0.221179 
2.71533 -0.181639 2.30555 -1.12973 2.16068 -0.893224 -0.956203 -0.386657 -1.12327 0.135321 0.133853 0.141968 
2.88644 -0.216571 2.75404 -1.50106 0.711108 -0.574976 -0.311615 0.0139181 -0.497631 -0.0245964 -0.240344 0.0936617 
2.73848 -0.11731 2.55807 -1.12421 0.49891 -0.800751 0.244639 -0.737392 -1.03461 0.225115 -0.0995144 0.104037 
3.10464 0.215614 3.18429 -1.42813 1.7521 -1.11372 -0.481595 -0.410219 -0.993155 -0.270363 -0.0784524 0.17699 
4.41693 1.65318 3.87995 -0.331744 -0.477695 -2.59777 -2.03649 -1.67648 -1.74266 -0.272607 -0.112753 -0.0346242 
3.89277 2.81017 2.69904 0.416988 -1.0352 -2.3752 -2.53389 -2.24993 -1.40065 -0.458667 -0.196318 -0.00037606 
4.35379 3.25961 2.83101 0.119378 -1.19053 -2.66972 -2.38039 -1.97784 -1.22023 -0.638049 -0.120907 0.0160168 
5.1674 3.23734 2.46478 -0.139839 -0.819074 -2.44363 -2.65934 -1.47253 -0.606531 -0.589886 -0.107297 -0.00917612 
5.76898 3.29406 2.46948 -2.8503 -0.887521 -2.33181 -1.37337 -1.23716 -0.966763 -0.0465046 -0.116951 0.0200813 
6.16599 2.85689 2.18606 -3.02388 -0.598489 -1.89106 -0.454014 -0.661276 -0.432623 0.321562 -0.146139 0.00182174 
5.71144 2.68521 1.74856 -2.3143 -1.26329 -1.74945 0.522684 0.445448 0.11369 0.442522 -0.0424014 -0.0460481 
5.28517 2.5794 2.35156 -2.57535 -1.92389 -1.07129 -0.139935 1.0858 0.826317 0.499854 0.132856 -0.0580211 
4.98288 2.57423 3.62096 -2.29679 -1.34809 -1.90651 -0.0537384 0.771729 0.437985 0.29466 0.0301295 -0.0221732 
4.72228 2.37942 3.00941 -1.34631 0.573044 -1.31559 0.0663924 1.01567 0.132162 0.367819 -0.0400621 -0.0615401 
4.36724 1.34361 3.04104 -1.94267 0.1487 -1.05908 0.0961652 0.491269 0.447007 0.396456 -0.148916 -0.0150091 
4.00714 0.929296 3.06359 -1.80338 -0.195289 -1.35918 0.404812 0.0762789 0.238926 0.617341 -0.179056 0.0355298 
4.01181 1.08545 3.74134 -1.42877 1.27621 -0.0243863 0.187547 0.592325 0.575035 0.776323 -0.00282315 0.0613687 
3.92699 1.40193 3.53938 -0.446738 2.42236 0.380924 0.540413 1.31658 0.529458 -0.000807054 -0.0170456 0.0514646 
4.21453 1.44746 3.94378 -0.128877 2.30854 1.88698 1.84505 1.94617 0.997507 -0.0811412 -0.207463 -0.00419684 
3.9021 0.836477 3.97276 0.141918 2.60172 0.104561 1.68678 1.75551 0.125427 0.641786 -0.0574965 0.0699588 
4.05078 0.845016 3.6417 -0.807122 1.75183 0.905866 1.82221 1.75012 0.370857 0.241447 -0.164483 -0.000931926 
3.65709 0.977928 3.58763 -0.350694 2.47875 -0.371755 1.36249 1.42039 0.156522 0.526149 -0.0773407 0.113477 
4.02102 0.431503 3.14606 -1.43302 1.55456 0.806489 1.71527 1.87715 0.748001 0.388784 -0.413096 -0.0827207 
3.86087 0.598418 2.52518 -1.78483 1.86019 0.340085 1.52205 2.64044 0.894533 0.164531 -0.222462 -0.0368404 
3.80276 0.188468 2.61083 -1.24042 0.617712 -0.235462 1.65395 1.67676 0.289201 0.14089 -0.339527 -0.0900565 
3.14339 0.258984 3.01363 -1.28601 1.06091 0.0596957 1.49714 1.27181 0.376227 -0.0843274 -0.309147 0.000889139 
3.13918 0.0424955 2.74279 -1.53277 0.601646 0.638864 2.37598 0.895394 0.0128561 0.309367 -0.388775 -0.0742853 
3.02813 -0.132074 3.11213 -1.51295 0.695541 -0.336472 0.22723 0.147651 -0.599745 -0.0698274 -0.133937 0.0649979 
3.40836 -0.0872394 3.13448 -1.46134 0.335813 0.0488667 1.33555 0.906126 -0.159661 0.240428 -0.0863319 -0.0294886 
2.85166 -0.79407 3.22956 -1.35322 0.887422 0.334183 -0.215899 0.245403 -0.986944 -0.161467 0.147035 0.0193229 
3.03065 0.15959 2.78967 -1.0709 1.44202 -0.27232 0.22421 -1.61026 -0.731118 0.161641 -0.0730901 0.209432 
2.87996 -0.279875 2.98398 -1.85145 0.860315 -0.096754 0.695545 -0.0633178 -0.34531 0.324478 -0.00171659 0.122718 
3.22992 0.931221 3.93963 0.320526 2.03308 -0.426167 0.239881 -0.975492 -0.961956 0.206426 0.216874 0.132511 
3.35853 0.436757 3.63422 -0.413374 2.70032 1.09923 0.942255 0.965635 -0.00580687 0.257074 0.0156607 0.0368518 
3.37931 0.796455 4.55815 0.086149 1.72274 -0.431516 0.808203 0.440888 -0.633361 0.481108 -0.0031779 0.00627758 
3.56215 0.822282 3.56535 0.154056 2.92958 0.137861 0.752328 0.0929289 -0.0851699 -0.217297 -0.221249 0.124758 
3.68202 0.99926 3.98281 0.105563 2.23649 0.542843 0.519548 -0.499551 -0.706682 -0.592147 -0.0907177 0.0905734 
3.75314 0.765281 3.81677 0.400074 2.87062 0.492317 0.819647 -1.23802 -0.418021 0.445536 -0.235933 0.100546 
3.66205 0.808995 3.9113 0.434163 3.11942 1.40191 1.05664 1.02908 -0.221521 0.179533 -0.177487 -0.0805086 
3.24883 0.589747 3.60744 0.719767 2.03943 -0.116661 0.684335 -0.768368 -0.689802 -0.265505 -0.0263286 0.0678883 
3.06964 0.741019 3.92717 -0.20423 1.62094 0.356918 1.26851 -0.327681 -0.955066 -0.152275 0.169181 0.0724728 
3.16286 0.642948 3.21322 -0.743475 1.7995 -0.328183 0.509945 -0.619633 -0.882459 -0.50836 0.0881603 0.206754 
3.24957 -0.110467 2.94495 -0.633627 2.13855 -0.00626059 0.407945 0.64545 -0.177076 0.432205 -0.0948859 -0.00324127 
3.41399 0.288381 3.32884 -0.378788 2.04527 -0.426885 -0.2362 -0.536917 -0.679929 -0.257857 0.0924973 0.199758 
3.1537 0.0343435 3.41978 -0.428649 2.88465 -0.629783 -0.997847 0.0644216 -0.214096 0.143557 0.0390537 0.11007 
2.95345 0.165915 2.88411 -0.171223 1.98705 -0.857865 -0.39133 -0.959419 -0.435527 0.0945237 0.0654238 0.169023 
3.04637 -0.625534 2.48193 -0.755588 1.90979 0.206256 -0.526059 0.464104 -0.0710959 -0.0826598 -0.0670508 0.00371914 
3.1526 -0.114142 2.96312 -0.96701 1.46631 -0.978593 -0.45803 -0.349913 -0.772123 -0.0979218 -0.00412518 0.181398 
