2.90091 0.0208228 2.45317 -1.4405 1.90296 -0.503308 -0.175162 -0.0458343 -0.985712 -0.0166263 -0.0132142 0.187727 
2.57086 -0.102239 2.63204 -0.841635 1.52851 -0.492589 -0.0334331 -0.0601486 -0.335741 -0.168159 0.00567408 0.240961 
2.67127 -0.10587 2.57246 -0.4001 2.2477 -0.117178 0.416779 -0.315995 -0.0174822 -0.0888741 -0.136452 0.233358 
2.99611 0.183981 2.72776 -0.57616 1.23968 -0.589371 0.366988 -0.828033 -0.2268 0.143388 -0.204525 0.195908 
2.86077 -0.285362 2.70426 -0.573408 2.607 -0.965572 -0.110673 0.359695 -0.109092 0.829993 -0.0378843 0.116539 
2.93749 -0.198314 2.67835 -1.33906 1.7119 -0.152632 -0.224209 -0.153666 -0.2169 -0.174253 -0.196581 0.222731 
2.64444 0.339296 2.87554 -1.5858 2.07047 -0.231296 0.0425646 -0.1352 -0.652732 -0.0658696 -0.0146319 0.206533 
2.81682 -0.0236563 3.3591 -0.764466 1.47495 -1.0061 -0.273299 0.621214 -1.13881 -0.0983972 0.271567 0.143859 
2.787 -0.367742 3.25721 -0.602429 2.36376 0.212429 -0.47571 0.878823 0.0157752 0.257695 0.196227 0.055636 
3.08013 0.110946 2.6157 -0.0997062 1.68863 -0.25944 0.0447435 -1.05709 -0.645881 0.504429 0.0149187 0.0998103 
3.2677 -0.314991 2.99995 -1.20629 2.29193 -0.109074 -0.368305 0.142302 0.031769 -0.00045905 -0.145676 0.228333 
3.13059 -0.0174817 3.16654 -0.485946 1.93126 -0.384489 0.402179 -0.651167 -0.683317 0.308472 -0.0629699 0.180534 
3.26506 0.428831 4.04212 0.446801 2.73298 -0.939999 -0.279455 -0.5186 -0.558097 -0.0891029 -0.218319 0.149427 
4.02241 0.984407 4.12827 -0.200277 0.657137 -1.73887 -1.98992 -1.38217 -1.47652 -0.516735 -0.16047 -0.0482388 
4.85144 2.4628 4.53057 0.220198 0.969838 -1.73128 -1.84405 -1.16313 -0.81667 0.0334276 -0.153257 -0.0136781 
4.97003 3.25387 2.32995 -0.772173 -1.05344 -1.6341 -0.973702 -0.588336 -0.323003 0.116707 0.0591598 0.0206663 
4.89055 2.94061 1.49509 -1.82552 -1.68468 -1.19763 0.264291 1.16605 0.539738 0.644298 0.146522 -0.0310145 
5.1868 2.51658 2.61217 -1.97458 -0.553661 -1.55059 0.742459 0.383927 -0.0621892 0.312133 -0.190742 -0.0539275 
5.26392 2.16405 3.08657 -1.65152 0.328712 -1.27718 0.0932325 0.412051 0.66088 0.632686 -0.0756342 0.0393941 
4.7697 1.72286 3.61768 -2.13445 -0.30534 -1.27317 0.480105 0.534117 0.742457 0.838833 -0.0766386 0.0803134 
4.2393 1.48686 3.19627 -1.42753 -0.0212589 -1.03507 0.815471 0.182222 0.540715 1.0063 -0.0404218 0.0571946 
3.96067 1.14859 3.9326 -1.44349 0.713843 0.0317641 1.0671 1.56493 0.258584 0.168718 0.0145139 0.00440856 
4.23078 1.68391 2.69145 -0.315311 2.28022 0.165819 1.67894 1.28036 0.68111 0.313795 -0.101301 0.0788623 
3.97091 1.84237 3.20517 0.113973 1.82888 1.06681 1.98454 2.68601 0.786779 -0.0105311 -0.115437 -0.0883135 
3.74906 2.06746 3.93007 -0.0483562 2.17409 0.131865 1.8477 1.9306 0.108429 -0.134905 0.0453296 0.046809 
3.75201 0.92689 3.52983 -0.0135571 3.29096 1.06846 1.8588 1.30723 -0.66318 0.0937956 0.0418453 0.104479 
3.43367 0.639203 4.40813 1.25994 2.22548 0.462577 1.1613 0.940943 -0.292106 0.222931 0.126831 0.0225395 
3.44486 0.850804 3.3897 0.233056 2.65671 0.762675 1.62205 0.384965 -0.443876 0.268642 0.150743 0.144779 
3.66071 0.626023 2.51799 0.0831218 2.18887 0.351695 1.97582 1.07959 0.143346 0.0716668 -0.253932 0.0348905 
3.7977 0.994891 3.15026 -0.0253405 2.8522 1.36118 1.28992 0.541247 -0.170651 -0.0424159 0.107974 0.142503 
3.21478 0.768166 4.37241 -0.352936 1.64893 1.32152 1.37425 0.046863 -0.699421 0.849229 0.170855 -0.00110509 
3.2108 -0.257014 4.05503 -1.2803 2.74633 2.07226 0.779884 0.373533 -0.914708 0.618626 0.146626 -0.0224033 
2.95049 -0.170033 4.35647 -0.829198 1.36323 1.04865 0.665112 0.783922 -0.0470228 0.644619 -0.221264 -0.0925165 
2.86907 0.0989747 3.27059 -1.22368 0.188532 0.649476 1.44731 -0.264294 0.178842 0.558216 -0.534997 0.00446743 
2.71981 -0.209593 3.62884 -1.6227 0.915574 1.10323 1.007 -0.658508 -0.405909 0.707868 -0.305592 0.0834228 
3.51618 0.532641 4.3825 -0.919723 2.48986 1.5471 0.850871 -0.0612545 -0.548202 0.624811 0.157161 0.137204 
3.8481 0.959124 4.08727 0.242295 2.43501 1.10308 1.41568 -0.44182 0.441166 0.92411 -0.273471 0.0790816 
3.6467 1.18453 3.56766 0.807882 4.00021 1.55072 1.35287 0.0918598 0.370213 -0.26744 -0.156697 0.159149 
3.88952 1.17144 4.29998 1.13093 3.07083 1.16758 0.964082 -0.257995 -0.0947857 0.0782438 -0.250043 0.0122976 
3.75578 1.43157 4.18158 0.984913 2.78085 0.864804 1.13501 0.144504 0.0455352 0.0978501 -0.174257 0.0343601 
3.80523 0.669825 3.87582 0.584186 2.43734 0.587759 0.949356 0.683111 -0.463205 0.10861 -0.00697753 0.0129557 
3.57863 0.38833 3.50866 0.642679 2.93165 0.0479943 0.863799 -0.469797 -0.175626 -0.0320326 -0.352132 0.140272 
3.19962 0.466263 3.621 0.0138778 1.71929 -0.454775 0.773513 -0.442253 -1.004 0.487462 0.0485453 0.0724653 
3.14227 0.566767 4.00471 0.0509324 2.61362 1.09277 0.845374 -0.310528 -0.423963 0.413739 0.0714905 0.0848739 
3.25295 -0.0726719 3.37632 -0.0503119 1.62515 0.576977 0.263784 0.0435454 -0.0309488 0.12289 -0.0850008 0.0474601 
3.14697 0.287259 3.25219 -0.721127 2.05067 -0.036964 0.238238 0.162474 -0.591411 -0.153315 0.0618574 0.155691 
3.43525 0.0514282 3.78618 -0.425445 1.80779 -0.0552017 0.161073 -0.145994 -1.11945 0.190191 0.209074 0.112624 
2.94908 -0.129184 3.2035 -0.345585 2.05943 0.226644 0.847808 0.145467 -0.0685394 0.0511989 -0.0850685 0.188967 
3.09264 0.441856 3.61449 -0.279037 2.54355 -0.692552 -0.468402 -0.551089 -0.69067 0.0412187 0.113479 0.181107 
3.24547 -0.142735 3.40856 -0.564098 2.43462 -0.111823 0.202618 0.374089 -0.348848 -0.0648792 -0.0288741 0.195199 
2.79643 0.0994435 2.88944 -0.318901 1.46544 -0.482031 0.705714 0.373332 -0.355611 -0.414457 -0.11306 0.172955 
2.74036 -0.174714 3.04614 -0.581746 1.39579 -0.184058 0.355096 -0.410169 -1.05977 0.34679 0.0798699 0.119322 
2.89442 0.343798 2.88146 -0.266059 1.43535 -0.89236 -0.0714845 -0.289218 -0.519555 -0.267106 0.0310836 0.202633 
2.7515 -0.515225 2.71626 -0.125733 2.34517 0.040799 0.281782 0.247187 0.098348 -0.0163966 0.228689 0.241601 
2.8716 -0.212733 3.20017 -0.968266 1.32169 -0.442634 -0.032297 -0.487101 -0.530371 0.0431912 -0.0947528 0.231851 
2.90986 0.13302 2.93887 -0.282109 2.37267 -0.0982599 -0.00566575 0.215602 -0.523233 -0.0624188 0.0426071 0.0985126 
2.96175 -0.0527321 3.44488 -0.375498 1.62206 -0.354835 -0.313649 -0.309912 -0.0767295 0.140879 0.109616 0.201931 
3.36299 0.31613 3.46305 -1.06321 2.05362 -0.126633 -0.540264 -0.473108 -0.559127 -0.333873 -0.00319259 0.221216 
2.89506 0.271646 3.53423 -1.55743 1.47518 0.0534309 -0.0236894 -0.158192 -0.837892 -0.287591 0.106824 0.188716 
3.06726 0.619835 2.53323 -0.229503 1.57021 -0.652281 0.557565 -0.737718 0.0803672 0.472445 -0.0289104 0.155017 
