2.81459 -0.499147 2.92007 -1.07347 1.3255 -0.561273 -0.408306 -0.140019 -0.741363 -0.14056 0.147817 0.238218 
2.9903 -0.376617 2.78539 -1.11174 0.80926 -0.68965 0.218916 0.447855 0.0877509 -0.170575 -0.178859 0.176935 
2.9495 -0.538234 1.99517 -0.995597 0.801356 -1.01387 0.156707 0.381889 -0.144206 -0.150943 0.00575482 0.234853 
3.05965 0.0718348 2.28753 -1.56368 1.34465 -0.520096 0.416036 -0.0562178 -0.383591 -0.298844 -0.12509 0.203832 
3.03128 -0.157243 2.37396 -1.00396 1.81667 -0.736829 -0.319406 -0.197069 -0.396922 -0.287226 -0.141681 0.21172 
2.83628 -0.0418561 2.64873 -1.45294 1.27192 -0.151953 -0.0697575 -0.505287 -0.604434 -0.351642 -0.0140376 0.21244 
2.81073 -0.247972 2.31649 -0.62303 1.40337 -0.541176 -0.159992 0.205136 0.0521106 -0.178886 0.109637 0.208598 
3.0422 -0.506381 2.24618 -1.12486 1.09658 -0.368864 0.00426064 -0.329338 -0.864083 0.368592 -0.170069 0.0220985 
2.91123 -0.376583 2.59623 -1.3767 0.622651 -0.0903397 0.436139 -0.466669 -0.248614 0.231088 -0.212953 0.147773 
3.09663 -0.181229 2.74294 -0.818999 1.34991 -0.82491 -0.738021 -0.667191 -0.300902 0.475245 -0.089164 0.100856 
2.75476 0.0335024 2.83671 -1.50246 1.34086 -0.440983 -0.184824 -0.727051 -0.856416 -0.297357 -0.127371 0.212318 
2.57276 -0.432645 2.76941 -0.264297 1.4239 -0.935008 -0.406036 -0.181255 -0.0952298 0.507868 0.042241 0.1405 
2.91165 -0.606583 2.47258 -0.497908 1.18263 -0.575 0.744974 -1.07141 -1.25059 0.0540853 0.0446928 0.247099 
2.79855 -0.48031 2.48778 -1.46659 1.38974 0.566494 0.68545 -0.262493 -0.952973 -0.0816304 0.0866196 0.162363 
2.75338 -0.0995854 2.14573 -1.13583 1.97788 0.102488 -0.323651 0.299457 0.129412 -0.161335 -0.262587 0.0619416 
2.98292 -0.392377 2.12832 -0.249857 1.81108 -0.895441 0.103727 -0.00092558 -1.10685 0.381239 -0.0341972 0.0309972 
3.93727 0.928186 3.20658 -1.29158 0.129182 -2.21523 -1.34422 -1.63532 -1.21352 -0.794225 -0.310498 0.111292 
4.26918 2.13296 3.62996 0.291837 -0.332602 -1.9331 -2.14778 -1.07033 -1.02496 -0.356449 -0.010065 0.0232093 
4.58622 2.30481 2.68517 -0.875201 -0.0909368 -2.12855 -1.68595 -2.50864 -1.12794 0.135463 -0.10891 0.052739 
5.0898 2.03507 4.12413 -0.721812 -0.538127 -2.43859 -1.98252 -1.16322 -0.883055 -0.126513 -0.0714271 0.0214847 
5.19487 2.08069 3.60609 -1.46843 -0.867397 -1.64239 -0.665831 -1.01928 -0.265198 0.51214 -0.0767005 0.00690603 
5.21568 2.57737 3.31437 -2.03407 -1.05621 -2.47678 -0.29725 -0.0794864 0.52687 0.606557 -0.0311484 0.0532844 
4.61829 1.7791 3.14321 -2.1332 -0.934553 -1.66011 0.0430021 0.286543 -0.228989 0.47224 -0.129882 -0.122925 
4.41607 1.78905 3.38734 -1.29843 0.610269 -1.16647 -0.549632 1.35649 0.39453 0.2223 0.00139454 -0.0983515 
4.10449 1.32838 3.21734 -1.66077 1.05427 -0.950021 -0.502308 0.576963 0.433522 0.390021 -0.112371 -0.0177701 
4.05586 0.912439 3.06228 -1.26213 0.289826 -1.15305 0.396236 0.935979 0.145859 1.04995 0.0554354 -0.0666779 
4.07367 0.780029 1.97466 -2.26805 0.0412224 -0.648846 1.35239 1.00483 0.031144 -0.00997756 -0.4481 -0.115896 
4.45399 0.955375 3.08603 -1.43956 1.85375 0.511913 1.69957 2.36042 0.437222 0.326605 -0.354758 -0.162587 
4.49579 1.6274 2.88515 -0.474115 2.10526 1.08633 2.65038 2.20592 0.814264 0.442191 -0.306539 -0.0956302 
4.23339 0.807865 1.75339 -1.13316 1.42783 0.921097 2.69545 1.69347 0.463721 0.402803 -0.158153 -0.0230254 
3.8506 0.920702 2.77066 -0.65644 1.89595 0.193114 1.79998 2.38591 1.03932 0.274511 -0.303325 -0.0576317 
3.77393 0.388877 2.81732 -1.3649 1.81072 1.16696 1.46896 2.0647 1.13027 0.449413 -0.158389 -0.0344775 
3.75229 1.00006 3.06565 -0.995057 1.46444 0.218066 1.80261 1.08953 0.520139 0.235962 -0.181358 0.0900845 
3.90476 0.699573 2.91854 -0.379996 2.26685 0.669201 1.99037 1.73185 0.877917 0.57669 -0.25366 0.00656125 
3.6796 0.400575 2.75167 -0.799336 1.7419 0.708769 1.8775 1.7481 0.50733 0.247554 -0.165365 -0.00205363 
3.59702 0.442597 3.98701 -1.09073 1.79595 0.960911 0.768773 0.224541 -0.468349 0.225568 0.123405 0.131995 
3.33124 0.160502 3.46008 -0.652595 1.54424 1.12093 1.47666 1.26726 -0.401676 0.153416 0.185742 0.00160938 
3.11963 -0.353755 3.67086 -0.686328 1.66292 0.670023 1.51349 0.548845 0.153325 0.643671 -0.110793 0.093594 
2.7634 0.183298 4.11276 -1.21636 1.63167 0.827507 0.616797 -0.40612 -0.418482 0.637159 0.259397 0.126273 
2.84101 0.109178 4.07884 -0.948744 1.98045 0.305375 -0.487958 0.350969 -0.283744 0.131079 0.255753 0.0632077 
2.905 0.102959 3.05241 -1.85546 0.616832 0.335411 -0.307219 -0.0609485 0.083907 -0.290768 -0.0944597 0.136493 
2.95585 -0.326183 2.62498 -1.31977 1.53787 0.399362 0.208839 -0.910232 -0.0482335 0.506167 0.0195839 0.202704 
3.33925 -0.100859 3.50547 0.204986 1.96553 0.149168 0.62962 -0.720164 -0.477427 0.63952 -0.0376886 0.0623087 
3.31939 -0.12612 3.98237 -0.0313554 1.53037 -0.200585 0.227301 -0.575791 -0.594997 0.278875 -0.0650702 0.103751 
3.37184 0.0770599 3.3294 -0.237179 2.59238 -0.296169 -0.0811369 0.0809119 -0.470082 0.123933 -0.0321109 0.0737691 
3.65773 0.651886 3.53942 -0.772232 1.09519 0.192156 0.870899 0.396328 -0.421113 0.373028 -0.110893 -0.0619494 
3.36054 0.2589 3.43617 -0.566592 2.00678 -0.571773 0.577604 -0.113354 -0.423452 0.319024 -0.274401 0.0689899 
3.32374 -0.144398 3.90744 -0.141152 2.35919 -0.652675 -0.976459 0.431963 -0.42076 -0.0440497 -0.0193369 0.0562549 
3.15755 0.296618 3.43271 -1.06804 2.15908 -0.123096 0.750066 -0.0362408 -0.975888 0.214022 0.149059 0.170215 
2.92544 0.399669 3.59105 -1.0717 1.94523 0.137797 1.0384 0.80717 -0.58549 -0.340696 0.0645235 0.105781 
3.34665 0.331472 3.47928 -0.511334 2.25366 -0.51979 -0.548906 1.0108 0.184098 0.186863 -0.219548 -0.0435028 
2.78463 0.185558 3.48699 0.0747242 2.39438 -0.130832 0.715853 -0.203236 -0.184456 0.203642 0.0399271 0.151044 
3.2076 0.20537 3.17517 -1.04367 0.869725 0.0794863 0.833643 0.400898 -0.518782 0.164172 -0.0372143 0.00447218 
2.62149 -0.102826 2.2012 -0.627554 1.8966 -0.372213 -0.343023 -0.0395853 -0.257862 -0.519364 -0.0707377 0.200358 
3.05088 -0.294679 2.624 -1.0748 1.08307 -0.665222 0.70085 -0.646939 -0.879269 0.410424 -0.22429 0.123716 
3.16092 -0.531495 1.86788 -1.34535 1.74127 -0.381774 0.345275 0.847944 -0.0471032 0.123301 -0.0974629 0.125535 
2.75741 -0.258911 2.7705 -1.44523 1.21975 0.187778 -0.153785 -0.721116 -0.607441 -0.168689 -0.0293855 0.220281 
3.0479 -0.0507416 2.43044 -1.53519 1.07258 -0.645519 0.313637 -0.446376 -0.311315 0.134411 -0.178416 0.176303 
3.01587 -0.628606 3.37992 -1.6781 1.55502 0.223369 -0.29195 0.228283 -0.882842 -0.359166 -0.0169904 0.15156 
2.86403 -0.0803801 2.03115 -1.40796 1.24377 -0.365888 0.435436 -0.647808 0.075104 0.096601 -0.213427 0.198451 
