2.88257 0.162816 3.09609 -1.66171 1.4906 -0.151274 -0.295608 -0.152731 -0.613877 -0.0905066 -0.230442 0.148558 
3.12775 -0.196863 1.89654 -1.49251 1.99702 -0.719775 0.24462 0.939931 0.0267701 0.126101 0.0343067 0.232058 
2.83979 -0.129849 2.94043 -1.45797 2.05177 0.00639197 -0.500996 0.150938 -0.544515 0.00490052 -0.0172988 0.154918 
3.02673 -0.0413248 2.67617 -0.801378 1.63977 -0.186531 -0.426104 -0.542793 -0.286369 -0.273714 -0.183271 0.206209 
2.99567 -0.242602 2.45003 -1.09382 1.94461 0.169298 -0.22426 0.676201 -0.388097 -0.152321 0.013156 0.105953 
2.62931 0.393267 2.56214 -1.19896 1.67834 -0.236536 -0.0587918 -0.108624 -0.782647 -0.180672 0.00970048 0.176873 
3.13407 -0.0945414 2.96647 -0.912038 0.727853 -0.422723 0.725253 -0.0811455 -1.07334 0.0227973 -0.119378 0.114603 
2.73441 -0.216006 2.3041 -0.168214 1.14582 -0.282726 0.216471 -0.413152 0.020542 -0.195585 -0.0684717 0.244709 
2.72513 -0.194712 2.46674 -0.65043 1.74903 -0.0943033 0.237438 -1.09671 -0.793326 0.217671 0.0343259 0.247307 
2.93532 0.341211 2.0274 -0.8459 1.58059 -0.361045 -0.429285 -0.659646 0.172754 -0.336966 -0.268087 0.194801 
2.72438 -0.0726095 2.73433 -0.391456 1.45312 -0.345872 -0.0969357 -0.791627 -0.184558 0.311524 -0.033083 0.185888 
2.73773 -0.0624667 2.3191 -1.23894 2.68018 -0.465248 -0.0353648 -0.570818 -0.692443 0.0732401 -0.109832 0.290134 
2.85194 0.195897 2.61904 -1.55795 2.18648 -0.290772 -0.387512 0.0779559 -0.790514 0.167411 0.0204329 0.14738 
2.6471 -0.813967 2.73695 -0.246793 1.44125 -0.345646 0.190854 -0.479479 -0.353976 0.306764 0.122267 0.260049 
2.82602 -0.210233 2.08821 -0.729674 2.0825 -0.484601 0.265137 -0.093442 -0.355601 0.243357 -0.055849 0.207097 
3.20503 -0.106862 2.63187 -0.925131 1.58145 -1.09209 0.473083 0.0508274 -0.817358 -0.0168278 -0.111272 0.252884 
2.88174 -0.642263 2.36738 -0.219336 1.97974 -0.0945474 -0.483128 0.0483016 -0.282416 0.0797067 -0.0408087 0.129376 
2.75648 -0.244293 2.51253 -1.00094 2.37902 -0.553787 -0.00648439 -0.219155 -0.550608 0.28443 0.0740839 0.26211 
2.89912 0.573885 2.94663 -0.504962 0.502502 -0.857042 0.322287 -0.411447 -0.106524 -0.450238 -0.0860953 0.219462 
4.04078 1.53641 3.48318 -0.0612297 0.185701 -2.69739 -1.58319 -0.861427 -1.12293 0.172436 0.000217422 0.0594093 
4.70944 2.21962 3.40564 -1.19018 -0.330036 -2.38411 -2.50838 -1.84718 -0.947971 -0.331828 -0.116427 0.0482193 
4.88713 2.54014 3.68946 -1.63452 -0.730715 -1.97656 -2.24705 -1.31042 -1.05002 -0.206609 -0.00539225 0.00314497 
5.70558 2.05679 1.81783 -1.97483 -0.565622 -1.30505 -0.76929 -1.1365 -0.906574 -0.0466796 -0.0398062 0.0114256 
5.54361 2.31103 2.97086 -2.19451 -0.430097 -1.0848 -0.242584 -0.0210347 -0.421972 0.659914 0.100727 -0.0304523 
5.12702 2.12033 3.18096 -1.99416 -0.893718 -1.97689 0.00092397 0.0964099 -0.0423034 0.628393 -0.0912807 -0.0628725 
4.76262 1.53547 3.46709 -1.42296 -0.557462 -2.51895 -0.608149 0.233368 -0.233772 0.255622 -0.128071 -0.0273153 
4.59951 1.72581 2.91526 -1.03962 0.360272 -1.94286 -0.778149 -0.0391379 -0.256741 0.362242 -0.119084 -0.0536738 
4.34407 1.79702 3.60181 -0.748979 -0.53325 -1.66847 0.35302 -0.486754 0.248707 0.329034 -0.255355 -0.00577654 
4.31185 0.872377 3.35959 -0.940774 0.809955 -1.14732 -1.02784 0.868809 0.782285 0.260533 -0.134076 -0.0294207 
4.10191 1.04968 2.60234 0.15132 2.22433 -0.420347 1.08396 0.569562 0.621138 0.570981 -0.103178 0.0946851 
4.36696 1.58573 3.89133 -0.663239 2.08072 0.290576 1.73518 0.95894 0.632351 0.436071 -0.310831 0.089861 
3.70946 1.08559 4.0582 0.0643974 1.0724 0.911483 1.34676 0.741347 0.575545 0.24138 0.0806595 0.0993283 
3.95738 0.774557 3.09838 -0.357163 1.6758 -0.000195404 0.824449 1.78086 0.719895 0.48106 0.0775127 0.0296899 
4.51698 1.13855 3.03881 -1.02316 0.832071 -0.160008 0.941902 1.557 1.57032 0.351247 -0.274475 -0.0030598 
4.11067 1.06718 2.25426 -2.20702 0.743174 -0.0888615 2.54829 2.28659 1.27129 0.407925 -0.324391 -0.0129768 
4.1637 0.183787 2.13915 -1.54013 1.28258 0.872542 1.93006 2.01508 1.47336 0.404752 -0.373223 -0.0444168 
4.1884 0.980672 2.9617 -1.84767 0.63108 0.651091 2.1412 1.8394 0.675443 0.310433 -0.322645 -0.0910213 
3.71428 0.407184 2.17577 -0.627597 1.80137 0.3414 1.88844 1.68011 0.959954 0.704401 -0.428639 -0.113845 
3.43908 0.40109 2.96439 -1.14905 1.26995 -0.449061 1.41414 1.38775 -0.0971162 0.176931 -0.245149 0.0315796 
3.25644 0.715441 3.03943 -0.538624 1.26458 -0.190598 1.74914 0.433561 -0.69984 0.138594 0.0930499 0.116198 
3.24874 -0.328853 3.03475 -1.54822 2.01703 0.191618 0.0807938 1.31445 -0.195162 -0.0940583 -0.00846962 0.0956856 
2.87752 -0.284372 2.88514 -1.20211 2.22395 0.334756 0.236653 0.154926 -0.182363 0.372539 0.044344 0.166971 
2.99026 0.326707 3.45336 -1.2714 1.49437 0.0335227 0.108105 0.0343411 -0.449686 0.204663 -0.0752993 0.0977187 
3.21758 -0.14528 2.32917 -1.50571 1.47107 -0.655683 -0.0189198 0.558044 0.148351 0.47218 -0.167114 0.110294 
3.72678 0.257618 3.64848 -0.0947338 3.029 0.561426 1.28913 0.914586 0.302044 0.219491 -0.487578 0.0689556 
3.89243 0.622154 3.84413 -0.765098 1.82028 0.421107 1.02071 0.901857 -0.204315 -0.0614911 -0.177615 0.0342224 
3.90197 0.678383 3.58878 0.612341 2.56891 0.306563 0.73074 0.0582691 0.181292 0.0448531 -0.366963 0.0197143 
3.61452 0.135198 4.24014 0.828514 3.30019 1.3301 0.998568 0.96857 -0.0480198 -0.0455037 -0.367183 -0.0311896 
3.77672 1.02489 4.64076 0.516766 2.36088 0.184917 0.670632 0.703609 -0.635663 -0.183439 -0.177793 -0.051823 
3.55614 0.726738 3.73592 0.949707 3.18414 -0.136019 0.0925314 0.893638 0.0980351 -0.132656 -0.248228 0.0021482 
3.33393 0.329905 3.57542 0.0229042 2.94339 0.522132 0.283153 0.191217 0.413481 0.113269 -0.289652 0.0774874 
3.46753 0.681979 3.82757 -0.222238 2.35753 -0.253587 0.535217 -0.165438 -0.0739699 0.0922933 -0.224487 0.15578 
3.29015 0.486657 3.71315 -0.823664 1.92759 0.437766 0.522883 0.380857 -0.240247 -0.0247152 -0.0195003 0.108283 
3.13691 -0.0614103 2.76048 0.284533 1.72386 0.0758523 0.835904 0.896699 0.214436 0.296676 0.011021 0.0576943 
3.21672 0.292899 3.69754 -1.13234 1.22579 0.0346034 0.870794 -0.238805 -1.12132 0.332158 -0.0222423 0.0837939 
2.74188 0.228757 3.5332 -0.0426993 2.26223 -0.534147 -0.0511694 -0.387177 -0.0525397 -0.00648077 -0.0130339 0.208477 
3.15654 0.150735 2.83841 -0.869611 2.43469 0.056643 0.475994 0.982756 -0.160886 -0.263357 -0.0238003 0.146239 
3.22396 0.269497 3.17609 -0.579624 0.719733 -0.57693 0.55594 -0.331214 -0.148301 0.159873 -0.137886 0.157276 
3.0051 -0.410815 3.08507 -0.33784 1.79454 -0.233886 -0.213687 0.255261 -0.617918 0.15666 0.015746 0.0824087 
2.9239 -0.00095685 2.5625 -0.303527 2.80892 -0.346408 0.132208 0.302047 0.308331 0.33428 -0.0823686 0.154601 
