2.64449 -0.0120039 3.14609 0.683751 1.48495 -0.604746 0.445148 -0.583972 0.0436311 0.348549 0.072036 0.198895 
2.88494 0.179064 2.71701 -0.627224 1.87836 -0.485342 0.151363 -0.390762 -0.992844 0.26626 0.221948 0.210204 
2.8477 0.441375 2.90972 -0.987898 1.72471 -0.277272 0.564193 -0.160585 -0.917585 -0.0202409 -0.0350275 0.182272 
2.98139 -0.0357458 2.71122 -0.677876 2.454 0.0344696 0.227253 -0.499488 -0.386543 0.423561 0.223348 0.264016 
2.89549 0.165828 2.68608 -0.431821 2.32072 -0.252718 0.042239 -0.240135 0.761639 1.07182 -0.09224 0.135837 
3.17913 -0.137845 2.52983 -0.164183 1.34623 -0.368997 1.28596 -0.0402604 -0.611551 0.419352 -0.0424434 0.140846 
2.64677 0.275993 3.48025 -0.517857 1.58346 0.0573956 0.930384 0.0341468 -0.518696 0.120174 0.269428 0.203561 
2.71452 0.237588 2.99269 -0.520005 1.28348 -0.533737 0.923352 0.287954 -0.150807 -0.116049 -0.101443 0.211403 
2.91187 -0.202856 2.83671 -0.864978 2.62354 0.178374 0.0665311 0.833669 0.336685 0.596452 0.100124 0.132239 
2.83544 0.118775 2.53463 -1.36086 1.87797 -0.0103171 0.0251116 0.76593 -0.184786 -0.23252 0.107858 0.192279 
2.59219 0.358616 3.46444 0.34406 2.18525 -0.537111 0.0315193 -1.30212 -0.139336 0.397733 0.138704 0.228081 
2.8418 0.174964 2.45699 -0.0349726 2.51269 -0.708492 0.373054 0.0124069 -0.392031 -0.0210915 0.160128 0.264045 
2.98774 0.0535379 3.53803 -0.471328 1.30701 0.0044472 0.464869 0.501954 -0.485346 -0.137277 0.147707 0.162316 
2.90093 0.225923 2.89651 -0.246574 1.30596 -0.490265 0.880523 -1.20393 -0.384572 0.277176 0.0357499 0.280697 
2.71112 0.425177 3.16409 -1.0455 1.24401 0.525127 0.956281 -0.370437 -0.504074 0.325753 0.0175339 0.158955 
2.68603 0.168926 2.57348 -0.620112 2.02569 -0.313385 0.51687 0.685168 0.334714 0.492888 0.0816081 0.160647 
2.9977 -0.420192 3.17978 -0.527392 2.46801 0.198344 -0.388567 0.68257 -0.397343 0.100116 0.183978 0.119069 
2.85611 0.14026 2.73937 -0.192138 2.48705 -0.468881 -0.401113 0.0377478 0.360031 0.208575 0.168828 0.228039 
3.47011 0.969191 2.94668 0.486806 2.00285 0.110049 0.561353 -0.1255 -0.610506 -0.106499 -0.201828 0.0112147 
4.47793 2.54625 3.30345 -0.18719 0.41281 -0.483908 -1.34198 -0.0438737 -0.334776 -0.14701 -0.0536118 -0.0795962 
5.29969 2.3755 2.27641 -1.06355 -0.873011 -0.121585 0.503732 -0.240039 -1.70254 -0.0595183 -0.0929378 -0.133191 
5.55576 2.70275 2.72459 -2.34223 -0.200969 -2.01844 -0.373558 0.118795 -0.268885 0.576998 -0.0604327 -0.0341968 
5.76492 1.84655 2.55786 -2.7811 -1.26934 -0.96004 0.684841 1.77107 0.1536 0.235324 -0.0196216 -0.150911 
5.03108 1.67887 2.84684 -2.61049 -1.31495 -0.878326 1.17037 1.36946 1.12837 0.537271 -0.0643953 0.0154957 
4.91411 1.54715 2.73417 -1.81844 0.0144108 -1.41329 0.749794 1.41028 1.00108 0.650496 -0.0636379 0.0611199 
4.56336 1.51634 2.88262 -1.38105 0.170456 -0.528307 0.708168 1.26616 0.576149 0.34972 -0.120183 -0.0638488 
3.8387 1.26042 3.45385 -1.38416 0.198511 -0.588462 0.361439 1.03813 0.621601 0.347679 0.00890161 0.0573064 
4.02373 0.631636 2.77085 -0.115307 1.49086 -0.550802 1.40826 1.4242 -0.0483734 1.08459 -0.14617 -0.142868 
4.46146 1.38475 3.2079 -0.563335 1.94789 0.776018 1.16077 1.06055 1.41202 0.413505 -0.301094 -0.00188517 
3.90941 1.63311 2.83624 0.584055 1.83066 1.98631 2.23053 2.33251 0.5176 0.138786 -0.264065 -0.150777 
4.04534 2.21075 2.43836 0.423835 1.92384 1.68099 2.71694 2.38277 0.76399 0.43735 -0.250973 -0.127799 
3.89919 1.60534 2.04836 -0.0837809 1.63545 1.59885 2.03829 2.55655 1.0232 -0.11995 -0.0917254 -0.0400573 
3.79949 1.18059 3.18307 0.466376 2.29486 1.22248 1.52685 1.68944 1.2105 0.113982 -0.188732 0.0145506 
3.94174 0.99412 3.19903 -0.780591 1.43659 0.75166 2.2216 1.29946 1.29361 -0.0597437 -0.258966 0.184454 
3.9361 1.17421 3.16616 -1.03123 1.83801 0.507838 1.82078 1.62841 1.0879 0.609538 -0.0941667 0.102761 
4.07524 1.25659 3.28518 -1.47482 2.06676 1.60618 1.9542 1.57199 0.564637 0.326777 -0.17634 0.0267653 
4.23973 0.915492 3.013 -0.789096 2.18981 1.65942 2.12014 2.17867 0.432735 0.198153 -0.200128 -0.0764081 
3.96477 0.631051 3.15883 0.403455 2.30664 1.24502 2.78986 0.809076 0.520321 1.0045 -0.328763 -0.0316764 
3.55226 0.584671 3.44904 -0.131242 1.47377 0.185848 1.6738 1.13748 0.160425 -0.185765 -0.182476 0.115279 
2.88192 0.614411 4.61389 -0.305282 1.45217 0.672112 1.05892 1.27663 -0.159184 0.197183 0.209161 0.0479144 
3.09932 0.350684 2.89079 -1.80135 1.7731 1.58272 1.96681 2.1272 0.716409 0.476658 -0.183626 -0.0223075 
3.35326 0.855855 3.27934 -1.94754 1.06824 0.5453 1.99114 2.2442 0.298819 0.007016 -0.267917 -0.0527035 
3.39805 0.661074 2.5369 -1.71484 1.97085 0.60166 1.60719 1.91798 0.799502 0.185394 -0.341981 0.0117086 
3.50237 0.466861 3.60203 -1.39842 0.713589 0.360904 1.90091 1.80715 0.26191 0.00371277 -0.230391 0.0142492 
3.36402 1.12918 2.71 0.412733 2.56727 1.40903 2.51537 1.81982 0.599452 0.418667 -0.288229 -0.0188605 
3.62245 1.60562 3.37446 0.944798 2.6178 1.61182 2.41651 1.10962 0.374398 0.358049 -0.243577 -0.026302 
3.85647 1.1073 3.23189 -0.226305 2.49639 1.88482 1.83492 2.16557 0.472147 0.205405 -0.444085 -0.215895 
3.6039 2.00082 2.62695 0.071821 2.01612 1.83761 2.42821 1.5503 0.474595 0.0438192 -0.522594 -0.162285 
3.40703 1.82074 2.95735 0.678153 1.91562 1.6681 1.26676 1.60913 0.781785 -0.103976 -0.269341 -0.0884051 
3.61075 1.11266 3.84065 0.794319 2.74038 1.10477 2.17068 1.54912 0.656018 0.457373 -0.307287 -0.00103346 
3.88228 0.851553 3.42037 0.248658 2.33837 0.903458 1.7494 0.839669 0.606534 -0.00514728 -0.325704 0.0951933 
3.79794 0.706041 2.66243 0.188909 2.70282 0.0174836 1.11818 0.834658 0.40445 0.0847769 -0.155914 0.15647 
3.67755 0.811079 3.64757 -0.515352 1.52072 0.312609 1.37859 1.02802 -0.110759 0.311731 -0.121991 0.024385 
3.28563 0.647762 2.90554 -0.306387 2.15022 -0.275976 0.255847 0.461443 -0.541729 -0.0290634 0.155575 0.155084 
3.06047 0.503832 3.68216 -0.0279712 1.96882 0.167449 0.346089 -0.336303 -0.216487 0.277575 0.013709 0.145764 
2.97618 -0.0184357 3.04632 0.572418 2.36762 -0.246026 0.746171 0.016596 -0.538455 0.0725806 0.0641769 0.185815 
3.28132 0.229718 3.05001 0.660354 1.48031 -0.792089 0.809399 -0.0787455 -0.317818 0.132583 -0.040478 0.163269 
2.89715 0.637531 3.3998 -0.364465 2.91866 0.42172 1.42461 0.596524 -0.12512 0.287144 0.23998 0.24798 
2.94365 0.292728 3.12922 0.462097 2.06095 -0.393203 0.344086 0.260995 -0.261655 0.325351 0.0889638 0.118045 
3.0144 0.342496 2.94377 0.829464 2.84498 0.795386 1.14518 -0.408468 0.281306 0.377875 0.245131 0.231799 
