2.79797 -0.354521 2.82149 -1.30852 0.756156 -0.645499 -0.0545224 -0.213049 -0.937362 0.194571 -0.121033 0.0987229 
2.57582 -0.102416 3.23994 -0.898509 1.286 -0.609566 0.21856 -0.574228 -0.13561 0.134116 0.00918691 0.229746 
2.99241 -0.397178 3.08497 -0.844524 0.775855 -0.463238 -0.495223 0.077924 -0.433557 -0.225238 0.0105014 0.133146 
2.75885 0.0517925 2.53832 -1.8283 1.05575 -0.344759 0.240676 -0.217028 -0.577713 -0.351323 -0.104079 0.177928 
2.5628 -0.357019 2.95206 -1.2499 0.983949 -0.659531 -0.100851 0.239669 -0.122368 -0.26624 -0.304402 0.202838 
2.78412 0.168402 1.57055 -1.26834 1.33858 -0.77973 0.249236 -0.750346 -0.0414273 -0.0954521 -0.125147 0.205918 
2.79444 0.172618 3.09855 -1.12905 0.941082 -1.21247 0.340652 -0.587924 -0.467438 0.038296 -0.100621 0.239798 
3.01429 -0.476955 2.33813 -1.66876 1.43426 -0.503271 0.394023 0.310242 -0.634343 -0.0452407 -0.164014 0.16483 
2.77458 -0.523003 2.64397 -1.0319 0.812833 -0.508283 -0.021042 -0.453079 -0.740562 -0.14221 -0.0965466 0.202129 
2.74868 -0.557706 2.44569 -1.21985 1.61094 -0.263592 -0.923352 -0.0285444 -0.644553 0.16065 -0.00545318 0.0721184 
2.99389 -0.417374 3.30436 -0.668319 1.53153 -0.52598 -0.479361 -0.613226 -0.734637 0.479933 0.0108339 0.0734962 
4.01507 1.8689 3.14631 0.39967 0.578984 -1.83243 -1.11596 -2.10687 -1.31468 0.0847215 -0.261157 -0.0583493 
4.57122 2.90202 3.94259 0.393467 -0.166673 -1.76467 -1.71895 -2.08065 -1.18214 -0.249904 -0.240335 -0.0343095 
5.05005 2.40051 2.14524 -1.90999 -0.325904 -1.42907 -1.44447 -1.1506 -2.06297 -0.581664 -0.126613 -0.0551661 
5.41231 2.07133 2.03377 -2.34111 -0.351757 -0.567844 -0.344229 -0.953551 -1.15247 -0.326199 -0.0961432 0.0348335 
5.57624 2.31425 2.0247 -2.8861 -0.999712 -0.395288 0.592033 0.00809296 -0.145865 0.300171 -0.0227304 0.0332558 
5.40512 1.82277 1.74255 -3.10383 -0.91246 -1.78939 0.282416 0.101761 0.174643 0.672243 -0.0970526 -0.000660963 
4.57891 1.4219 2.87955 -1.75943 -0.329364 -1.41169 0.236468 1.05781 0.264142 0.375825 -0.0111169 -0.0624385 
4.20404 1.16438 2.31566 -1.74323 0.247029 -0.928163 0.495824 -0.0653851 0.363511 0.355111 -0.163563 0.0141862 
3.86516 1.09641 2.77731 -1.84284 1.29311 -1.44048 -0.280925 0.310793 0.176164 0.191393 -0.174572 0.0694766 
4.03735 0.28509 2.95274 -1.56146 0.909852 -0.630976 1.30412 0.931934 0.0176791 0.217893 -0.475318 -0.0282326 
4.09074 1.49184 3.21977 -0.309992 1.92429 0.56599 1.39956 1.14269 0.908371 0.340263 -0.303072 -0.0541162 
4.38928 1.56441 3.2308 -0.312064 2.31167 1.27825 2.08047 3.10373 0.703837 0.0347305 -0.198172 -0.139835 
4.63772 1.17222 3.17561 -0.116963 1.79474 1.65529 2.33432 2.61167 0.844387 0.275315 -0.160083 -0.124277 
4.09596 0.906228 3.18602 -0.359916 1.96195 1.44158 2.29684 2.54485 0.86037 0.308273 -0.280937 -0.126292 
3.9979 0.811305 2.41241 -1.26368 1.78713 1.55965 1.93825 2.32627 1.17729 0.0355188 -0.16717 -0.0141271 
3.83499 0.530656 2.46423 -1.3947 1.25617 1.7276 2.41951 2.44399 1.09756 0.570079 -0.0732831 -0.0738177 
4.02474 0.909971 2.38378 -1.52919 1.34484 0.254687 2.31448 1.88747 0.787237 0.154316 -0.348416 0.000472303 
3.96081 0.803661 3.09091 -1.58131 1.59067 0.540567 1.8986 2.01211 0.947151 0.236864 -0.499604 -0.0923517 
3.66548 0.466736 2.54937 -0.659383 1.6255 0.453431 2.55499 1.67239 0.424297 0.76042 -0.353484 -0.114848 
3.44234 -0.167987 3.41483 -1.23663 1.55236 -0.198791 0.954006 1.75554 0.296264 0.131718 -0.331589 -0.00149181 
2.97263 -0.334137 3.28351 -1.69851 0.738996 0.507899 1.52914 1.77474 0.210298 0.155657 -0.283701 -0.0875874 
2.87111 -0.130392 2.64536 -2.78631 0.985549 0.486869 1.16646 1.52698 -0.0628039 0.430746 -0.110637 -0.0371563 
2.72255 -0.245596 1.97161 -2.36911 0.707931 -0.215097 0.663659 0.289695 0.445923 0.0207823 -0.213135 0.184768 
2.96667 -0.237573 3.21435 -2.04783 1.6008 -0.261392 -0.108507 0.623938 -0.654609 -0.436001 -0.0676983 0.17103 
3.13982 0.0366489 3.86763 -0.289127 2.3652 0.721271 1.38807 0.566498 -0.346203 0.197336 0.0804537 0.154071 
3.5486 0.507182 4.18776 0.97144 3.42381 0.710288 0.492737 0.269295 -0.0259765 -0.310263 -0.0115829 0.180968 
3.43142 0.92323 3.44455 -0.220989 2.56126 0.397229 0.960172 0.792533 0.344476 -0.311171 -0.141405 0.110234 
3.82918 0.75566 3.33999 -0.458968 1.62966 0.545576 2.17885 1.38669 0.530111 0.019105 -0.384543 0.0222299 
3.76766 0.705846 3.8202 -0.853202 1.60036 0.512156 1.48954 1.3449 0.158021 0.109858 -0.184102 0.0230362 
3.48523 0.312419 3.26816 -0.346822 1.85064 0.0425045 0.696021 0.530829 -0.162426 0.280903 -0.227369 -0.0569303 
3.57364 0.630557 3.96935 -0.21369 1.79576 0.0220902 0.65187 0.23062 -0.704944 0.0774455 -0.139214 -0.0215506 
3.2251 0.305315 3.29976 -0.435496 2.11846 -0.124364 0.450986 0.425554 -0.228713 -0.16198 -0.162699 0.0535039 
3.45178 0.576799 3.33397 -0.120258 2.27372 0.0135043 0.242673 -0.368684 -0.567835 -0.123443 -0.0641146 0.0997219 
3.1711 0.145913 2.88477 -0.732709 2.07879 -0.0222279 0.244329 -0.320259 -0.202643 -0.112312 -0.217421 0.149075 
3.11082 -0.120377 3.27721 -0.860584 1.85874 -0.401122 0.446881 -0.0749048 -0.97717 0.016939 -0.14449 0.135918 
2.89652 -0.46477 2.90456 -0.687531 1.56267 -0.483406 0.285152 -0.00156951 -0.342523 -0.0131415 -0.136542 0.18621 
3.23573 -0.36886 3.38354 -0.983526 1.24037 -0.087645 -0.620106 -0.34719 -0.971093 -0.0287003 -0.00973284 0.0311474 
3.08472 -0.16551 3.1079 -1.30107 0.533475 -0.610054 0.112783 0.653 -0.290789 -0.05335 -0.0254534 0.108504 
3.04074 0.0490416 2.2551 -1.17106 1.20117 -1.08638 0.0493529 -0.146592 -0.458426 -0.16685 -0.181683 0.171866 
2.9144 -0.102792 3.0057 -0.953564 1.05073 -0.324767 -0.177895 -0.286982 -0.537785 0.00394143 0.0282173 0.157173 
2.83455 0.145321 2.31686 -1.17327 0.690562 -1.32451 0.9455 -0.166502 -0.650373 -0.0291061 -0.269176 0.181126 
2.84567 0.140218 2.69562 -1.06173 0.808328 -0.680452 0.466178 -0.266589 -0.384959 0.00843481 -0.181921 0.164108 
2.95187 -0.466575 2.98326 -1.02897 0.635995 -0.0751518 -0.151561 -0.333289 -0.582713 0.250641 -0.0892347 0.0088559 
2.82309 -0.0684871 2.93473 -1.0972 1.75234 -0.603267 0.0122496 -0.784684 -0.802301 -0.34361 0.0371707 0.281762 
2.89899 -0.490399 2.10733 -0.794951 1.83875 -0.916192 -0.353249 -0.791076 -0.34887 0.437932 -0.149448 0.155047 
3.02871 -0.212516 2.59454 -0.556809 1.75262 -0.671865 0.00735458 -0.553181 -0.897571 -0.448487 0.00467687 0.241111 
2.90821 -0.216841 2.20826 -1.88818 1.33509 -0.121523 -0.150933 0.43794 -0.0911373 -0.147028 -0.202648 0.11836 
2.40937 -0.314251 2.28531 -1.21364 1.35771 -0.664016 0.0548126 -0.561745 -0.611559 -0.118372 -0.0329773 0.281277 
2.62474 -0.317033 2.73745 -1.39039 1.81657 -0.697691 -0.466697 0.106644 -0.394387 -0.219862 -0.0230042 0.240376 
