2.80116 -0.532934 2.38922 -1.41868 0.405001 -0.813112 0.615602 -0.00408757 -0.859164 -0.153282 -0.187001 0.0510794 
2.6995 0.00865728 2.40161 -1.23623 0.335354 -1.32095 0.475357 0.166126 -0.76407 -0.169361 -0.195857 0.0404111 
3.01358 0.00320966 2.2894 -1.4593 2.17708 -1.52923 -1.22148 -0.349128 -1.21932 -0.466788 0.0241222 0.171475 
2.84599 -0.20274 2.46071 -1.3114 0.551957 -1.4837 0.0861778 -0.502177 -0.603342 0.132057 -0.250081 0.104953 
2.86469 -0.535829 2.81818 -1.87075 0.499245 -0.829572 -0.625977 -0.440911 -1.18959 -0.361375 -0.019278 0.107057 
2.99186 0.173128 3.31274 -1.79084 0.628556 -0.74659 0.0843118 -0.7961 -0.892381 0.11239 -0.181877 0.121506 
2.96976 -0.442966 2.13095 -1.39875 1.49578 -1.54803 -0.472331 -1.2021 -0.769797 0.00662483 -0.273206 0.197161 
2.7818 -0.596992 2.74769 -1.2978 0.838076 -1.00977 0.0421285 -0.24847 -0.734428 -0.301383 0.0529167 0.293453 
3.05144 -0.390932 2.0045 -1.49667 0.942557 -0.577296 -0.0394282 -0.201236 -0.781556 -0.509576 -0.089095 0.157826 
2.647 -0.105705 2.17463 -1.0732 1.76625 -0.674243 -0.0734649 0.404578 -0.445523 0.0218837 -0.165288 0.00252496 
2.96382 0.0447179 3.24074 -0.965578 1.23472 -0.570214 -0.495391 -0.532033 -0.8206 -0.0490772 0.0608947 0.143395 
2.96548 -0.33376 2.99925 -0.684461 1.50999 -0.763913 -0.133904 -1.29776 -0.705925 0.224801 -0.158829 0.200591 
3.01018 -0.258659 3.37197 -1.23484 0.650057 -0.759237 0.367303 -0.471617 -0.846964 -0.00157903 -0.273045 0.0901043 
2.58156 -0.2898 2.14366 -1.31921 0.819605 -0.961795 -0.611675 -0.619033 -0.974804 -0.104462 -0.193382 0.0394113 
2.5031 -0.352698 2.88125 -1.06947 0.927803 -1.24606 -0.157291 -0.580914 -0.620268 -0.0623186 -0.08679 0.20453 
2.97262 -0.458122 2.12905 -1.04185 1.39754 -0.0532693 0.288696 -0.917554 -0.993733 -0.0229656 -0.0174927 0.123631 
3.03296 -0.420085 2.11727 -1.40316 1.26218 -0.63339 0.393604 -0.168278 -0.69816 0.149782 -0.256809 0.00516583 
3.41314 0.794119 3.24603 -0.967366 1.5168 -0.85026 -0.828958 -1.23334 -1.45627 -0.70672 -0.227564 -0.0128994 
4.68922 1.74361 3.87082 -0.385653 0.264895 -1.08736 -2.36269 -1.58384 -1.84935 -0.552403 -0.0909667 -0.139497 
4.8765 3.10329 3.17749 -0.0569002 0.261504 -1.66246 -1.93318 -1.72152 -1.19182 -0.28104 -0.141499 -0.0243988 
5.21385 3.25455 2.66425 -0.712592 -0.38168 -0.86298 -0.569556 -1.18411 -1.24938 0.150774 -0.0175213 0.0171371 
5.37258 3.11273 2.30712 -1.96635 -0.198895 -0.465461 0.00357009 -0.194371 -0.341209 0.398671 0.0818496 0.0417034 
5.48757 2.35392 2.62701 -1.58409 -0.47198 -1.18241 0.390352 0.357702 0.320836 0.826021 0.110482 0.000292127 
5.36829 2.09403 3.3526 -1.2924 -0.308641 -1.20377 0.283216 0.322707 0.501361 0.886164 0.0852075 0.0456177 
4.98801 2.31894 4.03069 -0.38293 0.620311 -1.55543 0.635639 0.604329 0.432523 0.743552 -0.095077 0.0197404 
4.62405 1.8034 3.93855 -0.482327 1.14577 -0.895567 0.257291 0.0373637 0.636089 0.779035 -0.236365 0.0181181 
4.39634 1.33125 4.42422 -0.828555 0.875438 -0.460558 -0.3203 0.889023 0.638054 0.512117 -0.0057351 0.0102846 
3.97523 0.940951 2.53592 -2.33055 0.127099 0.0374873 1.92249 1.46591 0.4237 -0.324954 -0.468219 -0.071209 
4.48209 0.517533 2.49445 -0.831378 2.18894 0.634267 1.98335 1.96218 1.13401 0.310548 -0.494806 -0.0188379 
4.39766 1.40109 2.27727 -0.164075 2.84354 1.62552 1.93488 2.51475 0.814336 0.235841 -0.226543 -0.12263 
3.85329 1.07083 2.45318 -0.103611 2.54002 1.37057 2.32726 1.58212 0.528913 0.0442238 -0.203003 0.0324181 
4.18684 0.562512 2.42153 -0.596533 1.61492 1.53723 2.65982 1.79752 0.623159 0.0244358 -0.253823 0.0147242 
4.05803 0.689052 2.79177 -0.682172 2.30666 1.31434 2.12077 2.60255 0.70388 0.0955497 -0.155995 -0.0108033 
3.96872 0.901736 2.85634 -1.19441 2.55912 0.900719 0.930232 1.76321 0.96947 0.0849553 -0.100704 0.0587923 
3.8807 0.935261 2.7674 -1.17252 1.8922 0.333889 1.9028 2.23602 0.443958 0.192011 -0.205154 -0.0193607 
3.6331 0.78465 3.33986 -0.145582 1.78615 0.451128 1.60955 1.13964 0.250578 0.551038 0.0523734 0.0620037 
3.85268 0.694127 3.31365 -0.65799 1.96531 0.10435 0.528286 0.47092 -0.0954571 0.108907 -0.0263141 0.119866 
3.33494 0.0821073 2.8447 -0.285949 0.597558 -0.00661012 1.9585 0.712297 0.123475 0.609316 -0.253012 -0.0586462 
3.11593 -0.278955 3.13384 -1.07849 1.30465 0.694751 1.33943 1.38385 0.415417 0.435233 -0.265948 -0.074558 
3.17555 -0.225321 2.94747 -2.17696 0.447656 -0.126305 0.782825 1.23199 0.07467 -0.0882755 -0.327967 -0.0193654 
2.97776 -0.0477271 2.9922 -1.37204 0.802877 0.163346 0.83842 0.531321 -0.644015 0.231357 -0.0940199 -0.0817427 
3.21388 -0.19096 2.55218 -1.4876 1.12228 -0.289056 0.559659 0.623951 0.0566966 0.270466 -0.428337 -0.0178225 
3.05 -0.0733825 2.44963 -0.614759 2.22636 0.126398 0.699332 -0.318524 0.154053 0.381783 -0.247787 0.0743892 
3.54659 0.688232 3.27629 -0.90869 2.42391 0.0119293 0.460173 0.0964324 -0.337901 -0.253694 -0.12841 0.139267 
3.21575 0.578387 3.6579 0.4006 2.53954 0.417458 0.670206 0.319313 -0.171812 0.144576 0.191715 0.10707 
3.36305 0.151429 3.43619 0.0458712 2.35494 1.0657 1.87925 -0.100463 -0.524352 -0.237905 -0.371937 0.0817077 
3.71752 0.541447 5.03078 0.886113 1.94913 0.696148 1.16058 0.122559 -0.67118 0.332863 -0.134379 -0.0516671 
3.54182 0.467496 3.78856 1.0422 2.87884 0.684566 0.896384 0.348989 -0.184191 -0.460291 -0.129997 0.109386 
3.21181 0.00560154 3.11088 0.279015 2.78288 0.504896 0.970579 0.532001 -0.280026 -0.0640532 -0.297206 -0.000858583 
3.02075 0.193746 3.49796 0.211843 2.38329 0.665125 0.585957 -0.395267 -0.400201 0.010104 -0.205211 0.0192178 
3.08499 0.258903 3.02504 -0.225457 1.69122 0.0762104 0.0326517 -0.240391 0.307202 -0.368847 -0.111325 0.131105 
2.99472 -0.153496 3.02496 -1.01385 1.2789 -0.305973 -0.135118 -0.657287 -0.770163 0.18089 -0.172884 0.0226602 
2.93779 -0.0229314 2.1571 -0.790901 1.50762 -0.572468 1.15223 -0.767141 -0.287123 0.220967 -0.293254 0.0970013 
2.99277 0.32523 2.88289 -0.631566 1.75763 -0.445049 0.874242 0.262159 -0.323617 -0.325876 -0.139736 0.14139 
3.06199 -0.181701 2.82574 -0.127162 0.998063 -1.48483 0.217024 -0.980704 -0.493382 0.307284 -0.256043 0.111698 
2.7661 0.00319845 2.05165 -2.12967 1.73001 -0.532529 -0.901593 0.0365281 0.195151 -0.102655 -0.276739 0.043679 
2.86796 -0.418297 2.70692 -0.728753 1.60762 -0.530448 -0.0522506 -0.441383 -0.905931 0.127504 -0.244814 0.0377219 
2.8304 -0.252025 2.17677 -1.15088 1.38935 -1.25872 -0.997865 0.278294 -0.85626 -0.189299 -0.0656996 0.054902 
2.98411 -0.880955 2.18168 -0.892253 1.31077 -1.16355 -0.307111 -0.0585986 -0.580057 0.117108 -0.303282 0.0721405 
2.82995 -0.0949237 2.91654 -1.99381 1.30698 -0.679796 -0.453065 -0.399137 -0.858779 -0.147596 -0.161497 0.0844887 
