2.94708 0.412285 2.70919 -0.901622 1.25462 0.0908898 0.0190197 -1.51384 0.0288105 0.1387 -0.0894583 0.277537 
2.8204 0.155424 3.25933 -0.956139 1.7984 -0.489424 -0.650434 0.00288029 -0.693507 -0.428758 0.158488 0.235342 
2.95009 0.24167 2.87564 -0.956935 1.8438 -0.859068 -0.469812 0.0346579 -0.308112 -0.429032 -0.0189904 0.275261 
2.88191 0.0720071 3.21186 -1.51567 1.55001 -0.390593 -0.202295 -0.141974 -0.591824 -0.153606 -0.0261245 0.260653 
3.01983 -0.183116 2.904 -0.66601 1.41307 -0.526991 -0.775897 -0.259906 -0.117508 -0.193607 -0.13467 0.221853 
2.79495 0.230558 2.43787 -0.983084 1.77241 -0.634496 -0.266225 0.187289 -0.988608 0.0576477 -0.0253333 0.137558 
2.76871 -0.170758 2.32256 -0.836436 1.93019 -0.333342 -0.330465 -0.616269 -0.139969 -0.342797 -0.0989424 0.32743 
2.99318 0.249821 2.5536 -0.411292 1.37241 -0.905433 0.662208 -0.670808 -1.2279 0.493449 0.0453278 0.172352 
2.86954 0.183059 2.84003 -1.04603 1.50706 -0.321043 0.0354725 -1.10789 -0.496083 0.235638 -0.143566 0.250942 
3.17017 -0.137688 2.87243 -0.4002 1.70377 -1.00584 -0.673107 0.0136405 -0.519504 0.267961 -0.00783139 0.144599 
2.88365 -0.0696279 2.33209 -0.803499 2.07146 -0.525879 -0.597883 -0.373448 -0.630843 -0.0817325 -0.0320425 0.223512 
3.09629 0.861828 3.1083 -1.17055 1.18151 -1.37028 -0.362683 0.0396074 -0.00673634 -0.306837 0.142654 0.307404 
4.293 2.51454 3.67373 -0.336784 0.273675 -1.36368 -1.57369 -1.71422 -0.990842 0.158915 -0.0632444 0.0464458 
4.73247 2.98599 3.20735 -0.11689 0.489762 -1.28461 -2.22698 -1.35451 -0.97353 0.124056 0.0273975 0.00739102 
5.13283 2.80917 3.1979 -0.764152 -0.901155 -1.75354 -0.481041 -0.486232 -0.171014 0.258508 -0.00729922 -0.014997 
5.47841 2.60049 2.22395 -2.20472 -1.66808 -1.17465 0.120274 0.371144 -0.51398 -0.250319 -0.25324 -0.171027 
5.42753 1.99844 2.32322 -1.83119 -0.90141 -1.61551 0.826707 0.41885 0.0120834 -0.0697805 -0.38806 -0.13722 
4.87338 2.29986 3.39423 -1.66994 -0.228916 -1.05718 -0.288004 0.767134 0.00639326 0.138011 -0.0509029 -0.103577 
4.36701 2.18447 3.77267 -1.3748 0.260034 -1.69774 0.208703 1.17841 0.617796 -0.0636973 0.0133207 0.0939063 
4.78416 1.2844 4.07871 -0.933539 0.695403 -0.886587 0.154624 0.864303 -0.0128807 0.14321 -0.193871 -0.0284224 
4.31889 1.47902 3.84174 -1.49564 0.629516 -1.12177 0.240814 1.03753 -0.207788 0.143494 -0.173687 -0.0272721 
4.04663 0.781247 3.33335 -0.330687 0.655925 -1.50674 0.870355 -0.35085 -0.609213 0.668626 -0.18205 0.0817124 
3.96071 0.639536 2.64944 -1.30824 0.201905 -1.58882 0.4913 0.221913 0.372184 0.714798 -0.356127 0.0379894 
4.52941 0.753134 3.5648 -0.645927 2.06502 0.561002 0.69357 1.57255 0.618471 0.512498 -0.108447 -0.0441612 
4.80402 1.82032 2.96882 -0.627384 2.63357 0.705996 1.21824 1.8205 0.704343 -0.328133 -0.340911 -0.0332734 
4.21896 1.96845 3.42245 1.00669 2.20737 1.00419 1.50291 0.665336 0.00121314 -0.0547709 0.0349208 0.067908 
4.28053 2.05882 2.29029 0.320811 1.79276 0.843424 1.79594 2.59246 1.08996 -0.340997 -0.116587 -0.0220503 
3.87704 1.65255 3.06633 0.307066 1.84218 0.815974 1.75434 1.05057 0.857057 0.0467234 -0.0531298 0.0749713 
4.51916 1.47584 3.47618 -1.33782 1.41759 -0.100037 1.50599 1.78973 0.612778 -0.393431 -0.212639 0.168774 
3.92152 0.882529 2.91347 -0.846616 2.05712 0.90836 2.20644 1.38704 0.844502 0.387578 -0.319616 0.0581061 
3.97157 0.413297 2.61998 -1.5765 1.8765 1.11966 3.05439 2.41668 0.780002 0.857457 -0.365681 -0.0625829 
4.00004 1.06036 2.11265 -2.27145 1.18705 1.2301 2.70598 1.91103 1.41019 0.250004 -0.37971 0.0031658 
3.77309 0.713601 3.1238 -0.726539 1.7849 1.60973 2.44791 2.04633 1.15887 0.617972 -0.385876 -0.0897795 
3.65951 1.29266 3.65833 0.594015 2.11921 1.33053 2.9917 2.5499 0.832076 0.616557 -0.198283 -0.0493529 
3.82693 1.75529 3.13428 0.0543046 3.18545 0.967207 2.00624 1.91825 0.929045 0.0622753 -0.196065 0.0456198 
3.66826 0.691992 3.48709 -0.227105 2.38788 1.76083 2.21708 1.82542 0.207386 0.208245 -0.112155 0.00755057 
3.47158 0.609433 4.31187 -0.417373 0.930967 1.87491 3.2824 1.5435 0.15128 0.828603 -0.3784 -0.161119 
3.22416 0.386467 4.68524 -0.398607 -0.353519 1.42467 3.79604 0.832721 -0.0456556 1.0034 -0.381363 -0.187646 
3.36046 0.307865 3.79464 -0.800213 0.0244045 1.53319 3.52505 1.27542 0.186961 1.16824 -0.315271 -0.19057 
3.00266 0.0566999 4.16277 -1.02196 0.175308 2.30861 2.7836 2.2245 0.385846 0.847813 0.0276135 -0.195186 
3.01172 0.166233 3.93417 -1.15894 0.53906 2.12627 1.88938 1.62602 0.330921 0.565319 -0.0732796 -0.107867 
4.06446 0.282952 3.36046 -1.19884 1.43354 2.04596 1.33384 1.7855 0.177525 0.0456697 -0.157163 -0.164367 
4.0706 0.627284 3.91953 0.214101 2.18024 1.81947 2.2359 1.71523 0.228145 0.425346 -0.238136 -0.11158 
4.20429 0.724693 3.65989 -0.168386 1.80953 1.34176 2.47389 1.98713 0.302417 0.271141 -0.453263 -0.192842 
4.31666 1.06625 3.82808 -0.399051 2.12701 0.465739 2.25259 2.40695 0.482566 0.208773 -0.503506 -0.13187 
4.12815 1.09507 3.33025 -0.234752 2.22691 0.572989 2.17234 2.67482 0.20346 -0.0211555 -0.375081 -0.141702 
3.60364 1.07662 4.07148 -0.291384 2.32908 0.760539 1.25686 1.91942 0.511055 -0.194754 -0.435009 -0.0812001 
3.95855 0.434792 3.82667 -0.308872 1.80174 2.23692 0.991775 1.27654 0.696674 -0.0787126 -0.334715 -0.11254 
3.47255 1.46696 4.09982 -0.478921 1.99236 0.577217 1.18799 1.01478 0.566418 0.109998 -0.300313 0.0150941 
3.50009 0.58402 3.73192 -0.623304 2.09305 0.948314 1.2213 0.733839 -0.510487 0.110173 0.0488327 0.0953222 
3.18079 0.776455 3.89137 0.151598 2.74855 1.0383 1.4223 0.111667 -0.488066 -0.0301258 0.0871148 0.17133 
3.17286 0.445365 4.32388 0.167361 2.18652 -0.103665 0.558016 -0.224815 -0.846523 0.357175 0.185583 0.159009 
3.32669 0.583516 3.68671 0.00512466 2.88769 0.681853 0.191196 1.02966 0.193342 0.063958 0.178933 0.11818 
2.81227 0.274378 3.62325 -0.492302 3.53655 1.27676 0.43402 0.525707 -0.0514907 0.436424 -0.022238 0.0944295 
2.77021 -0.130936 3.49721 -0.752118 1.93224 -0.575953 -0.263868 -0.286623 -0.344743 0.727404 0.0526755 0.181714 
2.90579 0.233731 3.57682 -0.760258 1.61717 -0.119114 0.0979088 0.0659583 0.185033 0.061713 -0.0611947 0.213891 
3.13372 -0.139967 2.37664 -0.714689 1.80509 -0.334815 0.978912 -0.237345 -0.394313 0.20738 -0.00122053 0.28522 
2.82449 0.0256988 2.96569 0.011665 2.69344 0.000514739 0.675865 0.229016 -0.468392 0.404211 0.196953 0.172853 
2.95187 -0.00377463 3.78786 -0.39699 1.401 -0.546914 -0.139483 0.869974 -0.121182 0.215627 0.1431 0.12691 
3.08897 0.47119 3.68902 -0.292563 2.41504 -0.0226478 0.129751 0.722836 -0.5965 -0.097581 0.273941 0.146578 
