2.78918 -0.290466 2.34439 -0.786171 1.4913 -0.546532 0.014672 0.61112 -0.146111 0.302502 0.0467034 0.14208 
2.81174 -0.00958855 2.666 -0.994549 1.81215 -0.511999 0.142646 -0.175197 -0.581424 -0.216809 0.118847 0.297139 
2.79839 0.152536 2.53101 -1.14433 2.22503 -0.235621 0.142245 -0.39407 -0.551376 0.202565 0.0715355 0.236178 
2.99136 -0.0474899 2.31607 -1.0674 1.17195 -0.806964 0.700084 -0.304571 -0.373093 0.156901 -0.152402 0.25359 
2.83351 -0.148972 2.57185 -0.52636 1.56898 -0.997956 -0.329112 -0.12332 -0.681844 0.509222 -0.0609212 0.120597 
2.82018 -0.27461 2.91971 -1.09407 1.58697 -0.0359809 0.423962 0.155093 -1.0472 0.317614 0.0527081 0.11413 
2.94521 -0.178627 2.4905 -0.759343 1.75171 -0.34539 -0.193467 -0.854673 -0.517458 0.396509 -0.089457 0.188035 
2.7519 0.0992516 3.06197 -0.627907 2.5045 0.741536 0.484738 -0.708438 -0.48118 0.0183539 -0.0862359 0.191233 
2.85403 0.101981 2.85305 -0.863752 1.9597 -0.411493 -0.676188 -0.225509 -0.322577 -0.270892 0.080824 0.235691 
3.0371 -0.416223 3.11505 -0.613332 1.74568 -0.123918 0.636621 -0.451047 -0.178748 0.621629 -0.160133 0.191723 
3.10537 0.450369 3.04896 -0.614739 0.85151 -1.02473 0.472536 0.00746063 -0.77816 0.221325 0.0834392 0.147519 
2.91906 -0.0293056 3.32955 -1.01288 1.94371 -1.04098 -0.103039 0.872704 -0.422967 0.0976758 -0.0420712 0.178463 
2.97243 -0.329039 2.20019 -0.193954 0.956055 -0.58788 0.534527 -0.360357 -0.517726 -0.163918 0.0919589 0.275795 
2.75188 -0.46632 2.91379 -0.837631 1.73978 -0.804149 -0.326707 -0.0256772 -0.626936 0.209229 -0.0528144 0.212402 
2.71148 -0.377972 2.46802 -1.48815 1.95352 0.11431 0.0950338 0.261572 0.0800234 -0.0852946 -0.160769 0.244164 
2.89348 -0.199371 2.7451 -0.715247 2.24574 -0.47307 -0.729058 -0.59462 0.061428 0.14209 -0.0258945 0.253827 
2.93082 0.0520881 3.00642 -0.591659 0.97918 -0.173035 -0.072064 -0.772482 -0.462104 0.139888 0.184978 0.225755 
3.24269 0.0997358 3.32925 -0.47226 0.960249 -0.829812 -0.139421 0.510175 -0.684005 -0.0941771 0.0521763 0.0999607 
4.33788 1.5317 4.91478 0.349564 1.2241 -1.21682 -1.69839 -1.00814 -0.473183 -0.153065 -0.303152 -0.00249887 
4.5686 2.41363 3.80123 0.228139 -0.0836548 -1.29389 -1.03656 -1.47548 -1.31237 0.151623 -0.101096 -0.0581928 
4.57936 2.92634 4.11242 -0.121238 0.370957 -1.58945 -2.01014 -1.29525 -0.807534 -0.0813464 -0.0653741 0.00620884 
4.79947 2.37292 4.52873 0.0142245 0.215813 -1.28505 -1.4709 -1.09809 -0.86947 0.179202 -0.0427356 -0.0370278 
5.18765 2.53226 3.82205 -1.15448 0.466892 -1.68365 -0.962412 0.64834 0.776485 0.0770761 -0.0148718 0.0558086 
5.17666 1.67834 4.205 -1.99774 0.00455324 -1.30195 0.10458 0.963894 0.24389 0.952427 -0.024811 -0.0408061 
4.77749 1.37598 3.89926 -1.1217 0.306539 -1.78801 -0.462733 1.33903 0.194274 0.548559 0.0827869 -0.0287684 
4.39111 0.898369 3.43647 -1.52996 0.92801 -0.275864 0.243377 1.04289 0.490645 0.686664 0.087492 0.0520393 
3.80496 1.33347 3.48033 -1.28464 1.01514 -0.985115 0.283635 1.38147 0.286687 0.500165 0.10497 0.0305092 
3.83737 1.0444 2.61893 -1.99094 0.806748 -0.741457 0.634204 0.911116 0.988526 0.802892 -0.166477 0.0240451 
4.17837 1.07958 2.74493 -0.904922 1.65004 0.860139 2.01292 1.7631 0.69351 0.545601 -0.208792 -0.0768994 
4.05513 1.47863 2.44461 0.240026 1.71043 1.72805 2.50185 2.0304 0.926366 0.279995 -0.288861 -0.123614 
4.14844 1.52832 1.64113 -0.657308 1.56595 2.43056 1.98464 2.29892 0.922735 0.153439 -0.193675 -0.13701 
3.88781 1.2266 2.60908 -0.987364 1.69805 1.45625 2.17618 2.46014 0.82569 0.157264 -0.165231 -0.084012 
4.06583 0.691313 2.6235 -1.09837 0.72626 1.24935 2.38566 2.53233 0.712317 0.244434 0.045991 -0.0370243 
4.08211 0.69713 2.2238 -1.66437 1.65914 0.811042 2.4078 1.30642 0.683705 0.691934 -0.187562 0.0706587 
3.85022 0.733708 2.72321 -1.46763 1.996 0.471754 2.05688 1.93548 0.568602 0.297424 -0.274256 0.0227448 
3.82517 0.491698 2.8647 -0.446399 1.82835 0.51269 1.97614 1.35737 -0.0279659 0.514253 -0.0969766 -0.0159073 
3.03298 0.454777 3.26079 -1.66029 1.17288 0.0716176 1.23526 1.35087 -0.281696 -0.128646 -0.0233015 0.0530473 
2.73997 0.00728492 3.06254 -1.22066 1.76386 0.570186 0.50318 1.28681 -0.261684 0.318881 -0.167827 -0.0566489 
2.911 0.571042 3.54642 -1.42528 2.09363 -0.14062 0.735281 0.609065 -0.875129 -0.0376964 0.150896 0.150442 
3.32583 0.0384393 3.2181 -2.16807 1.7471 0.745169 -0.04262 1.57128 0.428844 -0.125624 -0.273835 -0.0657029 
2.80823 0.265324 3.06287 -1.30855 2.19856 0.785401 1.15891 0.899444 0.298011 -0.0855248 0.0292062 0.182682 
3.46372 0.75436 3.54282 -0.363664 3.00408 0.620468 0.653755 0.0149426 0.0570949 0.318595 0.0613679 0.194134 
3.29239 0.698102 3.19669 1.03373 3.09684 0.21336 1.76461 1.56583 -0.00656329 0.618008 -0.157751 -0.00588314 
3.76204 0.745974 3.81211 -0.231839 2.32795 0.348908 1.09246 0.508414 -0.515987 0.345076 -0.129524 0.0135709 
3.60531 0.905861 3.71837 0.0977176 2.58697 1.09075 1.41771 0.186828 0.343768 0.35721 -0.300522 0.0523823 
3.43848 0.666941 3.95215 -0.343257 2.85467 0.464341 0.0761721 0.250145 -0.112471 0.117152 0.0723118 0.132455 
3.53364 1.18188 3.49668 0.0416441 2.9698 -0.40663 0.664015 0.493201 -0.373572 -0.250018 0.0738207 0.200271 
3.15585 0.637576 3.61335 0.0222888 2.97498 0.207473 0.921368 0.923214 0.256687 -0.0476248 -0.172427 0.12187 
3.6376 -0.100937 4.06779 0.129179 2.46416 0.262285 -0.0815871 -0.0596875 -0.522914 0.0534876 0.0395693 0.150155 
3.27976 0.0841511 2.96214 -0.640933 2.41639 0.491766 0.222993 0.301409 -0.116158 0.376135 -0.233596 -0.00404192 
3.34185 0.270748 3.32039 -0.810737 1.47693 -0.34747 -0.144643 -0.138724 -0.345728 0.496299 0.244706 0.177355 
3.31581 0.339334 2.53367 -0.210876 2.01561 -0.203448 -0.0722849 -0.579829 -0.461467 0.337088 0.157899 0.160572 
2.88003 0.00818005 2.59344 -0.878841 2.47389 0.319774 -0.0550434 0.0620818 -0.178577 0.233577 0.149194 0.15158 
2.78765 -0.12257 3.06179 -1.22601 1.39447 -0.372148 -0.715062 -0.0553108 -0.174673 -0.0802746 -0.0506111 0.213033 
3.20919 -0.145785 3.1176 -0.878501 1.70594 -0.321965 -0.547136 -0.129257 -0.532564 -0.228246 0.0667684 0.222946 
3.22578 0.0524269 2.80746 -0.821705 1.51963 0.027436 0.895521 1.36832 -0.086054 -0.0238795 -0.00925604 0.0770224 
2.59693 -0.571614 2.87451 -0.58502 1.79711 -0.609998 -0.120262 -1.08706 -0.418458 0.301685 -0.000514206 0.338813 
2.86763 -0.269488 2.48161 -0.481152 1.8875 -0.343907 1.01676 0.357097 -0.613247 0.0730168 0.0819516 0.220258 
2.9423 -0.284997 2.51499 -1.18492 1.49914 -0.207907 -0.557223 0.235546 -0.157372 0.069932 -0.0929245 0.13989 
3.40233 -0.0534919 1.75964 -1.18038 3.04456 -0.671511 0.639371 1.0753 0.522445 0.170975 -0.354177 0.133521 
