3.02055 -0.208706 2.34242 -1.0391 2.07341 -0.336139 -0.296465 -0.898755 -0.634321 0.0301282 0.0179595 0.271897 
2.77368 -0.230725 1.98571 -0.691646 1.03365 -0.72552 0.377233 -0.996163 -0.372344 0.288518 -0.0285764 0.236239 
2.83558 -0.20644 2.46897 -1.06926 1.66298 -0.624204 -0.260945 -0.536984 -1.00288 0.153996 0.0804161 0.209104 
2.89932 -0.182597 2.43604 -0.340111 1.32178 -0.740563 0.17957 -0.905183 -0.682046 0.113862 0.0138784 0.208743 
3.05769 -0.488969 2.02717 -1.07825 1.39296 -0.245919 -0.0543855 -0.705406 -0.539756 0.0430201 -0.0774122 0.234919 
2.81375 -0.548809 3.0934 -1.0021 0.813709 -0.909179 -0.217101 0.573271 -0.44844 -0.227398 -0.122503 0.193996 
2.66452 0.31609 3.10771 -2.02086 1.81757 -0.420221 -0.560167 -0.214857 -0.412971 -0.0498035 0.0961604 0.236713 
3.00612 -0.267918 3.18623 -1.50964 1.1585 -0.427312 0.272855 -0.15401 -0.964287 0.129686 -0.10041 0.151548 
3.08019 -0.16945 2.39576 -0.778283 1.4547 -0.891805 -0.232702 -0.0167823 -0.628252 0.012253 -0.0910922 0.115824 
3.07926 -0.162779 2.63947 -0.604484 2.54766 -0.370485 -0.355952 -0.23591 -0.176865 -0.234272 -0.107797 0.199817 
3.03219 0.30686 3.05004 -1.03248 1.81482 -1.15408 -0.249021 -0.187346 -0.552459 0.174168 -0.189016 0.131802 
2.65879 -0.0345822 2.58867 -0.913699 1.67957 -0.0221898 0.196721 0.0116515 -0.257735 -0.0612409 -0.0726246 0.0991881 
2.91187 0.0917707 2.83038 -1.45377 1.56551 -0.693434 -0.485679 0.012364 -0.800537 -0.048418 0.0776919 0.155791 
2.78266 -0.320497 2.67145 -0.660664 1.36878 0.0201981 0.72274 -0.263433 -0.58999 0.144218 -0.116956 0.0967096 
2.73144 0.107239 3.19677 -0.389351 1.38124 -0.844482 -0.231811 -0.474638 -0.724137 0.187916 0.0825542 0.14156 
2.88236 -0.291951 2.59234 -1.23402 2.04999 0.473394 -0.862139 -0.552465 -0.679957 0.538566 -0.0324738 0.00790465 
3.4244 0.457751 3.80873 -0.306993 1.47574 -1.41196 -1.36491 -1.31107 -1.40112 -0.514013 -0.131373 0.0435249 
4.98003 1.463 3.93597 -0.526116 0.300435 -2.28502 -1.67824 -1.94215 -1.51915 0.05789 -0.29165 -0.0395366 
4.88888 1.63113 3.18358 -1.77857 0.236737 -1.64355 -2.31153 -1.42729 -1.86156 -0.436756 -0.0445332 -0.0652464 
5.21185 2.00562 1.57013 -2.78664 -0.409876 -1.60573 -0.690192 -1.02489 -1.72473 -0.333801 -0.140026 0.0128631 
5.06699 2.49026 1.8487 -1.79089 -1.22066 -1.54259 -0.293586 -0.823705 0.0372287 0.258906 -0.0155997 0.0125174 
4.91703 2.46777 1.57202 -2.39065 -1.45484 -1.57359 0.794109 -0.0979417 -0.0810841 0.597857 -0.0580256 -0.0420618 
4.87297 1.54756 2.81351 -2.14199 -0.347308 -2.17941 -0.567934 0.807494 0.103114 0.507646 0.025752 -0.0136862 
4.68385 1.63577 3.49597 -1.72061 0.515076 -1.42288 0.154341 0.502745 0.126471 0.815457 -0.108137 0.00154395 
4.13067 0.943821 3.49214 -1.35985 0.872726 -1.43824 -0.10797 1.14151 0.761932 0.468438 -0.26867 -0.013876 
3.9652 0.475041 2.87331 -0.9153 0.726412 -1.36615 1.19445 1.16626 -0.15873 0.84067 -0.0533312 -0.0255855 
4.48272 1.02141 3.12047 -0.647024 2.26231 0.946786 1.46694 1.37465 0.950904 0.456473 -0.357051 -0.0573681 
4.01992 2.03714 2.23635 0.219646 1.99486 2.37017 2.30722 2.03446 0.239328 -0.0641082 -0.199311 -0.077703 
4.35155 2.01683 0.688012 -1.51357 1.29473 3.07336 3.12983 1.85936 0.161837 0.16945 -0.221962 -0.0438856 
4.2067 1.55206 1.87943 -1.02046 1.42609 1.86955 2.45546 1.94223 0.720301 0.178564 -0.251494 -0.111406 
3.79556 0.842598 1.74325 -1.59148 2.03908 1.52722 2.01179 2.2393 0.919042 -0.0617709 -0.0812248 0.0198669 
4.22479 0.433002 2.80715 -0.91043 2.16941 1.18013 2.00641 1.67329 0.990546 0.686368 -0.25889 0.0115531 
3.78298 0.700874 2.87164 -0.852579 1.78858 0.907299 2.44927 1.71267 0.290841 0.610018 -0.0786435 0.0194206 
3.86382 0.729975 3.09999 -0.483043 2.75868 0.273255 1.1793 1.45118 0.102093 0.149698 0.00509642 0.137591 
3.82473 0.535576 3.85383 -0.37735 2.12223 0.254459 0.881684 1.56371 0.207807 0.524264 0.0263551 0.0206076 
3.49021 0.228313 3.60894 -0.63311 1.62095 -0.234847 0.355603 0.902806 -0.668068 0.571193 0.0971493 -0.0416503 
3.40267 -0.000685251 4.02604 -1.30822 2.07978 0.35521 0.360502 0.390577 -0.849571 -0.0766569 0.0741537 0.188187 
2.92049 -0.229517 3.48367 -0.393286 1.70247 0.159001 0.553653 -0.0599272 -0.856953 0.465247 0.145942 0.0611355 
3.00949 0.013998 3.21995 -0.487548 2.23847 -0.89514 -0.214339 0.15619 -0.961471 0.0502633 0.0801927 0.135734 
3.17399 -0.217966 2.75065 -1.23445 0.898875 0.0449616 0.505563 0.198238 -0.573488 -0.120899 -0.0895664 0.0977413 
3.27656 0.156633 3.20007 -0.593185 0.99898 -0.445751 0.806885 -0.661407 -0.874032 -0.222479 -0.0386008 0.193872 
3.41092 0.627921 3.31297 -0.350678 2.17867 -0.263963 0.586484 0.405796 -0.252307 -0.419924 -0.152642 0.116631 
3.57275 0.269967 3.88151 -0.0152141 2.0133 -0.238947 0.175125 -0.0506244 -0.656299 0.081724 -0.00815023 0.0513415 
3.316 0.323935 3.40675 -0.0471001 1.90795 -0.874936 0.323262 0.81437 0.163559 0.159792 -0.360565 -0.00186361 
3.38685 0.642857 3.30896 -0.00184152 2.00591 -0.636454 0.810289 -0.211041 0.305844 0.0213125 -0.213667 0.192494 
2.98151 -0.0217819 3.63938 0.261099 2.8761 0.357046 0.353579 0.0184987 0.320105 0.139128 -0.16463 0.15542 
3.37137 0.445587 3.91991 -1.34122 1.60714 0.116168 -0.138504 -0.23906 -0.388442 -0.0038819 -0.097118 0.133864 
3.0044 0.0369327 2.81225 -0.85387 1.23345 -0.37246 0.621838 1.26945 0.00865732 -0.0152087 -0.158147 0.0198841 
3.14237 -0.311264 2.83252 -1.55784 1.83612 -0.206202 -0.286916 0.049585 -1.02854 0.214339 0.0370032 0.114471 
3.02596 -0.30483 3.20948 -0.774671 1.75022 -0.462861 -0.0430136 0.332096 -0.17284 -0.056415 -0.391105 0.0748864 
2.77822 -0.419645 2.69772 -0.749666 1.13997 -0.600882 0.796834 -0.376509 -1.02069 -0.00353262 -0.0129423 0.254748 
2.98668 0.0774089 2.71923 -1.65474 1.29397 0.11075 0.137989 -0.131371 -0.624805 -0.126444 -0.0452467 0.133234 
2.99261 -0.443008 2.36631 -1.2696 1.90762 -0.481588 -0.260334 -0.182913 -0.423679 0.164817 -0.0850054 0.18758 
3.056 0.0425744 2.51609 -1.43966 1.54244 -0.403234 0.241877 -0.75651 -0.683777 0.0602906 -0.125986 0.222922 
2.92352 -0.371416 2.51063 -1.10337 1.65293 -0.683544 0.0107001 -0.865038 -0.266695 0.146727 -0.133908 0.311242 
3.03046 0.0913876 2.47872 -0.762365 0.974717 -0.818859 1.21414 -0.651598 -1.07405 0.247808 -0.0109337 0.204651 
2.94652 -0.262562 2.03229 -0.941468 1.05429 -0.679081 0.20665 -0.853981 0.00501471 0.158973 -0.224683 0.243273 
2.81497 0.123441 2.40621 -1.20436 1.32147 -1.23772 0.229111 0.127724 -0.188269 0.0345069 -0.336304 0.155068 
2.88539 -0.320947 2.28637 -1.56268 1.41304 0.302866 0.28265 -0.289661 -0.42745 0.0221647 -0.0439578 0.19354 
2.91832 0.106966 2.88503 -1.62884 0.439307 -0.972254 0.297748 0.463007 -0.333314 0.0732081 -0.061981 0.13495 
