2.76452 -0.142098 2.33231 -0.534225 1.07942 -0.929375 0.270467 -0.692778 -0.292761 -0.664222 -0.0216281 0.332181 
2.67653 -0.474084 2.84754 -1.34395 1.32544 -0.0817012 -0.583168 -0.0700097 -0.931877 -0.0499581 0.128051 0.125376 
2.7401 -0.413938 2.56548 -0.660758 1.16574 -1.05418 0.133808 -0.287394 -1.24524 0.19607 0.0439461 0.176139 
2.93541 0.106334 1.81448 -1.50141 1.46595 -0.610179 0.367596 -0.595435 -0.800582 -0.140227 -0.216348 0.188534 
2.89195 -0.354219 2.93065 -1.13483 1.04438 -0.311638 -0.43396 -0.145744 -0.534413 -0.423372 -0.0766355 0.209873 
2.88726 -0.214115 2.62206 -1.03757 1.08969 -0.872847 -0.179837 -0.97973 -0.0703695 0.160048 -0.113296 0.273975 
2.69215 -0.0975066 1.80405 -1.02589 1.52688 -0.558022 0.569242 -0.640565 -0.0876232 0.0833706 -0.153504 0.215226 
2.51442 -0.0928079 2.86977 -1.30186 1.43566 -1.04929 -0.22588 -0.159761 -0.395918 -0.0111844 -0.0868421 0.276124 
3.06507 -0.107106 2.3054 -1.32399 1.17875 -0.268973 0.492678 -0.335028 -0.0605992 -0.0200165 -0.298268 0.145969 
2.9572 -0.196525 2.26446 -1.06166 1.9675 -1.07372 -0.103557 -0.98897 -0.595028 -0.282593 -0.13718 0.349655 
2.79175 -0.354416 2.51331 -0.274054 1.346 -1.00985 -0.192878 -0.660998 -0.593821 0.078773 0.098484 0.228341 
2.78604 -0.10475 2.11768 -1.11852 0.120881 -1.12534 1.25915 -0.504165 -0.47093 0.263289 -0.187141 0.173255 
2.64097 -0.045245 3.24489 -1.07601 1.10746 -0.73709 -0.232308 -0.51431 -1.01262 0.263446 0.137562 0.122571 
3.02215 0.142427 2.74311 -2.12129 1.14737 -0.264903 0.587634 0.440404 -0.12329 -0.0801418 -0.14747 0.177593 
2.67274 -0.0580459 3.0715 -1.60698 1.09541 -0.565868 -0.108185 -0.443819 -0.841374 -0.236779 -0.0153462 0.231713 
2.85235 -0.425792 1.84596 -0.952578 1.31886 -0.240472 -0.447836 -0.123331 -0.451674 0.18968 0.0114262 0.0848965 
3.02299 -0.11165 2.2359 -0.889756 0.262888 -0.706122 0.502937 0.0827476 -0.429838 -0.116424 -0.155026 0.129102 
2.77886 0.0972813 2.24977 -0.601046 1.44284 -1.03724 0.246481 -0.465082 -0.226887 -0.123402 -0.0879416 0.22122 
2.76318 -0.193958 3.66186 -1.62296 0.831167 -0.375505 0.154451 0.368583 -1.22422 0.287728 0.206313 0.056702 
2.86968 -0.0830909 2.13945 -1.06105 0.745111 -0.461707 0.146953 -0.506926 -0.561304 0.0220271 -0.120802 0.133006 
2.58262 -0.366939 2.24724 -1.35418 1.10128 -0.134896 -0.0548214 -0.207346 -0.407624 0.264724 -0.0663793 0.132647 
2.8011 -0.303528 2.654 -1.73204 1.37284 -0.383577 -0.703052 -0.205462 -0.628925 0.178023 -0.0571353 0.129209 
2.86855 -0.414452 3.0673 -1.50887 1.3324 -0.622299 0.019381 -0.019597 -0.13325 0.169945 -0.0836325 0.259332 
2.92734 -0.343775 2.78465 -0.793864 1.25326 -1.18107 -0.309539 -0.548983 -0.669166 0.394219 -0.104189 0.177244 
3.17935 -0.24398 2.56327 -1.56252 1.22087 0.0388876 -0.448815 -0.376892 -0.865114 -0.323227 0.0475363 0.197785 
2.81697 -0.191882 3.00468 -1.72655 1.1275 -0.379812 -0.0834866 0.197859 -0.469438 -0.299188 -0.0807477 0.197054 
3.6048 0.831699 4.16529 0.440488 1.76568 -0.997557 -0.102323 -0.764291 -1.41582 -0.0993079 -0.250555 -0.0415338 
4.14485 1.23727 3.32893 -0.476162 0.844824 -2.07313 -1.41625 -1.6403 -0.7365 -0.294224 -0.390786 0.0357976 
5.52389 1.81822 3.86336 -1.71498 -1.43912 -2.4108 -1.61493 -0.649965 -0.762379 0.147004 0.0580171 -0.0215829 
5.59314 2.15044 2.989 -2.45294 -1.42671 -1.9618 -0.407041 -0.708416 -0.58862 0.323687 -0.153271 -0.0519534 
5.52249 2.1777 3.16112 -3.06595 -1.20682 -1.4297 -0.661111 0.729909 -0.292075 0.339617 0.0793151 -0.129437 
5.02151 2.37615 2.79095 -2.33195 -0.5995 -1.72618 -1.03673 -0.455584 0.398139 0.100586 -0.169448 -0.0332036 
4.93529 2.37629 3.46023 -1.05557 -0.0205942 -1.65769 -0.256901 0.33406 0.30344 0.504109 -0.0338263 -0.0196117 
4.46061 1.41753 3.55689 -1.61085 -0.522814 -1.38285 -0.223845 0.129072 -0.1176 0.600614 -0.0765389 -0.0767248 
4.53156 1.15552 2.60105 -1.57678 0.68239 -1.71622 -0.126688 -0.553606 -0.111173 0.989221 -0.253912 -0.0242757 
4.10766 1.25574 3.41282 -1.02022 0.576072 -0.510672 0.122712 0.8829 -0.140532 0.366913 0.0788903 -0.035861 
3.61546 1.21703 3.28857 0.503995 1.68252 0.280087 -0.151043 0.597185 0.696748 0.494698 0.156993 0.0441779 
3.77351 1.68997 3.44645 0.336985 2.18794 1.91891 1.83599 1.76549 0.625737 0.233059 -0.0405534 -0.0216317 
3.70089 1.77228 3.93336 0.551438 1.26468 0.960729 1.00959 3.50823e-005 0.47272 0.628353 0.166885 0.113283 
3.61474 0.959643 3.01517 0.00304295 2.16989 0.320257 1.62523 0.863174 0.72132 0.444014 0.00387798 0.142189 
3.97215 1.01389 3.1187 -1.36472 1.84114 0.263028 1.31233 1.15091 0.765093 0.796882 0.0586016 0.161198 
3.85162 0.560889 2.81014 -0.730227 1.99619 0.178512 1.5614 2.3741 0.691287 0.714986 0.0936867 0.0333393 
3.8553 0.752445 3.32554 -0.67872 1.8814 0.553857 1.243 1.1755 0.811809 0.755659 0.0192131 0.0969581 
3.84103 0.717547 3.83327 -0.144132 1.34322 0.373509 1.23442 1.23894 0.933075 0.510219 0.00263516 0.104583 
3.28135 0.731499 3.62738 -1.12143 2.25737 0.549771 0.84841 1.24944 -0.164332 0.781199 0.346335 0.0767302 
3.30469 0.757887 4.46927 -0.677212 1.77353 0.748919 0.845382 -0.522754 -0.902454 0.701746 0.202313 0.113926 
3.1366 -0.122296 3.96741 -0.135398 1.3291 0.814195 1.74172 1.18516 0.274294 0.551627 -0.0548691 0.0298058 
3.13274 0.369298 3.85002 -0.793846 1.59166 0.00757641 0.448745 0.14827 -0.880351 0.269736 0.291967 0.127229 
2.9938 -0.379265 2.40231 -0.945302 0.991206 -0.0278025 1.28048 0.549738 0.0113132 0.251279 -0.100827 0.116549 
3.39313 -0.113165 2.74468 -2.0555 0.0751683 -0.265546 0.687455 0.945751 -0.0443645 0.483558 -0.381618 -0.141945 
3.06234 -0.0265189 2.28882 -1.63404 0.570228 -0.328533 0.145668 0.127684 -0.760052 0.00513616 -0.146955 0.0531012 
3.4021 0.450286 3.23984 -0.682699 1.81173 -0.22821 1.21666 0.379857 -0.13645 0.247381 -0.109974 0.138008 
3.403 0.924757 4.66817 0.0818543 1.90171 -0.252104 0.962112 -0.604807 -0.766364 0.260761 0.015404 0.17281 
3.32203 0.510231 4.4024 0.659635 2.1642 0.763165 0.951298 0.601371 0.101078 0.179095 -0.199255 -0.00148743 
3.61267 1.30045 4.55736 -0.665362 2.40284 0.398892 -0.487324 -0.856426 -1.07748 0.0458819 -0.0852324 -0.0111131 
3.55685 0.619202 3.71411 -0.13741 2.01001 0.416172 0.418027 -0.680773 -0.660831 -0.20805 -0.128684 0.0522186 
3.40653 0.32092 3.77213 0.849066 1.87766 -0.448687 0.601169 -0.546813 -0.2763 0.162481 -0.164018 0.0607073 
3.43258 0.227227 3.30955 0.132232 1.95468 -0.201241 -0.197214 -0.890133 -0.785435 -0.102807 0.171113 0.157822 
3.27629 0.294486 2.3742 -0.633015 2.71811 -0.0746662 0.361393 0.357939 -0.23817 -0.549625 -0.163943 0.13185 
2.98938 0.105544 2.79109 -0.447041 1.8025 -1.43904 0.202335 -0.694835 -1.01003 0.29887 -0.0440096 0.210876 
