2.95396 -0.278915 2.90002 -1.14345 1.52106 -0.247788 0.296334 -0.906127 -1.18025 0.452139 0.0192666 0.204206 
2.63538 -0.395267 2.65885 -0.944365 1.8716 -0.651526 0.241761 1.06314 -0.0852195 -0.108343 -0.101162 0.182434 
2.77112 0.214885 2.43707 -1.14979 1.24412 -0.755649 0.49851 -0.598016 -0.46151 0.0979215 -0.0757609 0.256859 
3.07501 -0.0207954 2.72235 -1.19419 1.41093 -0.30812 -0.35664 -0.372022 0.012199 -0.0119832 -0.115849 0.214088 
2.88942 -0.270809 2.29283 -0.778006 1.08057 -1.34974 0.820466 0.0514867 -0.193176 0.46053 -0.186688 0.21799 
3.08274 -0.483335 2.26048 -0.967242 2.08264 -0.134825 -0.325963 -0.130683 -0.49141 0.295371 -0.098443 0.106524 
3.10538 -0.200396 2.50386 -1.10995 1.88561 0.157997 0.287197 0.279189 -0.228261 -0.165707 -0.0800226 0.164341 
3.05816 -0.0591202 2.47792 -0.770677 1.6139 -0.659868 -0.860402 -0.0962037 0.112798 0.11582 -0.193283 0.116081 
2.8468 -0.272665 2.35447 -0.83034 2.22408 -0.685183 -0.257392 -0.712895 -0.693721 0.142214 0.0143404 0.27937 
2.75791 -0.237472 3.08083 -0.815416 1.17806 0.625472 1.80598 -0.533933 -0.715696 0.207485 0.0205903 0.20972 
2.99615 -0.376209 2.05277 -1.44378 1.80416 -0.511688 -0.00185124 0.06272 -0.580398 0.235018 0.0483294 0.232022 
2.7809 -0.164777 3.22679 -0.978372 1.68891 -0.313077 -0.482419 -0.360414 -0.921678 -0.00219754 0.199482 0.184585 
3.144 -0.664487 2.15942 -1.37299 1.4947 -0.80402 0.207154 0.41115 -0.473312 0.0949917 -0.135763 0.238374 
2.77166 -0.322692 3.0915 -0.328825 1.61921 -0.81504 -0.0293908 -0.857833 -0.678367 0.443897 0.0265083 0.207946 
2.67475 -0.085614 2.38267 -1.12493 1.90575 -0.628789 0.891699 -0.0544854 -0.540276 0.390083 -0.0594508 0.209376 
3.14655 -0.334587 2.99593 -0.666746 1.15484 -0.972785 0.207439 -0.237943 -0.449419 0.284101 -0.279675 0.153702 
2.79628 -0.336431 3.24766 -1.43057 1.11079 -0.00249365 -0.220537 0.1369 -0.515194 0.154469 0.235465 0.166783 
2.82331 0.0787413 2.34189 -1.42543 1.36361 -0.285642 0.403489 -0.197524 -0.540582 -0.198731 -0.0770925 0.225719 
2.98411 -0.0948588 2.62746 -1.09146 1.54628 -0.680245 -0.289255 0.359825 -0.73178 -0.0169009 0.247747 0.190077 
3.09212 -0.148497 3.14949 -1.02362 1.27387 -0.686933 -0.50596 0.102624 -0.592142 -0.0698315 -0.0477334 0.151876 
2.83972 -0.144289 2.85792 -0.90051 1.10327 -1.2083 -0.328077 0.753961 -0.667935 0.156887 0.120137 0.137245 
2.95787 -0.0138045 2.55853 0.0601616 1.86992 -0.953728 0.319241 -1.11492 -0.277376 0.103125 0.0760964 0.299829 
3.05199 -0.354504 2.85389 -0.689139 2.32972 -0.288562 0.103631 0.509207 -0.437723 -0.0725133 -0.131703 0.135386 
3.17797 0.0184872 2.60401 -0.971703 1.56925 -0.984409 0.106035 0.292609 -1.17742 0.144067 -0.0194338 0.107504 
3.23075 -0.430936 2.90395 -1.24341 1.68233 -0.0960912 -0.338423 0.498258 0.0887052 0.109476 -0.0882584 0.12218 
2.97175 -0.253607 2.38398 -1.3116 0.498412 -0.79771 0.752784 0.248565 -0.201334 0.400847 -0.152527 0.139709 
2.84716 -0.14514 2.38342 -1.28993 1.86408 -0.489616 -0.432657 -0.0166491 -0.291182 -0.0574839 -0.0231217 0.22829 
3.18623 -0.311932 2.40571 -0.615537 0.899091 -0.584972 0.580894 0.472995 -0.637713 -0.027242 0.0924969 0.156083 
3.04661 -0.0963095 2.77198 -0.694903 1.48816 -0.639915 -0.0073648 -0.220805 -0.722728 -0.0881892 0.0253066 0.195166 
2.8832 -0.185615 2.33269 -0.532396 1.82567 -1.35414 -0.0267825 0.0689068 -0.822 0.210136 0.127911 0.23601 
3.12429 0.129041 2.90613 -0.512662 2.05757 -0.517178 0.451181 -0.31373 -0.689201 -0.170842 -0.246709 0.150309 
4.10064 1.45934 4.49084 -0.0747582 0.7168 -1.66353 -1.26406 -1.3563 -1.29286 -0.252028 -0.355851 -0.0570706 
4.70544 1.94987 4.40113 -0.641523 -0.70879 -2.25775 -1.75157 -1.16986 -1.73098 -0.0634078 0.0166061 -0.0655635 
5.42707 1.71898 3.08252 -2.88598 -0.269995 -2.00872 -1.38703 -0.925782 -1.17259 0.199544 -0.194702 -0.0449433 
5.42886 2.31662 1.17435 -3.3942 -1.82367 -0.820863 0.0593723 -0.528044 -1.08935 -0.133056 -0.106438 -0.0141199 
5.15943 2.5098 2.51974 -2.48588 -0.996378 -1.45383 -1.10309 0.12272 0.0529668 0.246836 0.0713757 -0.0484042 
5.1164 1.9912 2.32413 -3.05039 -0.488463 -1.82653 -0.438951 -0.212923 -0.231291 0.250085 -0.292427 -0.093605 
4.74548 1.6802 2.73584 -2.1156 0.273021 -2.15365 -0.852748 0.459303 -0.0230802 0.485612 -0.0975408 -0.0482543 
4.53678 1.4078 2.71031 -1.01129 0.436266 -1.12976 -0.0603372 0.744456 0.188275 0.640728 -0.026554 -0.104488 
3.89165 1.14567 2.95839 -1.69289 -0.199545 -1.24624 -0.787194 0.406744 0.750383 0.534541 -0.136943 -0.0602988 
3.74511 0.97618 3.14938 -0.622488 1.28677 -0.206252 0.421545 0.766793 0.463325 0.37419 -0.00647178 0.0298088 
3.86902 1.56201 2.93453 0.422995 2.14584 0.637003 1.44826 1.04458 0.462274 0.4061 -0.170482 -0.0505608 
4.18596 1.66828 2.66007 0.0880163 2.49881 2.19253 2.36221 1.92643 0.968344 0.135172 -0.229238 -0.0524964 
4.069 1.37819 2.78672 0.295912 1.85331 1.52874 2.71982 1.67957 0.846828 0.645242 -0.212539 -0.0783898 
3.61274 1.17646 2.84277 0.865268 2.80008 1.22012 2.12718 0.562495 0.380349 0.411013 -0.0743683 0.0759529 
3.64831 0.913679 2.96285 -1.34595 1.02938 0.476449 1.64766 2.30527 0.938793 0.94351 0.100688 -0.0653262 
3.67 1.12044 2.32261 -1.12958 1.79934 0.313881 1.78745 2.2044 1.22719 1.03632 -0.0017976 -0.0272269 
3.96417 0.147016 2.28721 -1.96225 1.46927 1.08901 2.0837 2.6933 0.577956 0.376772 -0.13779 -0.117816 
3.71858 0.572666 2.88606 -0.382736 2.00478 -0.204372 1.11064 1.30791 1.33663 0.159357 -0.187827 0.184227 
3.57645 0.756569 3.35198 -0.595228 1.90398 0.156797 1.04582 0.256639 0.25862 0.292309 0.0300594 0.197778 
3.29439 -0.0386454 3.95161 -0.611847 1.62204 0.613078 1.2365 1.15333 0.328482 0.919328 0.160391 0.0556533 
3.41804 0.170709 3.14039 -1.39845 1.2082 0.205195 1.05819 0.266046 -0.754954 0.507817 0.220201 0.124915 
3.17359 0.222333 2.87248 -1.2489 2.31979 0.612432 0.184862 -0.244606 -0.790032 0.473179 0.334921 0.13378 
2.75415 0.106795 3.61555 -0.877701 2.16417 0.603631 0.731209 -0.0612413 -0.60706 0.546963 0.367954 0.149328 
2.99153 -0.404972 3.32631 -0.883365 1.13777 -0.171037 0.274863 0.242057 -0.519557 0.407319 -0.0056062 0.0674619 
3.00106 -0.163186 3.20332 -1.34683 1.70312 0.500571 0.538464 0.0894122 -0.827923 0.0722219 -0.00950456 0.12292 
3.16543 0.437725 4.42776 -0.324009 2.16213 0.430965 -0.161768 -0.885182 -0.65168 0.304435 0.189616 0.124645 
3.62168 0.52316 4.24463 0.222945 2.39775 0.604651 0.32495 0.45655 -0.462336 -0.364241 0.126001 0.119047 
3.3304 0.184238 3.63196 0.00804392 2.78811 1.2705 0.344746 0.290341 -0.410073 -0.0908317 -0.102967 -0.0336415 
3.7076 1.01557 2.79811 0.256519 2.26617 0.0523905 0.777435 0.3417 -0.800858 -0.321698 -0.0754274 0.00546773 
