3.06114 -0.0205449 3.08717 -0.951758 1.93138 -0.102336 -0.0992418 0.177046 -0.560792 -0.00400298 0.132187 0.200515 
3.21506 0.207671 2.614 -0.247977 2.14005 0.37288 1.07056 0.0267007 -0.879819 0.318264 -0.16768 0.0455073 
3.08945 0.312671 3.64014 -0.210659 2.33454 0.26224 -0.507507 0.799749 -0.513451 -0.248666 -0.0611978 -0.00864416 
2.80558 0.0691381 2.95329 -0.897182 2.62787 0.0542109 -0.0716306 -0.537004 -0.487854 0.685031 0.0883028 0.177112 
2.94233 0.146212 2.62577 -0.227162 1.87695 0.43216 1.37602 -0.7824 -0.753344 0.0179837 -0.159067 0.193625 
3.18202 0.334484 3.67785 -0.0791522 1.93873 -0.134462 -0.43253 0.440016 -0.488354 0.162741 -0.0493956 -0.000503193 
2.98855 0.0582662 2.74582 -0.592823 1.85254 0.232994 -0.163171 -0.854002 -0.493775 0.0336629 0.0938613 0.224691 
2.8974 0.093334 3.20165 0.812455 1.98957 -0.577222 0.534057 -0.442208 -0.055147 0.0913111 -0.0306697 0.210767 
3.22636 0.592771 3.9048 -0.808817 1.60294 -0.20699 -0.387863 -0.139296 -0.190983 -0.112958 0.0220373 0.197653 
3.05897 0.416186 3.49753 0.674097 2.60485 -0.432609 -0.734486 -0.302237 -0.135416 -0.0341162 -0.059867 0.107314 
3.70907 1.48867 3.563 1.32181 2.31093 -0.599547 -0.588978 -0.0703004 -0.874344 -0.250166 -0.115321 -0.0343677 
4.41224 2.57971 4.42227 1.71512 0.768659 -2.15346 -1.80811 -1.3302 -0.898263 0.00195434 -0.283176 -0.0414076 
4.96222 2.72688 3.72748 0.338651 -0.102844 -1.56861 -1.35608 -1.80749 -0.905447 0.105674 -0.0800414 0.00599139 
4.77337 2.58084 4.42571 0.658685 1.17965 -2.33821 -1.87771 -0.507021 -0.919055 0.161193 -0.0755549 -0.00596592 
5.00984 2.48298 4.0152 -0.283601 0.07145 -1.99076 -0.937305 -0.287259 -0.138977 0.249715 0.0475406 0.0742666 
4.56147 2.12352 3.95061 -0.620117 -0.404678 -1.88175 -0.750912 0.568175 0.713869 0.276941 0.157765 0.115778 
4.74926 1.72118 4.60416 -0.890349 -0.270421 -1.15127 -0.094591 0.844481 0.412927 0.500634 0.0598003 0.00229095 
4.66058 1.05847 4.4263 0.191941 0.874841 -0.438015 -0.277036 0.155693 0.193628 0.258343 -0.0853142 0.0416907 
3.90296 1.31178 3.49936 -0.0489436 1.79023 -0.981071 0.558138 0.620387 0.354609 0.433282 -0.260959 0.053684 
4.07087 1.56324 3.64091 0.450487 1.43085 -0.167051 0.462575 1.67837 0.380856 0.358539 0.018339 -0.0621501 
4.18701 1.89106 2.51247 0.00846016 2.05403 1.6608 2.02869 1.83427 0.347932 0.0885008 -0.249389 -0.126021 
4.13993 1.98188 3.20471 0.552964 1.39295 1.45655 2.91937 2.07497 0.985126 0.217298 -0.236355 -0.094832 
4.57999 1.48357 2.90114 -1.00518 1.68753 0.87981 2.39536 1.85318 0.803956 0.357867 -0.319628 -0.0484191 
4.03844 1.26512 3.24408 -0.498868 2.17628 0.201793 2.07795 2.01585 0.761408 0.328954 -0.290378 0.0224714 
3.72275 1.09006 3.93438 0.78136 1.88006 0.828104 1.18795 0.547223 0.589402 0.308229 0.0735265 0.139687 
3.38288 1.17771 3.51793 -0.170442 1.91649 0.483816 1.50557 1.14102 0.801135 0.0153003 -0.205727 0.0879799 
3.51669 1.22139 2.9481 0.351347 2.35791 1.01416 2.11 2.02475 0.790826 0.701301 -0.407808 -0.127573 
3.50802 0.0226555 3.58646 -0.11456 1.26217 0.728339 1.72624 1.3775 -0.176031 0.570248 -0.0276981 -0.0569371 
3.42927 0.442432 3.75365 -0.492328 0.743863 0.155277 1.7016 1.44829 0.15394 0.0242102 -0.262277 -0.00344742 
3.06291 0.46885 2.6766 -1.55371 1.24748 0.377659 0.941769 2.5993 0.776762 0.0563017 -0.200938 -0.0823577 
3.29023 0.202302 2.86495 -1.63388 0.412249 0.503729 1.3734 1.74072 0.407755 0.452354 -0.21635 -0.0923043 
3.07323 0.164042 3.08824 -0.787965 1.12642 -0.355003 0.81656 0.523901 -0.151346 0.0491637 -0.28938 0.107938 
3.50297 0.345235 3.35156 -0.106885 2.71387 0.780537 0.987693 0.609545 0.179457 0.397008 -0.285075 0.0442398 
3.65333 0.637883 4.09814 0.101275 3.74901 0.799175 1.22944 1.07596 -0.553737 0.129841 -0.110807 0.125284 
3.82867 1.21448 4.57599 0.161869 3.35197 0.936377 0.943707 0.894072 0.030045 0.27318 -0.22592 0.0303187 
3.93953 1.00163 3.50211 1.85249 3.4397 1.03914 1.73 0.284514 0.0384365 0.251427 -0.197312 0.026035 
3.8082 1.15586 3.66109 1.81851 3.70329 1.13825 1.25 0.342339 0.233451 0.497726 -0.247923 -0.0460216 
3.60663 0.811635 4.36951 1.59994 2.45841 0.0547371 1.06311 0.266653 -0.396902 0.223709 0.0213389 0.076834 
3.29001 0.73359 3.79318 0.691456 2.92944 0.41358 1.0303 0.673602 0.241494 -0.0365688 -0.0753471 0.159956 
3.29951 0.381674 3.46726 0.282845 3.04051 1.25089 0.851688 0.570032 -0.330938 0.156987 0.0181605 0.0672719 
3.465 0.827631 4.76215 0.413263 2.15025 -0.102026 0.634797 1.00945 -0.288141 0.0698068 0.105391 0.117254 
3.68708 -0.127072 3.20707 0.488565 2.49189 -0.128528 0.891591 0.526565 0.466157 0.419938 -0.104098 0.238503 
3.06935 0.133816 3.15789 -0.521245 3.00987 0.862123 0.788155 0.274213 -0.130516 0.129636 -0.0360098 0.196871 
3.0752 0.395254 2.95525 -0.53253 1.60424 -0.163677 0.858898 -0.202217 -0.447287 0.18988 0.278836 0.261666 
3.06198 -0.150642 2.73635 -0.910034 1.72599 0.168238 0.185929 -0.103128 -0.674126 0.455407 0.137884 0.136099 
2.46957 -0.0881773 2.41068 -0.68093 2.11971 0.406751 0.536338 1.03905 0.205579 -0.098846 0.1625 0.171002 
3.131 0.244818 2.86599 -1.27972 1.45781 -0.453312 0.209235 0.178905 -0.129046 0.329853 -0.166131 0.150174 
2.96427 -0.0634016 2.78333 -0.94395 1.71383 -0.142401 0.318041 0.119011 -0.851947 -0.22133 0.204577 0.256134 
2.7836 0.137418 2.40291 -0.546355 2.27562 0.191942 1.15811 0.25633 -0.220497 -0.340428 -0.135524 0.240762 
3.18619 0.0677804 2.66649 -0.410675 2.01755 -0.480789 0.494345 -0.241418 -0.583685 0.12211 0.0520636 0.247918 
2.90648 0.170096 2.46552 -0.849518 2.25294 -0.513029 0.10728 -0.0474748 -0.453734 0.246573 0.0394877 0.213214 
2.94919 0.301039 1.94491 -1.08961 2.09729 1.28732 0.789454 -0.281095 -0.423229 0.0799464 0.0601226 0.178103 
3.06476 0.147355 3.30519 -0.741015 1.22998 -0.0550446 0.855942 0.110767 -0.196523 -0.116404 -0.128913 0.206017 
2.96787 -0.0187193 3.15414 -0.420048 1.5379 -0.501882 0.111632 0.414751 -0.28891 0.387514 -0.119617 0.0815028 
2.96274 0.110211 2.83019 -0.393984 2.02352 -0.252771 0.493916 1.39512 -0.665959 -0.244748 0.145193 0.119783 
3.11475 0.127891 2.73026 -0.97665 2.15468 0.203011 0.322977 0.314751 0.0774291 0.29028 -0.158544 0.126412 
3.08376 -0.442442 2.64432 -0.318323 2.597 0.296011 -0.695647 0.0778972 -0.570704 0.220558 0.222783 0.101532 
2.86977 -0.00697852 2.84668 -0.669947 2.95564 0.635785 0.0926589 0.466893 -0.420023 -0.200728 -0.11171 0.126611 
3.17617 0.458175 2.72016 0.125704 2.4362 -0.722017 1.10345 0.428217 -0.251836 -0.152548 -0.346354 0.162986 
2.67644 -0.0344948 2.90866 -0.501208 1.75388 0.635617 -0.0924938 -0.271424 -0.238346 0.347326 0.314017 0.1545 
