2.84985 -0.0727787 2.36541 -0.775507 1.66844 0.0575253 -0.884626 -0.474826 -0.328383 0.346094 -0.117087 0.0730203 
2.92521 -0.364012 2.84913 -1.56813 1.47839 -0.18255 -0.599082 0.3446 -0.28642 0.251345 0.120958 0.15906 
2.99514 -0.00137753 2.52865 -0.989321 0.787853 -0.585799 0.670165 -0.621507 -0.496616 0.0480853 -0.101102 0.253715 
2.76407 -0.119719 2.52654 -0.396223 1.58585 -1.04256 0.54554 -0.395725 -0.569723 0.251809 -0.153369 0.229672 
2.71233 -0.259898 2.0313 -1.25043 1.7931 -0.766304 0.0755165 -0.0751471 -0.228709 0.112135 0.0928776 0.325571 
2.75861 -0.414855 2.42692 -1.22334 1.8749 -0.00525442 -0.531496 -0.151538 -0.767106 -0.265651 0.133077 0.258758 
2.7136 -0.348891 2.97185 -0.228865 1.96102 -0.0456965 -0.488595 -0.295278 -0.225626 0.0673775 0.073513 0.168675 
3.03952 -0.252473 2.10461 -0.101193 1.15631 -1.05942 0.641574 0.44394 -0.219046 0.219393 0.0276268 0.181359 
2.48334 -0.36945 3.08806 -1.15789 2.14221 -0.367597 -0.377124 -0.0298915 -0.722951 0.116131 0.115412 0.230752 
3.20644 -0.401732 3.1052 -0.96376 1.44663 -0.381606 0.314536 -0.148538 -0.598642 0.0662332 -0.0998138 0.238692 
2.75859 0.265886 2.75981 -0.753808 0.707263 -0.861294 0.85547 -0.158098 -0.305662 0.0493642 -0.079546 0.216445 
3.09846 -0.455231 2.72406 -1.24464 0.504445 -0.541951 0.58848 0.719543 -0.256718 0.321706 0.0212297 0.134304 
2.61508 -0.407209 2.40987 -1.05053 1.27072 -0.108387 0.624021 0.00143645 -0.303182 0.350213 0.116022 0.216367 
2.92433 -0.109862 2.80202 -0.722626 1.35404 -0.822311 0.156536 -0.289422 -0.744114 0.402141 0.0120151 0.180483 
2.89224 0.239981 1.91905 -0.968419 1.41803 -0.949616 0.277485 0.930273 0.224258 -0.140084 -0.0102713 0.191816 
2.87309 -0.0135472 2.53248 -0.924216 1.77307 -0.576312 0.0313721 0.25083 0.162375 -0.00516055 -0.133092 0.213727 
2.60775 -0.106603 2.74446 -1.13063 2.06512 0.262988 -0.401169 -0.441668 -0.272704 0.152804 -0.0752815 0.171013 
2.93688 -0.355106 2.46336 -0.689547 1.46956 -0.185944 -0.185599 0.0971832 -0.61903 0.236807 -0.124089 0.0703407 
3.14632 -0.129679 1.97049 -1.74957 1.88562 -0.292593 -0.437483 0.700692 -0.184636 0.230589 0.0903619 0.13888 
3.18373 0.0854629 2.34315 -1.61031 1.81619 -0.306665 -0.136914 0.179282 -0.117892 0.168502 -0.0719012 0.17221 
2.79971 0.0679794 2.72847 -0.473171 1.89033 -0.641178 0.275328 -0.142271 -0.769507 -0.0618541 0.260744 0.254375 
2.91024 -0.790524 2.00848 -1.1239 1.16369 -0.419097 0.327768 0.493662 -0.621943 0.437622 0.0794104 0.151205 
3.01235 -0.173012 2.78058 -2.28623 0.636625 0.177396 0.68761 1.20867 -0.303124 0.237489 0.110638 0.0731707 
2.85652 0.0386315 2.61179 -1.34954 1.7871 -0.482593 0.0388649 0.0698454 -0.301518 0.314947 -0.0860611 0.184008 
3.14611 0.488056 3.05052 -0.595093 1.91761 -0.671459 -0.0629302 -0.452606 -0.533852 -0.414307 -0.22216 0.169065 
4.22869 1.95277 3.23847 -0.773924 -0.133491 -1.52309 -1.95513 -2.14336 -1.3676 -0.301505 -0.173517 -0.0154272 
4.13931 2.82815 3.73605 0.138523 -0.298505 -1.73118 -2.91364 -1.74492 -1.22877 -0.640189 -0.19174 -0.0451449 
4.41488 2.88084 3.69682 0.6879 -0.0877775 -1.98181 -2.27232 -1.42981 -1.45697 -0.306011 -0.199622 -0.0709829 
4.84106 2.95097 3.30077 -0.775402 -0.401186 -2.03426 -1.39259 -2.08277 -0.396092 -0.135727 -0.1486 0.0618553 
5.15556 2.61306 3.53062 -0.817114 -0.518166 -2.2553 -1.30488 -0.536853 0.31005 -0.000248697 -0.0757532 0.0309007 
5.37098 1.98497 3.85429 -1.569 -0.332946 -1.86637 -0.946473 0.369548 0.298404 0.304071 -0.0327887 0.0192989 
4.75439 1.75957 2.94864 -1.54911 0.0349507 -2.72357 -0.0937768 0.37939 0.16401 0.64751 -0.115518 0.0653597 
4.7921 1.56665 3.61482 -1.42254 0.86568 -1.74496 -1.14257 0.103103 0.259219 0.180194 -0.256828 0.0129685 
4.26439 1.33488 3.85411 -0.910881 0.225642 -1.94457 -0.54064 0.978617 0.271376 0.440336 -0.00347343 0.0105911 
3.97831 1.07454 3.43405 -1.27606 0.306455 -0.905816 -0.0811693 0.923451 0.0309964 0.657726 0.0744546 -0.0488145 
3.84127 0.422798 2.90245 -0.927882 1.03587 -0.158534 1.19731 0.460518 0.277772 0.359774 -0.0964212 0.11509 
3.96987 1.08247 3.81995 -0.104975 1.87703 0.621552 1.43545 1.45428 0.0438818 0.6015 0.0228941 -0.0333103 
4.05651 1.05742 4.5095 0.681808 2.85778 1.28721 2.22785 1.51563 0.163714 0.125438 -0.199519 0.0666361 
4.02642 1.2723 3.92089 -0.126384 2.56726 0.170683 0.951728 1.16229 0.126991 -0.0397615 0.0517482 0.184961 
3.31426 0.718263 3.00568 0.811369 2.52272 0.314351 1.17578 1.12226 0.95317 0.420271 0.0638908 0.131742 
3.66275 1.15893 3.1754 1.14462 1.94304 -0.204071 1.92199 1.17708 0.492422 0.827995 -0.0355369 0.0309317 
3.73497 0.58207 2.87748 -0.727915 1.27659 0.772767 2.02013 1.97684 0.950579 0.615825 -0.145331 -0.058075 
3.68997 0.629574 2.74562 -1.18276 2.22127 1.47157 1.4466 1.6563 0.912587 0.487447 -0.0190779 0.0258869 
3.72837 0.896754 3.55596 -0.378812 2.48987 0.0696166 1.82998 1.51644 -0.104426 -0.112113 0.0370651 0.220327 
2.95566 0.30661 3.19707 -0.131708 2.02915 0.595513 1.60109 0.973622 0.252362 0.206158 0.144627 0.155835 
3.0098 0.475998 3.36232 -1.04894 1.85477 0.713249 0.98924 0.716738 -0.118561 0.667727 0.128983 0.0568451 
2.82217 0.606008 3.06539 -0.126555 2.15021 0.316418 1.98672 0.654655 0.274062 0.580944 0.133044 0.155246 
3.20273 0.0974816 4.14871 -0.545247 2.11003 0.930185 0.785746 0.598682 0.00397737 0.533413 0.0717027 0.0933803 
3.59064 -0.191019 4.49819 -1.03353 1.11808 0.503916 -0.463636 0.540486 -0.177391 0.247545 0.0997572 0.0130593 
2.78017 -0.202109 2.85423 -1.21847 2.22207 -0.0294921 0.151455 0.406208 -0.281809 0.389672 0.0205079 0.141719 
2.95333 -0.310671 3.26332 -0.662751 1.51662 0.119362 0.460623 -0.581427 -0.176853 0.209545 0.19625 0.304802 
2.92635 -0.108183 3.73035 -0.0519878 2.37623 0.812009 0.996855 -0.0170316 -0.459657 -0.0421712 0.0990653 0.187654 
3.38607 0.733377 3.60029 0.302204 2.09608 1.008 1.0335 0.772973 0.18477 0.285402 -0.0882604 -0.0245323 
3.16217 0.957677 3.9161 0.583406 3.25286 1.2148 0.519911 0.990899 -0.0249926 -0.392161 -0.147098 -0.0365854 
3.67888 1.24442 3.30591 0.416604 2.37556 -0.608832 0.697668 0.504575 -0.147062 -0.31236 -0.17264 0.0678759 
3.27593 0.58752 3.58809 0.647378 3.03392 0.182984 0.701069 0.651794 0.241265 0.138258 -0.174738 0.0595467 
3.52679 0.854901 3.84945 0.346573 2.43933 -0.459738 0.640627 -0.29823 -0.518414 0.48789 -0.175023 0.0534981 
3.31423 0.371127 3.54741 -0.61608 2.6058 0.79209 0.572456 0.548473 -0.178583 0.256335 0.0739343 0.0793672 
3.33582 0.75687 3.44427 -0.180294 1.90721 -0.173934 0.949868 0.569605 -0.458022 0.210104 -0.00787171 0.061944 
3.31059 0.42718 3.97902 -0.720132 1.12668 0.0964276 0.68065 0.389973 -0.866097 0.205466 0.0937962 0.017222 
