2.89686 -0.303052 2.43347 -1.04724 1.12746 -0.71926 0.73559 -0.675143 -0.124361 0.281567 -0.282101 0.26506 
3.06709 -0.247762 3.28045 -1.36321 1.51771 -0.736959 -0.530458 -0.426068 -0.764502 -0.257419 -0.0415718 0.275493 
2.81723 0.148638 3.09502 -1.85773 1.6031 -0.287403 -0.52173 0.345416 -1.12146 -0.450271 0.231534 0.160922 
2.81315 0.124276 2.76809 -0.626068 2.62184 -0.85201 -0.407679 0.0118081 -0.368702 -0.0776919 -0.0379449 0.17281 
2.64803 -0.113915 2.78031 -0.543409 1.96942 -0.959312 -0.666875 -0.394161 -0.567136 0.568044 -0.0712037 0.108192 
2.90786 -0.38739 2.77706 -0.815419 1.52915 -0.0988593 0.194607 -0.147874 -0.611087 -0.0995282 -0.0285254 0.184621 
3.16302 -0.351197 2.38789 -0.925922 1.68641 -0.726042 -0.000949868 0.266117 -0.376073 -0.161968 0.00207355 0.206202 
2.823 -0.450625 2.92307 -1.23832 1.40641 0.0380792 -0.470702 -0.730624 -0.821253 -0.0358415 0.113781 0.23876 
2.71798 -0.265898 2.89934 -0.403952 2.29806 -0.825194 0.309869 0.120768 -0.889327 0.646227 0.0729429 0.104039 
2.69309 -0.0414177 2.01347 -1.01323 1.22619 -0.520278 0.253377 -0.149998 -0.15418 0.0784748 -0.110565 0.179618 
2.79851 -0.338648 2.84815 -0.271091 1.48559 -0.960736 0.599202 -0.990767 -1.05863 0.232224 -0.00262121 0.252801 
2.69967 -0.255733 2.69917 -1.25573 2.67997 -0.0305776 -1.06641 0.201857 0.00162834 -0.179347 -0.0463957 0.148422 
2.70474 -0.218406 2.84059 -0.433379 1.26435 -0.656398 -0.318238 -0.948765 -0.253146 -0.105671 -0.0867445 0.219645 
2.7476 0.375386 2.69761 -1.76317 2.19886 -0.708405 0.282246 0.466103 -0.654856 -0.160661 0.11011 0.224501 
2.80621 -0.168972 2.56294 -1.481 1.19198 -0.707328 0.686718 -0.118082 -0.420501 -0.0595547 -0.20527 0.278572 
3.12932 0.15951 3.26427 -0.364985 1.30862 -0.498957 -0.132074 -0.332185 -0.925393 -0.0606414 0.191757 0.14451 
3.68782 0.160753 3.93018 0.359706 2.66871 -0.147055 0.550958 0.27115 0.0589524 0.761644 0.0129612 0.180373 
3.83401 0.611362 3.52425 -0.667738 2.00439 0.847947 1.96907 1.15156 0.522831 0.549192 -0.202727 0.0910078 
4.64337 1.19925 2.45626 -0.951212 1.5116 -0.0238638 1.77664 1.69794 0.922673 0.431836 -0.400939 -0.109009 
4.84579 1.64681 2.49034 -2.28155 1.27218 1.12224 2.33514 0.954174 0.6259 0.309697 -0.595968 -0.123292 
5.0534 1.35486 2.79476 -1.39323 1.56136 1.50304 2.47737 1.46384 0.0239986 0.0534197 -0.522583 -0.19382 
4.98495 0.923088 3.18004 -0.943548 1.1523 0.897996 2.16553 1.44687 0.00669626 -0.210473 -0.597653 -0.186533 
4.43137 0.964734 2.58165 -0.466251 1.95459 0.779615 1.97544 0.931683 0.347253 0.155017 -0.565372 -0.141147 
4.20707 1.26711 4.01448 -1.09094 1.58756 -0.0103832 1.92598 2.05966 0.145911 -0.104613 -0.553852 -0.12728 
4.04877 1.19268 3.3573 -0.602014 1.60936 -0.0446305 1.93353 1.8749 0.399569 -0.316784 -0.191408 0.0963397 
3.94005 0.774278 3.56867 -1.03357 2.18739 1.64605 1.32795 1.42587 0.413906 0.421291 -0.0714676 -0.00733468 
3.66566 0.323306 2.32115 -0.71145 2.29525 0.450698 1.87396 1.45482 1.09206 0.289746 -0.497579 0.0186753 
4.39221 1.56097 3.80613 -1.27946 1.84665 0.701052 1.8422 2.23617 0.826889 0.291695 -0.449134 -0.157554 
4.56322 1.91587 2.67493 -0.810279 2.15873 0.980323 1.55667 2.11238 0.939736 0.273532 -0.368474 -0.225124 
4.12498 1.68954 2.63356 0.159524 0.836758 0.819187 2.19781 1.93673 0.313828 0.287419 -0.388254 -0.275681 
3.86241 1.52118 2.88928 0.250453 1.45095 1.39574 1.76673 1.78583 0.859538 -0.138143 -0.484105 -0.199121 
4.0902 1.25767 2.75378 -0.953022 1.80749 0.622915 1.48123 1.63417 0.876956 -0.0267179 -0.475661 -0.137742 
4.05411 0.746042 3.18616 -0.969883 1.46859 0.334833 1.48727 1.73813 0.345508 -0.144294 -0.442228 -0.120791 
3.90417 1.10912 2.84815 -0.261071 1.4687 -0.555834 1.26718 1.3128 -0.170663 -0.112088 -0.195334 -0.0314731 
3.50266 0.144099 2.5647 -0.408822 2.34286 -0.213316 0.627059 1.57077 0.703598 0.252888 -0.394196 -0.0669515 
3.5178 1.29078 2.9915 -0.0599019 1.3451 0.0865807 0.149307 0.186746 0.347656 -0.0804713 -0.0697831 -0.015565 
4.29295 2.08538 3.31733 0.259417 0.652041 0.00206692 0.137142 0.864321 0.183093 0.458604 0.0814211 -0.0678923 
4.13691 1.89417 3.84423 0.880276 1.19021 -0.672144 0.664996 0.154829 0.210139 0.823381 -0.153739 -0.075715 
3.90586 2.03685 4.20047 0.239583 1.08567 -0.4104 -0.184932 -0.635565 0.0619854 0.359777 -0.246712 -0.0472902 
4.05935 1.83113 4.23629 0.862005 1.2578 -0.618878 -0.117339 -0.283879 -0.225628 0.210994 -0.197319 -0.0700766 
3.79081 1.73852 4.03134 0.60849 0.944011 -0.503342 0.30038 -0.163705 0.0132534 0.475445 -0.104912 -0.0227282 
3.54227 1.93023 3.70995 0.362623 1.42139 -0.332095 -0.0301462 -0.562065 -0.560915 0.173851 -0.133361 -0.0573274 
3.4808 0.968151 3.70903 1.06718 1.65699 -0.276033 0.119029 -0.935178 -0.596464 -0.033129 -0.11642 -0.0342537 
3.96237 0.986779 3.69053 -0.212514 1.35477 0.168877 0.805249 1.37968 0.801364 -0.162231 -0.148596 0.0368924 
3.93648 0.767125 2.96846 -1.03994 1.62759 1.13555 1.93643 1.43572 0.701868 0.71481 -0.330225 -0.125725 
3.88396 0.99935 3.38866 -0.535774 1.49102 0.356692 2.19686 1.16281 0.583581 0.0979554 -0.458472 -0.0192384 
3.89612 0.737541 4.15852 -0.641679 1.60435 -0.180989 1.09252 1.33916 -0.00990623 0.101877 -0.263898 -0.00738724 
3.27485 0.405331 3.07509 0.0266905 2.16708 0.383289 1.43334 0.76621 0.249887 0.214909 -0.343129 -0.00656634 
3.60098 0.865406 2.95642 -0.000429787 2.34298 -0.181084 0.351607 0.604644 0.909089 0.151785 -0.10417 0.120915 
3.14908 0.191696 3.15269 -0.188675 2.87435 0.276604 0.683081 0.399574 -0.170594 0.425274 0.170136 0.137507 
3.20273 0.518259 3.51498 -0.353125 1.76083 0.328501 1.01974 -0.168528 -0.0699382 0.595865 0.0364321 0.10818 
3.32584 0.589751 3.44588 -0.583736 2.50639 0.267193 0.107198 -0.325529 -0.303999 0.0261881 0.0826081 0.142022 
2.99382 -0.133375 3.69919 -0.613329 1.48366 -1.04968 -0.46056 -0.250367 -0.581543 -0.119567 -0.152698 0.181115 
3.00134 -0.132912 2.52904 -0.564965 2.19373 -0.854582 0.265137 -0.188619 0.175537 0.049167 -0.122559 0.261413 
3.1469 -0.189591 3.10564 -0.939334 2.20526 -0.308563 -0.278301 -0.792231 -0.916953 0.317989 -0.040892 0.169008 
3.02624 -0.149791 3.2556 -0.947016 1.78053 0.219548 -0.512264 0.325814 -0.193334 -0.0463382 0.119884 0.100067 
2.94357 -0.195688 2.85953 -1.19025 0.802114 -0.0398154 -0.325752 0.277814 -0.623888 -0.211966 0.0209633 0.0973461 
3.09083 0.177219 2.50357 -1.22736 2.11972 -0.341529 0.393782 0.195891 -0.498648 -0.345608 -0.000784 0.214822 
3.11345 0.0625559 3.11607 -0.592699 2.21929 -0.456896 -0.539636 -0.259243 -0.999838 -0.169809 0.241518 0.160965 
3.1645 -0.0559899 3.55789 -0.765894 2.2437 -0.217102 -0.146328 0.778638 -0.0638281 0.386823 -0.0298802 0.0303405 
