3.19169 0.0772799 2.52379 -0.713087 1.95596 -0.228184 -0.736704 -0.056301 0.238038 0.0781737 -0.0536135 0.143873 
3.11558 -0.343387 2.01852 -1.2938 1.71163 -0.0893511 0.326504 0.23234 -0.599083 0.221817 -0.0457441 0.156453 
2.76567 -0.050785 4.16161 -1.10098 1.54047 0.442601 0.014639 0.0591446 -0.744264 0.151752 0.321569 0.138472 
3.00481 -0.317388 3.06825 -1.32849 1.81302 -0.183267 0.260064 -0.524654 -0.673738 0.25206 -0.193399 0.249925 
2.81401 -0.167779 2.74928 -0.762145 1.77173 -0.239835 -0.0279725 -0.286689 -0.650668 -0.0276659 -0.0142817 0.205542 
2.65888 -0.0379014 3.10016 -0.519966 1.7665 -0.771128 0.0290031 -0.00466271 -0.635443 0.100107 0.0993109 0.206879 
2.76876 -0.422205 2.49664 -0.410289 1.46033 -0.207353 0.197579 -0.745435 -0.241165 -0.163164 0.109681 0.342115 
2.78654 -0.217934 2.56422 0.140754 1.25652 -1.33467 1.16633 -0.225578 -0.594911 0.170159 -0.11438 0.243506 
2.79297 -0.265661 2.63037 -0.675039 1.29233 -0.862145 0.165508 -0.516584 -0.480945 0.457383 -0.151333 0.205747 
3.00936 -0.270053 3.12992 -0.696823 1.24091 -0.241713 0.810632 -0.287562 -0.59886 0.393803 -0.0470972 0.175833 
3.0697 -0.318309 2.77227 -0.530125 1.58818 -0.245383 0.262125 -0.355201 -0.864922 0.430535 0.0917495 0.140379 
2.96167 -0.784169 2.75426 -0.332126 1.2644 -0.206842 0.15887 -0.347125 -1.17234 0.657853 0.288145 0.0947376 
3.20376 -0.156113 2.47043 -0.791411 1.17672 -0.351048 0.0824476 0.255648 -0.263682 -0.126516 -0.0357018 0.174962 
2.47808 -0.160652 2.89603 -0.501246 1.23113 -0.742114 0.245493 -0.62139 -0.15686 0.128117 -0.179064 0.270139 
2.97662 -0.449175 2.92533 -0.647579 1.54003 0.125756 0.746741 0.0791908 -0.658045 0.361253 0.158921 0.151298 
3.07318 0.191711 2.59008 -1.36289 2.52473 -0.795351 -0.418642 -0.300267 -0.236569 0.194363 -0.0980315 0.261763 
2.79058 -0.413261 2.75913 -0.824295 1.73957 -0.497173 -0.261103 0.109173 -0.850652 -0.105257 0.132007 0.231987 
3.02756 0.0641084 2.5226 -0.147821 2.81003 -0.127824 0.119656 0.229285 0.319407 0.419815 0.146896 0.182526 
3.16627 0.394997 3.46327 0.500899 3.05453 0.101945 1.17209 1.13647 0.411212 0.998037 0.0375648 0.0918261 
3.618 1.16237 3.35627 -0.258643 2.5737 0.0397559 0.922012 0.68212 0.0747764 -0.054117 0.0463889 0.174994 
4.84816 0.840807 1.78671 -1.91059 0.963844 0.811758 2.0626 1.0946 -0.61381 0.077734 -0.393203 -0.215905 
5.5995 0.911169 0.723464 -3.13278 0.851038 2.32451 2.27703 1.29195 -0.960719 -0.785825 -0.417323 -0.198032 
5.17583 1.05413 0.0846142 -3.06735 1.25364 2.48268 3.22379 0.756639 -0.791997 -0.456037 -0.454543 -0.0725258 
5.27298 1.26725 0.249147 -3.04425 1.4411 2.06818 2.81497 0.869872 -1.22302 -0.61268 -0.520819 -0.142474 
5.0607 0.97682 0.886659 -2.23677 1.01804 1.34261 1.74439 1.29577 -1.37669 -0.610817 -0.286666 -0.183124 
4.77426 1.09551 1.39496 -1.79779 2.02889 2.20512 2.43742 0.206359 -1.17005 -0.061519 -0.371267 -0.116597 
4.29554 1.5885 2.20812 -1.06379 2.33308 1.57009 1.58446 0.65212 0.0195701 -0.235037 -0.210149 0.0302443 
4.15291 0.979833 2.8517 -0.340855 2.12954 0.849091 2.26865 0.904104 -0.0516071 0.296583 -0.233027 0.0319564 
4.04595 0.833704 3.42949 -1.17996 2.57548 0.953486 0.967943 1.52908 0.104741 0.0176327 -0.150122 0.0146474 
3.71861 1.09441 2.72221 -1.06348 1.40281 0.280884 1.80187 0.847399 0.157826 0.0570268 -0.365882 -0.0298999 
4.66337 1.36856 0.887148 -1.75604 0.780547 1.04261 2.95641 1.32443 -0.0899837 0.295928 -0.35744 -0.197457 
4.44426 1.82892 1.98154 -0.429036 0.830176 1.10401 1.99126 1.93015 0.456126 0.355236 -0.231107 -0.20877 
4.66798 1.92457 1.8139 -0.838169 0.849616 1.56166 2.20787 1.74595 0.377272 0.477626 -0.210004 -0.203327 
4.62747 1.33971 1.6506 -1.06843 1.57914 0.8374 2.71668 1.0727 -0.0283592 0.456429 -0.273925 -0.0906392 
4.53004 0.684965 2.18333 -1.19403 1.54027 1.17816 2.41687 1.28913 0.238626 0.494006 -0.144939 0.000481466 
4.21268 1.43097 3.4674 -0.279254 2.03264 0.584407 1.90347 1.85396 -0.323322 -0.25061 -0.185742 -0.0400338 
4.28236 1.48245 3.87739 -0.463632 2.2038 0.852317 1.8244 1.06102 0.0292991 0.317735 -0.329993 -0.0443035 
3.98551 0.885168 3.26719 0.204344 2.28132 1.01837 1.86748 0.940639 0.563305 0.5897 -0.393014 -0.0847297 
3.73148 1.3257 3.32472 0.0184914 2.53785 0.825364 0.954505 1.09219 -0.461575 0.271096 -0.097351 -0.102993 
3.98531 1.75311 4.14939 1.05788 1.03817 -0.300449 0.719724 0.503595 0.723384 0.673434 -0.100385 -0.015884 
4.16811 1.38849 4.81905 0.250482 1.50031 -0.375664 0.175636 1.04965 0.128209 0.490741 0.0841514 0.0207197 
3.91029 1.70219 4.28719 0.323466 1.24439 -1.17644 0.116207 1.25625 0.1797 0.573462 0.127714 0.0331518 
3.83021 1.18409 3.17026 0.346032 1.39713 -0.396313 0.955839 0.207046 0.269212 0.583069 0.168752 0.137347 
4.00822 1.08016 4.12808 0.592313 2.3117 -0.29236 0.71474 0.322875 0.432494 0.300844 -0.0613734 0.215765 
3.40997 1.05305 4.08293 -0.247092 2.36705 0.256714 1.29711 0.441857 0.239604 0.383647 -0.0223196 0.195178 
3.48505 0.966772 3.56022 0.383912 2.43467 -0.601658 0.976358 0.415007 -0.709227 0.48846 0.20346 0.141395 
3.11735 0.591102 4.0171 0.133291 2.39746 0.188042 1.3382 0.96063 0.00928093 0.345415 0.0782055 0.137779 
3.39138 0.753529 3.8703 -0.295244 2.29884 0.270055 0.111031 -0.344526 -0.45401 -0.0834659 0.303555 0.227287 
3.59363 0.463516 3.54197 -0.133403 2.72964 0.203881 0.422389 -0.00792214 0.172042 0.308378 -0.137086 0.149833 
3.26105 0.26615 3.92115 0.18447 2.24237 0.392439 0.982152 0.450505 -0.409377 0.317237 0.0427661 0.0705755 
2.82964 0.560527 3.06658 0.496901 2.6839 -0.467287 0.627776 0.268452 -0.0169066 0.361631 -0.0124502 0.113005 
2.97596 -0.197422 2.73115 -0.453371 2.06827 -0.129259 -0.560932 -0.522609 -0.665157 0.398342 0.0891264 0.110556 
3.303 0.147064 3.26486 -0.616198 3.1463 -0.395853 0.0117744 -0.0606332 -0.724231 0.10943 -0.00373328 0.242248 
2.85966 0.342023 3.38555 -0.0928419 2.02721 -0.610473 0.455418 0.503951 0.0538924 0.423966 0.0886839 0.144661 
2.82982 -0.0141743 2.8035 -0.123518 1.39038 -0.839962 -0.0266357 -0.688022 -0.259186 0.490519 0.0270756 0.184929 
2.92448 0.0649454 3.26187 -0.418185 2.07676 -0.792212 0.197564 0.800437 -0.272574 0.191547 -0.0457998 0.131427 
2.62511 0.316324 2.8764 -0.752174 1.76026 -1.17361 0.256914 0.0427933 -0.213983 -0.0676015 0.113392 0.287406 
3.16313 -0.0750132 3.00983 -1.03153 1.70454 -0.063774 0.656815 0.360527 -1.12442 -0.00155177 0.0775432 0.1424 
2.99213 -0.158071 3.2257 -0.647805 1.3257 -0.796719 0.362443 -0.0282822 -0.613316 -0.0989343 -0.0833452 0.236473 
2.9054 -0.156011 2.80331 -0.841923 1.71242 -0.801711 0.325448 -0.368489 -0.708569 0.207688 -0.0126279 0.263222 
