2.73178 -0.100836 2.83867 -1.18455 1.94731 -0.424058 -0.1035 -0.47386 -0.0821164 0.329231 -0.091344 0.268879 
2.69859 -0.278191 2.04364 -0.345141 2.21929 -0.196947 -0.405981 -0.3228 -0.279872 0.331188 0.144704 0.180467 
2.91149 0.361518 3.33512 -1.29661 2.00455 -1.06483 0.37291 1.13678 -0.189935 0.449967 0.167355 0.211095 
3.12751 0.0664124 2.34792 -1.49878 1.56687 -0.563335 -0.226793 0.199546 -0.188891 -0.132603 -0.194703 0.199918 
2.76926 -0.088767 2.4589 -0.693686 2.43232 -0.354285 -0.0318422 -0.46255 -0.492624 0.0271783 -0.161214 0.227822 
2.77499 0.239871 2.81323 -0.973911 2.1791 -0.686847 -0.118624 0.449955 -0.291377 -0.0425672 -0.0399049 0.190011 
2.77458 0.173791 2.73592 -1.19064 1.65981 -0.358414 0.161497 -0.274647 -0.776946 0.0970272 0.0531793 0.218643 
3.03609 -0.169464 2.61734 -0.473879 1.63219 0.163738 0.678417 -0.193517 -0.263262 0.221901 0.0748824 0.199948 
2.63142 0.00345358 3.47012 -0.783667 1.71525 -0.25848 -0.212458 -0.122014 -1.05424 0.0319932 0.219031 0.15683 
2.97913 -0.366953 3.39553 -1.09971 1.83939 0.383073 0.146474 0.231006 -0.644648 0.160631 -0.00714613 0.123467 
2.8845 0.0155896 2.95739 -0.709124 1.53822 -0.607257 0.664089 -0.489413 -0.835422 0.169534 -0.0998213 0.223781 
2.70444 -0.429721 2.24403 -0.0642088 1.20343 -0.820168 0.643841 -0.720164 -0.584366 0.22785 0.0101359 0.269036 
2.62863 -0.15234 2.04696 -0.779142 1.33638 -0.00200152 0.550402 -0.662049 -0.418455 0.0660893 0.190736 0.292768 
2.99756 -0.0355672 3.16806 -0.848605 1.44176 -0.552721 0.237305 0.228916 -0.890393 0.156126 0.187682 0.182213 
2.82887 0.121912 2.79453 -0.327071 1.62945 -0.57527 1.59369 -0.417914 -0.364513 0.0530652 -0.0648367 0.289195 
3.01969 0.174555 2.17153 -0.654914 2.33319 -0.753978 0.0643057 -0.658559 -0.503972 0.035068 0.0516628 0.297566 
2.79132 -0.2583 3.15132 -0.488534 1.44826 -0.612857 0.908141 -0.362907 -0.898057 0.496588 0.129595 0.222117 
2.82852 -0.297205 2.47027 -0.548003 1.92931 -0.560957 0.5322 -0.746127 -0.520554 0.202196 -0.0185073 0.310894 
2.55095 -0.0632647 2.84582 -0.644198 2.0545 -0.710611 -0.556225 -0.0540299 0.394874 0.709046 0.08965 0.184928 
2.53614 -0.042439 3.17178 -0.684657 1.6673 -0.521773 -0.451306 -0.230162 -0.622852 0.0535444 0.108608 0.199072 
3.10104 -0.155958 2.48556 -1.39856 2.15005 0.273243 0.153235 0.138142 -1.20923 0.0855618 0.20441 0.173544 
2.60492 -0.103302 3.31522 -0.897692 1.72906 0.403044 -0.453939 -0.321126 -0.780908 -0.452476 0.329766 0.236813 
2.73119 -0.0550304 2.43589 -0.138165 1.40213 -0.546072 0.0377726 -0.478676 -0.673925 0.159604 0.139684 0.19887 
2.99066 0.310841 2.85958 -0.977738 0.539678 -0.516017 0.816473 -0.0816891 -0.28182 0.162218 -0.168665 0.149281 
2.70232 -0.279334 2.88267 -0.808028 0.737045 -0.590904 0.447731 0.278492 -0.859206 0.132344 -0.00964552 0.152203 
3.25101 0.33094 3.60686 -0.345325 2.46533 -0.00127166 1.13195 0.865779 -0.209689 0.545942 0.204254 0.191787 
3.6216 0.849892 4.02317 0.109171 3.83256 0.152888 0.114792 0.279343 0.0389449 0.384197 0.188758 0.275601 
3.61939 0.685557 3.54865 -0.0103309 3.18049 0.319097 0.713148 0.677901 -0.0332356 0.835632 0.279621 0.179605 
4.15637 1.27886 3.13988 -0.00947274 1.1198 1.22758 1.78785 1.87588 0.378941 -0.388138 -0.275259 -0.114695 
4.3863 0.985081 2.62276 -1.15815 1.45812 1.22836 1.35186 1.66919 0.118236 -0.317511 -0.468717 -0.240246 
4.61394 1.90556 2.17109 -1.3513 1.0331 1.63997 2.26989 0.738264 0.0364837 -0.284429 -0.577506 -0.184978 
4.69178 1.94682 1.87564 -1.54391 1.48375 2.05259 1.58771 1.82226 0.0193868 -0.250276 -0.344098 -0.234222 
3.87108 0.683134 2.84934 -1.13631 2.12128 1.34127 1.26519 1.63649 0.444924 -0.085184 -0.41065 -0.123417 
3.82756 1.25861 3.3197 -0.654177 2.35727 0.760366 2.34992 2.11986 0.561317 0.299778 -0.396195 -0.0571857 
3.54582 0.760655 3.48401 0.0364527 2.27266 0.995926 2.01936 1.53116 0.788875 0.439787 -0.268639 0.0221737 
3.56231 1.23824 3.79332 -0.108179 2.732 0.660403 0.891215 0.291066 -0.062111 0.345032 0.135815 0.157312 
3.53184 0.454926 3.87875 0.284709 2.30881 1.02734 1.14276 0.766025 -0.334607 0.378953 0.155736 0.0428927 
3.49758 1.03174 3.16756 -0.130535 3.485 0.865202 0.841091 0.168854 -0.0580854 0.0782411 -0.0478482 0.128206 
4.33957 1.6793 2.78722 -0.879105 1.85239 1.58393 1.79052 1.90184 0.812466 -0.0260752 -0.354345 -0.163258 
4.52158 1.55073 2.50895 -0.793705 1.46145 1.68148 2.17342 1.5368 0.696201 0.261879 -0.401161 -0.204284 
4.3855 1.48842 1.28861 -1.48777 1.0548 1.68061 2.63222 1.45333 0.653933 0.30425 -0.300518 -0.14051 
4.3067 1.622 1.45554 -0.885106 1.47037 1.46399 2.0784 1.71425 0.509788 0.382434 -0.277821 -0.188069 
4.35697 1.34257 3.0244 -0.677129 1.47196 0.717993 1.82862 1.8407 0.11938 -0.0412231 -0.398079 -0.203612 
4.13902 0.918949 3.49474 -0.6694 1.37048 0.847318 1.76791 1.69928 0.569976 0.212892 -0.357593 -0.119593 
3.8571 1.17465 2.92797 -0.92223 2.07113 1.00336 1.6817 1.5805 0.594236 0.468964 -0.311654 -0.103534 
3.78088 0.836097 3.23355 -1.10262 2.53616 0.907342 1.09748 1.25135 0.412038 0.210445 -0.390141 -0.0517724 
3.71955 1.3134 3.09552 0.640009 2.76664 0.772478 0.70335 0.531813 0.0619686 0.0323168 -0.235824 -0.0810802 
3.69356 1.53301 3.68129 1.03593 1.86581 0.122486 1.27055 0.655102 -0.286454 0.468761 -0.00893916 -0.031544 
3.79001 1.78944 3.41283 -0.0918656 1.81027 -0.0207366 0.286832 -0.122794 0.309119 0.507337 -0.126594 -0.00367028 
3.75468 1.28736 3.92997 0.697854 1.90244 0.554188 0.661424 -0.249417 -0.269508 -0.663556 -0.251634 0.000866832 
3.72869 1.03277 3.60579 -0.488902 1.67838 -1.02737 -0.447827 0.713718 0.478253 0.507839 0.106571 0.111827 
3.87592 1.2738 3.90726 0.164579 0.886266 -1.60933 -0.249469 0.448317 0.384795 0.156808 -0.0413868 0.103325 
3.74569 1.12268 3.92622 -1.33811 1.00246 -0.0283808 0.180918 0.45181 -0.389709 -0.00360378 0.169194 0.0670709 
3.51946 0.958207 4.26652 0.0809641 2.30757 -0.241562 -0.0480383 -0.204514 -0.222434 0.140788 -0.0620427 0.104712 
3.37586 0.894896 3.98594 -0.0630842 2.67131 0.505225 0.303415 -0.420879 -0.12744 0.294845 0.0926615 0.163965 
3.69245 0.154821 4.40203 -0.547836 1.52541 0.263458 0.647168 0.563266 -0.737708 0.325879 0.0290736 0.0292594 
3.44191 0.617303 3.87079 -0.60508 2.00054 -0.0509916 0.769854 0.0430623 -0.760584 0.074307 0.150413 0.217551 
3.04124 0.293387 3.20466 -0.213189 1.63583 -0.208369 1.20398 0.722302 0.0167126 0.0725319 0.125883 0.193684 
3.07115 0.332905 3.53518 -0.560206 1.47758 -0.224595 0.0885575 -0.819658 -0.357026 0.185139 0.0170386 0.22376 
3.3747 -0.0911639 3.25101 -0.332271 1.34943 -0.594943 0.276342 -0.0199301 -0.36365 0.268054 0.00438193 0.181085 
