2.99564 0.308525 3.26831 -1.5461 0.793324 -1.2441 0.459115 1.01815 -0.179488 -0.151019 -0.228353 0.163816 
2.58725 0.356387 2.83048 -1.27138 1.54325 -0.81498 0.661046 -0.428821 -0.889446 0.205486 0.121267 0.272799 
2.69965 0.0334408 2.32808 -0.869855 1.84353 -0.110431 1.09717 0.277485 -0.260425 -0.0111988 0.227932 0.262363 
2.99776 -0.446034 3.08744 -0.143362 1.0796 -0.649719 0.518139 -0.259113 -0.88137 0.285814 -0.00685368 0.14692 
2.54265 -0.361833 3.19704 -0.841519 2.21354 -0.494723 -0.631591 0.0490597 -0.344073 -0.0668333 0.10229 0.254947 
2.90017 -0.0358796 2.65062 -1.63478 1.99215 -0.318115 -0.152221 0.146451 -1.0272 -0.0607515 0.0638608 0.210721 
2.77454 -0.186344 2.44338 -0.303411 2.16051 -0.219447 -0.0978095 -0.912489 -0.250153 0.00744688 -0.0503894 0.255893 
2.76307 0.315843 2.75831 -0.863151 1.55343 -0.296854 0.318533 -0.485273 -0.607924 0.027096 -0.0445342 0.194746 
3.12172 -0.537827 3.22299 -0.613221 1.55741 -0.152753 0.217147 -0.147984 -1.16558 -0.0630357 0.0611071 0.187529 
2.81354 -0.526676 2.96807 -0.85949 1.99243 -0.162859 -0.368539 -0.449425 -0.66974 0.0873698 0.163806 0.267663 
2.76074 -0.32711 2.23814 -1.45397 1.95538 -0.0532989 0.436284 -0.554775 -0.304709 0.189553 -0.0106945 0.336708 
2.74496 -0.276852 2.64307 -0.35985 1.65316 -0.769567 0.706468 0.230332 -0.428643 0.493279 -0.0919835 0.149466 
2.71576 -0.619532 2.96493 -0.532135 2.0398 -0.527982 -0.344881 -0.294547 -0.857812 -0.112236 0.0402401 0.271462 
2.81091 -0.094243 2.52853 -1.19181 1.68792 0.137106 0.742618 0.0305814 -0.745387 0.0742682 0.0305396 0.200113 
2.75759 -0.562014 2.75812 -0.550478 1.83225 -0.879823 -0.134381 -0.328855 -0.846602 0.404617 -0.141311 0.191296 
3.12065 -0.286964 2.49521 -1.21757 1.57506 -0.576763 -0.246716 0.597027 -0.204007 0.170379 -0.0268554 0.152595 
2.67964 0.146171 2.81056 -1.50745 1.07676 -0.545592 0.410119 0.0799606 -0.444616 0.0987418 -0.146355 0.198671 
2.96738 -0.219109 3.0208 -1.29144 1.30205 -0.356031 -0.645413 0.524602 -0.305675 -0.320251 0.0470053 0.194913 
2.62611 -0.183769 2.96516 -0.506999 1.27423 -0.256102 1.13764 -0.0675322 -0.584472 0.387094 0.0641037 0.171135 
2.71186 -0.132433 3.15514 -0.0808121 2.02867 -0.781078 -0.625093 -0.245273 -0.631499 0.0641839 0.107625 0.172774 
2.75504 -0.695839 2.41973 -0.285468 1.90549 -0.788326 -0.476538 0.00886722 -0.542461 0.316289 0.129602 0.196173 
2.89497 -0.381557 2.69096 -1.07852 0.968911 -0.361654 0.459854 0.518476 -0.788807 0.273504 -0.00272454 0.0977882 
2.78114 -0.520841 2.90773 -0.126074 1.47962 -0.742369 0.500594 -0.0974465 -0.827278 0.345454 -0.0112524 0.165484 
2.85711 0.422754 2.89201 -0.479542 1.78383 0.00349911 1.11737 -0.689776 -0.47986 -0.0467305 0.115209 0.259654 
3.64515 0.216302 3.39668 -0.115216 2.07905 0.358291 0.49471 0.585887 -0.0980155 0.0272669 0.243959 0.210641 
3.29123 0.259134 3.92355 -0.47488 2.05142 0.361651 0.360404 0.370351 -0.363361 -0.0152272 0.216699 0.183496 
4.02441 0.943177 3.17983 -1.37074 1.30646 0.256692 2.02116 1.99609 -0.321671 0.258313 0.0103961 0.00493873 
4.74696 1.03637 0.961817 -2.54233 1.39625 2.51625 2.18209 1.72262 -0.279306 -0.263952 -0.207185 -0.121513 
5.21991 1.48275 0.711138 -3.08847 0.59572 2.50333 2.2026 1.32658 -1.09085 -0.824921 -0.44667 -0.199551 
5.20641 1.53582 1.5995 -2.36756 0.91723 1.98892 2.30136 1.46946 -0.87957 -0.522876 -0.440182 -0.223167 
4.44991 1.2735 2.14707 -1.33661 1.70879 0.727364 1.54926 1.18885 -0.242514 -0.531638 -0.551691 -0.148381 
4.38722 0.982814 3.32632 -1.30963 1.75161 0.696682 1.46286 0.758608 -0.406955 -0.690893 -0.60778 -0.0112307 
4.38574 1.5571 3.21486 -0.38853 1.50393 0.780993 2.48141 1.23565 -0.203925 0.0292562 -0.363241 -0.0925228 
4.03511 1.33183 3.85522 0.210883 2.46193 0.909475 1.13478 1.19786 -0.832095 -0.0287277 0.0731727 -0.0273862 
4.021 0.698882 3.60184 0.225478 3.57038 1.50033 1.25038 0.614041 0.224782 0.379904 -0.153997 0.0981308 
4.19382 0.841106 3.25313 -0.90508 1.69249 0.321142 1.51193 1.76221 0.733557 0.174024 -0.366597 -0.0357052 
4.354 1.59023 2.89404 0.0804196 2.19052 0.31837 2.73964 1.3747 0.502273 0.315675 -0.533019 -0.106908 
4.34928 1.56922 3.26987 -0.662858 2.02012 0.980427 1.68335 1.92688 0.515932 0.13116 -0.370277 -0.175291 
4.27894 1.8841 3.15759 0.122391 1.53759 0.706748 1.58083 1.94865 0.71422 -0.183806 -0.258026 -0.117816 
3.9819 1.66975 3.54484 -0.138568 1.25623 0.464778 1.25968 1.58016 0.6669 0.169281 -0.261008 -0.140252 
4.10194 1.14663 3.84678 -0.861432 1.20445 -0.0435088 1.63104 0.983854 -0.438342 0.0992048 -0.413552 -0.120823 
3.75439 1.51359 3.78582 -0.220413 2.75813 0.9347 0.817799 0.598735 0.11469 -0.100878 -0.226066 -0.000547346 
3.60457 1.02611 3.68352 0.286198 2.51635 0.77125 0.932504 0.733145 0.0953482 -0.0207755 -0.103758 0.0384934 
3.51673 0.581928 3.14709 0.747259 1.36496 -0.629218 1.71635 0.711903 0.56538 0.641915 -0.366911 -0.0349086 
3.80379 0.979995 2.98367 0.532951 1.41974 0.10367 1.27048 0.422008 0.351569 0.422927 -0.336079 -0.120101 
3.57432 1.84104 3.37809 0.624092 1.25708 0.199211 0.175742 1.29091 0.637286 0.0805646 -0.199112 -0.130162 
3.98162 2.48126 3.75645 0.554397 0.311697 -0.151215 0.460278 0.580458 0.955815 1.00485 0.0665128 -0.00169799 
4.31285 1.97262 3.7831 0.199048 1.3557 -0.494236 -0.113421 0.13267 1.00108 1.19296 0.0318053 0.0284126 
3.95193 1.02798 4.09098 -0.450427 0.962642 -1.10679 0.12424 1.06332 0.453332 0.669995 0.00966942 0.0286129 
3.9486 2.0177 4.35938 0.165775 1.30798 -1.51602 0.310493 -0.264876 0.589309 0.985649 -0.271207 0.0738949 
3.79773 1.42932 3.60464 0.357544 1.58476 -0.589157 0.692226 0.170438 0.531233 0.835529 -0.0647599 0.0572672 
3.83592 0.947319 3.56647 0.247578 2.07824 -0.703607 -0.691711 0.485914 0.291178 0.0127317 0.0299747 0.0946797 
3.55105 0.668061 4.06021 -0.15235 1.75233 -0.140934 0.0419904 0.204767 -0.00661167 0.139277 0.057774 0.107188 
3.68581 0.392619 3.39199 -0.633256 1.28567 -0.316182 0.872054 0.475926 -0.317137 0.905779 0.300212 0.124221 
3.2287 0.170079 3.86712 -0.3981 2.60174 -0.0658904 0.649225 0.0926292 -0.304917 0.692992 0.0279226 0.153298 
3.57722 0.69283 4.08184 -0.591363 2.09981 0.510796 0.493907 -0.0870126 -0.296747 0.174366 -0.0402444 0.103488 
3.2265 0.629555 3.51619 0.0739619 2.55862 0.575892 1.41277 0.216126 -0.504058 0.109914 -0.0632096 0.0665787 
3.38024 0.507995 3.84074 0.0590515 1.87735 0.0746335 0.853473 0.0477196 -0.0395399 0.0283103 -0.126475 0.125243 
3.22018 0.129926 3.36103 0.182242 2.24764 0.176746 1.33295 -0.313742 -0.34649 0.310965 0.0557108 0.205686 
3.38725 -0.00032546 3.46121 -0.997767 1.16937 -0.079671 0.641218 0.121015 -0.492951 0.569827 -0.136433 0.0531325 
