2.83542 -0.288167 3.14519 -2.27652 1.08728 0.122705 -0.444511 -0.129649 -0.942331 -0.494757 0.0568353 0.192072 
2.96915 -0.527712 2.57653 -0.903741 1.13222 -1.021 -0.318336 -0.73841 -0.647147 0.436987 -0.0983282 0.160454 
2.80655 -0.245766 2.12113 -1.15249 1.12647 -0.647893 0.508145 -0.3739 -0.284129 0.155659 -0.27818 0.145726 
2.87371 -0.11921 2.25075 -1.54691 1.10076 -0.690369 -0.428862 -0.602037 -0.78311 0.175966 -0.102735 0.0866679 
2.96303 -0.366214 2.87745 -1.45557 1.3209 -0.707935 -0.149335 0.115534 -0.592152 -0.0837159 -0.0857146 0.12068 
2.77626 0.0617404 2.09882 -1.01042 1.21383 -0.668978 -0.114255 -0.69492 -0.616005 -0.155613 -0.0342211 0.183643 
2.85741 -0.541791 2.06165 -1.22076 1.4047 -0.624101 -0.228084 -0.627128 -0.512103 0.0130154 -0.169449 0.187821 
2.75363 -0.461419 2.477 -1.0918 1.54745 -0.113269 -0.35658 -0.468117 -1.1641 -0.421833 0.1413 0.183983 
2.43759 -0.316423 2.80022 -1.28404 1.30849 -0.167539 -0.533789 -0.687937 -0.179122 0.0596623 -0.0846157 0.18956 
2.74293 -0.483927 2.83958 -0.385387 1.34522 -0.948367 -0.267849 -0.0361138 -0.962088 -0.252317 0.0922775 0.146932 
2.7142 -0.457494 2.64457 -1.50052 2.18661 -0.400409 -0.642753 -0.672446 -0.845943 -0.0547904 -0.0135126 0.221156 
2.80244 -0.34503 2.12226 -0.641433 1.82781 -0.608663 -0.22078 -0.313194 -1.02399 0.260507 0.0274034 0.0993714 
2.69199 -0.483082 2.4059 -1.20049 1.74498 -0.117938 -0.0497982 -0.911741 -1.12794 0.0714835 -0.0844807 0.166579 
2.60795 -0.123977 2.54347 -1.04327 1.83463 -1.21976 -0.152794 -0.533656 -0.093785 -0.0157113 -0.159235 0.212723 
2.76687 -0.189383 2.19019 -1.38351 1.19389 -1.04904 -0.33097 0.0377992 -0.882023 -0.0705555 -0.104002 0.129373 
2.91343 -0.394607 2.09734 -0.754892 0.9198 -0.153602 0.405738 -0.979132 -0.0347335 0.0648132 -0.0785367 0.214729 
2.75531 0.0631982 2.12392 -0.562473 1.17067 -0.877287 -0.336081 -1.47169 -0.0525934 0.0487262 -0.11788 0.194262 
2.7209 -0.345162 2.42866 -1.4525 1.26655 -0.893799 0.295152 -0.407826 -0.508795 -0.209143 -0.129639 0.309433 
3.27825 -0.461156 2.10891 -1.12491 0.398152 -0.672574 0.256506 -0.0726636 -0.61163 0.0840858 -0.293328 0.00634708 
2.47367 -0.522359 2.8302 -0.883804 1.64709 -0.434783 -1.20797 -0.837521 -0.701222 -0.00341041 -0.0604695 0.121104 
3.03949 -0.412368 2.65932 -1.38215 1.60017 -0.436402 0.153744 -0.173037 -0.45063 -0.275481 -0.158516 0.183244 
2.89827 -0.123098 3.13923 -0.527521 0.748815 -0.559555 0.812358 -0.87362 -1.78979 0.00791953 0.19148 0.134184 
2.70717 -0.0128674 2.11964 -1.44387 0.795039 -0.877073 0.228794 -0.262531 -1.01971 -0.0548616 -0.0437594 0.139379 
2.85279 -0.21422 2.34139 -1.6607 0.692577 -0.453126 0.199486 -0.439143 -0.437923 -0.365928 -0.258601 0.186359 
2.58684 0.0903098 2.90746 -0.632535 1.87795 -1.10536 0.192118 -0.532872 -0.410908 0.174955 -0.123641 0.17171 
2.97121 0.527349 3.04626 -0.109683 1.27817 -0.182346 1.36368 -0.443859 0.463582 0.3996 -0.182017 0.141291 
3.37964 0.683503 3.81838 -0.515642 2.50418 -0.00151112 0.700364 0.160104 -0.697701 0.469475 0.246707 0.191591 
3.52539 0.960994 3.16416 0.229802 2.55313 0.296965 1.00439 1.03361 1.2212 0.236917 0.0748876 0.204206 
3.4914 1.04319 3.51708 0.133874 2.70529 0.0216572 1.03394 1.06991 -0.0870858 -0.141101 0.265222 0.220803 
4.09261 0.0437602 -0.150076 -1.91514 1.64706 2.23308 3.58184 1.87575 0.280845 -0.272492 -0.186686 0.0333721 
4.74291 0.988266 0.313949 -2.26008 1.71631 2.53693 3.34486 1.65709 -0.532572 -0.0481846 -0.186848 -0.0304413 
5.03297 1.30062 0.940031 -2.78443 1.84766 2.68092 2.82404 1.04927 -0.864268 -0.342717 -0.341602 -0.0560446 
4.84136 1.39313 0.774481 -2.74434 1.98807 2.44697 2.81999 0.889776 -1.2648 -0.358028 -0.424583 -0.0895291 
4.99064 0.902469 0.753589 -1.52693 2.36617 2.04614 2.81892 -0.065524 -0.72032 0.165798 -0.443303 -0.132798 
4.38922 0.810227 1.05117 -2.22907 1.97633 1.53101 1.9155 0.299854 -0.561113 -0.340442 -0.602598 -0.144017 
4.0573 0.782536 2.25155 -0.515373 1.72459 1.2249 2.30364 0.0747395 -0.488914 -0.154367 -0.43161 -0.0443214 
3.90973 0.234824 2.32957 -0.745191 2.11641 1.37841 2.14732 0.950069 0.323587 0.201668 -0.431568 -0.0136591 
3.60276 1.44265 2.7954 -1.27641 2.16448 0.568131 1.54381 0.932812 -0.430621 -0.200615 -0.0467163 0.0931464 
3.60358 -0.0279169 3.56491 -0.48819 2.32999 0.890407 1.72766 1.66746 -0.331304 0.0761347 -0.0398598 0.0605039 
4.6112 1.23465 2.3246 -1.19172 1.50922 1.18732 1.85941 1.30992 0.984951 0.314498 -0.456256 -0.177485 
4.39053 2.08484 2.64866 -0.572507 1.0203 1.40259 1.57378 2.03874 0.657245 0.0561936 -0.323735 -0.245702 
4.25559 2.1135 1.55305 0.423459 0.884553 0.876244 2.23041 1.52217 0.490352 0.125501 -0.404913 -0.232822 
3.88066 2.03462 2.03607 -0.912072 0.982513 1.28542 1.62295 1.73482 0.614995 0.115503 -0.359671 -0.212322 
4.41738 1.46484 3.57204 -0.992199 1.64481 0.628247 1.58453 1.92381 0.241868 0.0823565 -0.435221 -0.223526 
4.08754 1.27327 3.40228 0.412481 2.35605 1.47562 1.3459 0.968896 -0.583939 0.305801 -0.154666 -0.177274 
3.6889 1.36774 3.42615 0.615016 2.40417 0.956922 1.37997 1.02456 0.316425 -0.210809 -0.393757 -0.082822 
3.95837 1.04354 3.94233 0.231687 1.92241 -0.177596 1.17697 0.814749 -0.277359 -0.0275476 -0.143316 0.0616628 
3.95381 0.727124 3.8483 -0.119499 3.05241 0.730789 0.537211 0.253237 -0.860378 -0.417006 -0.135357 0.0643923 
3.89258 1.1078 4.33753 0.169427 2.59671 0.254863 0.215002 1.34953 0.233449 -0.106671 -0.239972 -0.0631797 
4.17686 1.07577 3.56287 -0.349783 0.884641 -1.78502 0.872465 0.206225 -0.141798 0.505669 -0.146024 0.111126 
3.9955 1.60005 3.97973 -0.368881 0.833033 -1.52912 -0.621243 0.53564 0.677867 0.669334 -0.112642 -0.0152036 
3.53965 1.51784 3.12911 -0.474893 1.12384 -1.77928 -0.120613 0.221813 0.579827 0.736291 -0.0610779 0.0552861 
4.03941 0.589644 3.09201 -1.23902 1.1246 -1.04324 0.120285 0.290782 0.0585275 1.20573 0.115104 0.0347756 
3.82649 0.79002 3.57243 -1.29079 0.666103 -0.742175 0.31769 0.400248 0.223141 0.57622 0.117294 0.111493 
3.78772 0.535374 3.09864 -1.34015 1.42629 -0.284722 0.196337 0.449719 -0.125614 0.557109 0.239446 0.0922337 
3.68925 0.441937 3.88067 -1.1358 1.01024 -0.657879 0.617263 0.327272 0.0375363 0.483769 -0.152226 0.0948673 
3.59292 0.171132 3.63332 -1.31615 1.34547 -0.249193 -0.146706 -0.0323563 -0.283505 0.238034 0.0935544 0.132593 
3.05082 0.304342 3.19929 -1.31157 1.02706 -0.302495 0.767761 -0.298864 -0.210153 0.220402 0.153102 0.164223 
3.32581 0.449498 2.65073 -1.28575 1.49617 -1.33178 0.0631228 0.168818 -1.16693 -0.0634041 -0.00799995 0.117891 
2.91265 -0.410271 3.24935 -0.784658 0.885975 -0.455621 0.382468 -0.311461 -0.992666 0.559906 0.0761338 0.0270639 
