2.9555 -0.163539 2.74657 -0.51144 0.734859 0.0244827 0.463524 -0.240458 -0.346824 0.128978 0.0714046 0.161137 
2.90593 -0.203166 2.60089 -0.967159 1.86259 0.115282 -0.172621 0.0564374 -0.38753 0.102402 0.0133702 0.14351 
2.80243 -0.140444 2.57635 -0.820087 2.81399 -0.625131 -0.835717 -0.369025 -0.590638 -0.119514 0.083975 0.262031 
2.84535 -0.270069 2.25472 -1.15281 1.66995 -0.46053 0.808534 0.199331 -0.455515 0.345521 -0.0101405 0.21483 
2.59036 -0.42544 3.13186 -1.13942 1.4326 0.0935446 -0.00409146 -0.212014 -1.00622 -0.0798455 0.150169 0.217632 
2.77611 -0.28143 2.74478 -1.1181 2.04794 0.181756 0.58957 0.321112 -0.42001 0.487889 -0.060334 0.1242 
2.96684 0.0140123 2.66524 -1.51532 0.955135 -0.596162 0.943404 -0.337364 -0.841322 -0.00882986 -0.171876 0.262554 
2.83902 -0.41985 2.48284 -0.155307 1.67967 -0.353759 0.735837 -1.13305 -1.08267 0.16352 0.0606929 0.268019 
2.76463 -0.248754 3.7988 -0.631813 1.22043 -0.566628 0.416423 -0.281931 -0.629096 0.395256 0.0714775 0.204801 
2.75901 -0.219141 2.65721 -1.56385 1.37249 -0.0549197 -0.555311 -0.0380177 -0.526812 0.0150515 0.0180602 0.191365 
2.94929 0.160888 2.07283 -0.892733 1.17753 -0.960734 0.673618 0.31959 0.375501 -0.092062 -0.311422 0.20581 
2.60195 0.130116 2.37872 -0.16275 1.25841 -1.18557 0.253623 -0.0147619 -0.766037 0.430609 0.0158041 0.148535 
3.06946 -0.612897 2.94306 -1.17416 1.82884 0.183058 -0.0566385 0.38955 -0.485185 -0.0945491 0.000199064 0.177199 
3.0339 -0.531398 3.44385 -0.911164 0.981599 -0.653639 0.213833 -0.113002 -0.712013 0.162852 -0.171772 0.193498 
2.73211 -0.0908899 2.63617 -0.899402 2.02441 -0.461099 -0.0615252 -0.607557 -0.643943 0.471833 -0.0771104 0.186264 
2.90304 -0.36463 2.32496 -1.13914 1.66481 -0.392816 -0.24448 0.357352 -0.640125 -0.25578 0.0713945 0.235058 
2.87591 -0.0875794 2.42164 -0.278572 1.71026 -0.75436 0.34728 -0.874695 -0.392802 0.409721 0.0448455 0.246544 
2.97305 0.0246672 3.02019 -0.300756 1.36416 -0.286936 0.4766 -0.636536 -0.614232 0.265653 0.172144 0.200756 
2.79378 -0.229549 3.34801 -0.620835 1.18092 -0.00910332 0.241319 -0.665602 -1.04252 -0.00678646 0.1544 0.201431 
2.95055 0.268758 3.00739 -0.739841 2.09924 -0.765795 -0.1942 0.0467781 -0.216598 0.0426079 0.0979958 0.2341 
3.50078 0.0207657 3.45346 0.130019 2.52871 0.0092532 1.40734 -0.0452935 -0.167822 0.492707 -0.05902 0.272882 
3.00703 0.123012 3.63481 0.383082 2.62153 -0.156873 1.0557 0.404253 -0.203389 0.654031 0.163292 0.162233 
3.30918 0.621319 4.44282 -0.557046 1.42453 0.107781 1.08613 0.0615439 -0.337943 0.246316 0.0554321 0.189017 
3.94761 1.01571 3.24713 -0.0579889 2.71445 0.970226 1.7302 0.596852 0.180534 -0.0888591 -0.186068 0.15378 
4.12898 1.04701 4.12583 0.151227 2.62056 1.38565 0.778627 0.313861 -0.456502 -0.273719 -0.140757 0.0159908 
4.75066 1.4128 3.32296 -1.59427 2.02058 0.751894 1.74137 0.829196 -0.363188 -0.435185 -0.708014 -0.0660538 
4.84222 1.16055 2.40339 -1.34815 1.52105 0.680885 2.02182 0.941362 -0.133061 -0.321393 -0.675512 -0.138669 
4.53273 1.0583 2.94497 -0.941435 1.53121 0.696482 1.97111 1.22326 -0.49865 -0.489248 -0.591884 -0.150997 
4.15435 0.65403 3.79405 -1.23026 1.94996 1.06166 1.39297 1.13119 -0.145365 -0.530325 -0.632292 -0.0526127 
4.35795 0.972777 4.22632 -0.717039 1.97402 0.783861 1.47087 1.49939 0.0109489 -0.433224 -0.244704 0.111384 
3.87755 0.903734 4.03351 -0.422 1.98964 0.820039 1.8945 1.55801 0.182936 0.0351733 -0.17814 0.057612 
3.70537 0.666671 3.3535 -0.186074 3.17896 1.40322 0.787039 1.16358 0.536365 0.135034 -0.094789 0.0436425 
3.33639 0.976962 3.91131 0.276113 3.44221 0.241252 0.773842 0.96502 0.012256 0.268743 -0.0564833 0.0860229 
3.68999 0.977795 2.93183 -0.847125 1.88922 0.572839 0.673444 0.630015 0.961534 -0.0872901 -0.329361 0.011274 
4.16991 1.60849 3.22568 -0.337388 1.89977 0.495385 1.92751 2.39234 0.769108 0.278554 -0.374071 -0.18454 
4.1649 1.4964 3.90862 -0.254906 0.778267 1.21919 2.58352 2.24188 0.734842 0.247373 -0.309057 -0.197154 
4.37907 1.09354 3.25508 -1.14384 1.31935 0.377896 2.26829 2.27039 1.00101 0.302676 -0.433537 -0.100206 
4.09095 0.690287 3.03691 -1.91913 1.11944 0.859884 1.69461 2.68186 1.25458 0.0477763 -0.286537 -0.102722 
4.17616 1.38266 3.28168 -0.746271 1.26882 0.189435 1.56327 2.56788 0.786305 -0.260136 -0.328708 -0.142927 
3.8215 1.57445 3.46393 -0.167376 2.39409 0.446725 1.7447 2.06479 0.71224 0.334535 -0.349705 -0.0939218 
3.85224 0.943784 3.42095 -0.560656 2.33498 0.711139 1.42978 1.64011 0.840812 0.0681565 -0.428834 -0.0279629 
4.0908 0.244113 3.65033 -0.101564 1.48731 -0.470134 1.39152 1.55547 0.0468525 0.615803 -0.246573 -0.0799176 
3.38683 0.686216 2.92974 -0.507358 2.5858 0.761062 1.25869 1.42276 0.139573 0.111962 -0.195917 -0.0149392 
3.36975 1.32496 3.98518 1.19354 2.58588 0.496932 1.14019 0.785757 -0.0634454 0.3947 -0.246297 -0.0850749 
3.81542 1.44001 3.68379 1.20305 2.31584 0.929609 0.756142 0.204286 0.0854178 -0.309436 -0.0905343 0.0176528 
3.88364 1.08286 4.60705 0.603656 2.25639 -0.397881 0.252133 0.502239 -1.1261 -0.123457 0.0104105 -0.0185217 
3.67757 1.19084 4.04252 0.200619 1.69133 0.291191 0.168515 0.033544 -0.546042 -0.169014 -0.079683 -0.0538262 
3.32744 0.985732 3.79235 0.439794 2.2605 -0.0707267 1.58151 -0.18745 -0.570949 0.615141 -0.178101 0.019995 
3.26348 0.7742 3.44622 0.632811 2.14185 0.52887 1.52767 0.395797 -0.0682602 0.0387656 -0.125421 0.0290925 
3.49597 0.677114 3.93504 0.353096 1.90821 -0.379955 0.23731 -0.448491 -0.272119 -0.00378766 0.0207626 0.170121 
3.1083 0.672781 4.22648 1.21592 2.10643 -0.231484 0.509922 -0.243247 -0.071332 0.353385 0.0721282 0.0719375 
3.45085 0.990064 3.63809 -0.943967 2.72245 0.228745 0.383761 0.346239 -0.48272 -0.0742036 0.0605948 0.132463 
3.16687 0.483314 3.89264 -0.093681 2.15369 -0.191787 -0.107773 0.266517 -0.0981282 0.237896 -0.000345033 0.0722584 
2.99738 -0.163242 3.40875 0.0277615 2.18569 -0.474465 0.930568 0.634164 -0.159886 0.404896 -0.125537 0.131358 
3.00343 0.168629 3.26507 -0.379812 0.599899 -0.509674 0.327722 0.427506 -0.536545 0.0228799 0.0149111 0.0682614 
2.79549 0.0325627 2.70683 -0.345213 1.98568 -1.13712 0.534467 0.131789 -0.709757 0.15547 0.0599268 0.226219 
3.06169 -0.448577 3.54674 -0.844376 1.6025 -0.237255 -1.05687 0.0153595 -0.436281 -0.0693943 0.100709 0.161926 
2.73139 0.105739 2.36799 -1.64252 2.34275 -0.346009 -0.459564 0.10802 -0.329028 -0.338549 0.151179 0.290052 
2.76158 -0.230499 2.9496 -1.46648 2.03712 0.0348845 0.339424 -0.302521 -0.375893 0.432195 -0.00291258 0.246465 
2.87329 -0.0781074 2.33926 0.209042 2.08822 -1.13849 0.175067 -0.747525 -0.171726 0.0655212 -0.0590734 0.269536 
