2.71193 -0.59917 2.7128 -1.21645 1.26483 -0.443308 -0.230845 -0.806264 -0.660726 0.279444 -0.124671 0.158135 
2.44586 -0.239539 2.38377 -1.5893 1.27138 -0.695171 0.105077 -0.614116 -0.712516 0.174596 -0.186344 0.139594 
2.41794 -0.389545 2.24175 -1.22562 1.11669 -0.929701 -0.25833 -1.22141 -0.583883 -0.00471253 -0.296722 0.100921 
2.66639 -0.0401258 2.80665 -1.97283 1.50079 -1.0147 -0.334242 0.753308 -0.904389 -0.553832 -0.151197 0.0566709 
2.81459 -0.38678 2.23361 -1.07003 0.746103 -1.36931 -0.586494 -0.0723572 -0.741295 -0.158227 -0.157358 0.0213052 
2.53355 -0.47299 2.52212 -1.0656 0.293691 -0.322835 -0.0681259 -0.542448 -0.93084 0.0742548 0.0897727 0.075584 
2.52457 -0.201244 2.41066 -1.18428 1.37874 -0.824722 -0.509066 -1.30301 -1.03769 0.0664334 -0.167324 0.0520758 
2.90664 -0.628764 2.24733 -0.345584 0.980769 -0.973224 0.369113 -0.570206 -1.03534 -0.0783698 -0.184216 0.132233 
2.81998 -0.297076 2.31218 -1.66764 0.549136 -0.376067 -0.213067 -0.865418 -0.74886 0.198873 -0.0401571 0.0939248 
2.49396 -0.394485 2.51083 -1.49541 0.880331 -0.724342 -0.358213 -1.42623 -0.945994 0.155479 -0.0128513 0.113642 
2.74286 -0.336114 2.24084 -1.70428 0.567703 -1.2995 0.171619 -0.191612 -0.804137 -0.432607 -0.277491 0.127285 
2.38769 -0.530476 2.69461 -1.1034 2.14456 -0.547932 -0.224469 0.453112 -0.00387083 -0.436223 -0.376043 0.113926 
2.97445 -0.473417 2.80909 -1.19887 1.16492 -0.364058 0.18008 0.0195467 -0.805467 0.232265 -0.146756 0.0147592 
3.21705 0.381507 3.30328 0.0377937 2.44829 0.367562 1.45386 0.272396 0.115563 0.109764 0.0620003 0.241462 
3.68635 1.02241 3.65052 0.440946 2.77428 -0.32326 1.38234 1.01349 0.0962355 0.601056 0.146216 0.213634 
4.54626 1.74846 2.72286 -1.35093 2.2093 1.7897 2.57859 1.3344 0.843506 0.717038 -0.282157 -0.0284962 
5.13873 1.56968 1.77149 -1.65917 1.72735 2.06504 3.05336 1.39727 -0.602759 0.191385 -0.214623 -0.0777511 
5.19197 1.49329 2.69556 -1.35185 2.46182 1.2584 2.01554 1.74763 -0.484501 0.0184302 -0.322824 -0.123933 
4.65777 1.88617 2.79666 -0.662093 1.61752 1.43345 1.36192 1.18071 -0.716497 -0.572138 -0.252043 -0.121365 
4.43195 1.86793 2.56186 -0.220607 1.6798 0.84485 1.88735 1.20116 -0.363949 -0.555722 -0.394398 -0.109043 
4.20449 1.96316 4.17672 0.335859 2.83946 0.998691 1.7701 0.848151 -0.55464 0.171239 -0.0149292 0.0664195 
4.06489 0.950993 4.09787 0.887072 2.7937 0.483369 1.84683 1.80508 -0.26634 0.347519 -0.094056 -0.0228817 
4.71084 1.54163 1.56695 -1.37497 1.04367 2.07886 2.99474 0.407119 0.027241 0.544167 -0.356204 -0.159161 
4.94221 1.95459 0.521154 -1.15416 1.32197 2.30407 3.16078 1.48018 -0.624954 0.323239 -0.214858 -0.144196 
5.10935 2.05787 0.949623 -2.03492 1.05465 2.32092 2.81668 1.44937 -0.403885 0.036913 -0.30821 -0.162727 
5.48654 1.43485 2.02527 -1.9398 1.98129 1.76772 2.18801 1.25822 -0.00934546 0.534649 -0.258514 -0.195445 
5.37663 0.823243 1.64745 -1.512 1.52949 2.38119 2.12299 1.5507 -0.558109 0.118616 0.009907 -0.197868 
4.78505 1.85774 2.13812 -2.02561 1.9506 2.25427 1.32331 1.02452 -0.202253 0.397038 -0.0336084 -0.125409 
4.41014 1.42155 2.58524 -0.4553 2.18266 2.19677 1.12925 0.771084 -0.151727 -0.0538478 -0.181036 -0.129373 
4.00529 1.31856 3.10082 0.226011 1.44337 -0.170634 1.79851 1.76406 0.242788 0.616837 -0.346903 -0.208422 
3.86787 1.12733 3.48657 -0.488925 1.64791 1.67055 0.964113 0.518104 0.120662 -0.0304603 -0.200942 -0.0663265 
4.40537 1.61833 3.77056 -0.494674 1.62207 0.345118 0.461009 0.504631 0.645007 0.61077 -0.100299 -0.00806851 
4.73676 2.09313 4.34136 -0.120881 1.14184 -0.345259 0.254568 0.405048 0.229268 1.25131 0.150543 -0.00365031 
4.47426 2.10255 3.35382 -0.918542 1.0865 -1.27041 -0.209718 0.344858 0.345986 0.905652 0.153197 0.0951438 
4.18143 2.1667 4.21266 -1.01853 1.01323 -0.488636 -0.518991 -0.21668 0.103258 0.640132 0.0815787 0.0833558 
4.58078 2.0059 4.61334 0.37786 0.847295 -0.559411 -0.862395 -0.327585 0.730292 0.561064 -0.0238323 0.06296 
4.04929 1.78642 4.13522 0.266333 0.888951 -0.632943 0.154131 0.871031 0.354892 1.05643 0.296848 0.0715284 
3.98511 0.831556 3.23714 -0.620661 1.02875 -1.34216 0.436517 0.841039 0.997069 1.15807 -0.0125705 0.0746116 
4.27551 0.947773 3.04089 -1.17348 0.826758 0.0827106 0.653077 1.99644 0.860427 0.704784 0.237245 -0.021452 
3.88685 0.492337 3.70267 -0.423199 1.56723 0.00369392 0.982311 1.22524 0.165 0.463672 0.0353316 0.0510425 
3.87774 0.952481 3.81477 -1.06921 1.58925 -0.139009 1.1379 1.88343 0.208223 0.81698 -0.00326751 -0.049827 
3.42153 0.513987 2.93199 -0.851505 1.6571 0.561427 0.895101 1.13734 0.757897 0.243726 -0.18947 -0.0233347 
3.33775 0.205484 3.33896 -0.415937 2.27991 0.0918188 0.286943 1.07014 -0.198764 -0.267172 0.00352985 0.0465985 
3.08431 0.558158 3.77084 -0.532836 2.29848 -0.423212 0.918395 1.2218 -0.273107 -0.143154 -0.0800995 0.0739834 
3.23338 0.551445 2.36403 -0.628877 1.78138 -0.122429 0.852969 0.127174 -0.370945 -0.0745117 -0.0166456 0.096095 
3.09728 0.484782 3.41152 0.0911447 2.23817 0.0831275 0.69648 -0.0753072 -0.776007 -0.00382153 0.216832 0.118052 
3.11076 0.0970965 3.14103 -0.379359 1.65692 -0.834672 0.0576026 0.00653739 -0.380083 0.0653144 0.0754124 0.136109 
3.37367 0.0399397 3.64485 -0.730802 2.22344 -0.261632 0.0203292 -0.119036 -1.28849 0.0883688 0.216798 0.17873 
3.15071 0.136481 3.01907 -1.46992 2.27557 -0.270857 -0.520251 -0.48318 -0.44589 -0.0194291 0.113515 0.225532 
2.91503 0.270474 3.03241 -1.38049 1.13329 -1.07153 -0.259895 -0.166535 -0.649702 0.0409183 -0.157627 0.0306622 
2.91341 0.108068 3.56644 -1.20727 1.7524 -0.191834 0.522647 -0.0148488 -0.662461 0.248741 -0.179714 0.046338 
2.94913 -0.0364599 2.86279 -0.426353 1.97051 -0.3971 0.189784 -0.689682 -0.0714606 0.408977 -0.290846 0.0182372 
2.94311 -0.444654 2.80961 -1.54637 0.973208 -0.465883 0.244148 0.0987756 -0.379617 -0.0538168 -0.153684 0.126893 
2.96463 -0.155862 2.01945 -1.39453 2.34971 -0.159082 -0.375833 0.126634 -0.628582 -0.175213 -0.0728684 0.0811694 
2.82208 0.049579 3.0288 -0.616297 1.5573 -0.307631 0.297184 0.165232 -0.240104 -0.232722 -0.0149343 0.144031 
2.92596 -0.311438 2.17062 -1.44741 0.992761 -0.661238 -0.0367023 -0.227125 -1.02547 -0.118397 -0.128256 0.0466899 
2.77237 -0.338583 2.7388 -1.43754 1.19838 -0.172987 -0.679543 -0.353219 -1.0756 -0.173981 0.0285694 0.0912161 
2.5674 -0.249567 3.13818 -2.19632 0.491574 -0.889665 -0.541624 0.0791714 -1.16998 -0.369558 0.0416693 0.0125561 
2.69748 -0.417468 2.45255 -0.656396 1.78245 -1.65255 -0.719509 -0.252721 -1.14699 -0.196815 0.0493043 0.154407 
2.50797 -0.180943 2.74137 -1.6597 0.826475 -1.12771 -0.188253 -0.0983517 -0.601118 -0.586218 -0.354621 0.094903 
