2.52401 -0.275087 2.07397 -1.64019 0.563846 -0.865657 -0.198134 -1.21865 -0.670122 -0.765871 -0.119113 0.277491 
2.55854 -0.0715639 2.09999 -1.93874 1.93696 -1.25968 -0.76913 -0.0946975 -1.12553 -0.505117 0.0374418 0.149688 
2.64097 -0.0928494 3.1218 -0.640694 1.00783 -0.690676 -0.204725 -0.584986 -1.20671 -0.185783 0.211225 0.0920358 
2.41215 -0.00804554 2.40443 -1.70276 1.68076 -0.612868 -0.820542 -0.840381 -0.835441 0.020273 -0.0229529 0.158662 
3.02711 -0.348278 2.19309 -1.2428 0.266352 -2.03284 0.757864 0.165219 -0.57389 -0.137629 -0.388616 0.148019 
2.59975 -0.372291 2.56106 -2.22265 1.37224 -0.528132 -1.91109 -0.439009 -0.481766 -0.529863 0.0605043 0.135974 
2.81836 -0.366126 2.07385 -0.999857 1.22636 -0.883916 -0.165994 -0.223827 -0.509021 -0.347076 -0.120747 0.0933964 
2.58519 0.103949 2.90898 -0.320207 1.38993 -1.61588 -0.315409 -0.914038 -0.93117 0.0885606 -0.0766916 0.150301 
2.96113 -0.301824 1.75988 -1.45367 1.81553 -0.836486 -1.06673 -0.0143015 -1.17276 -0.195937 0.212471 0.114669 
2.86906 -0.368951 1.92911 -0.83694 0.913995 -0.784706 0.320556 -0.422184 -0.544313 -0.216382 -0.248845 0.118972 
2.90087 -0.360054 1.83171 -1.11744 0.987511 -0.927753 0.121888 -1.02562 -0.380938 0.172578 -0.170681 0.106977 
3.22645 -0.341606 2.54332 -1.47279 0.885304 -0.549305 -0.216481 -0.47776 -0.526748 0.0214777 -0.228702 0.102825 
2.69967 -0.645743 1.94127 -1.02663 1.44626 -0.726436 -0.00289168 -0.776536 -0.664911 -0.0641346 -0.334827 0.191738 
2.50657 -0.528063 2.39322 -0.805218 1.6538 -0.577838 -0.32695 -1.11315 -0.615416 0.237044 -0.0762896 0.163491 
2.34615 -0.559049 2.11731 -0.327973 0.866326 -1.09414 -0.641896 -1.07989 -1.02431 0.0780148 0.0401565 0.0522851 
2.98238 -0.885873 1.92451 -0.606677 0.879679 -0.79612 -1.11132 0.103315 -0.363702 -0.120071 -0.0274331 -0.0359492 
3.55764 0.488664 3.81803 -0.0808909 2.69617 0.079975 0.0990559 0.35705 -0.245317 0.124263 0.176004 0.187001 
3.38381 0.308153 4.20159 0.0527767 2.40287 0.78176 1.16102 0.753478 0.0773254 0.598351 0.146311 0.137097 
3.47511 0.838922 3.56036 -0.0272897 2.47552 0.999906 1.24471 0.334103 -0.334202 0.431233 0.0682524 0.0643725 
4.72299 1.2841 1.21268 -1.80713 1.12668 1.70575 2.22551 0.718065 -0.43516 -0.326079 -0.369175 -0.0856061 
5.23757 1.55357 0.678658 -3.04581 1.0763 2.126 3.01084 0.797271 -0.904133 -0.419199 -0.527075 -0.120754 
4.92844 1.28014 0.789254 -2.93064 1.18335 2.46138 2.34238 0.999904 -1.25451 -0.491674 -0.362166 -0.149378 
4.81773 0.987573 0.637347 -2.53885 1.51513 2.52165 2.22949 0.874975 -0.921337 -0.47092 -0.276396 -0.0862463 
4.73673 0.9693 1.8995 -1.35932 1.09793 1.62293 1.92014 0.443214 -0.110518 -0.153925 -0.443029 -0.130633 
4.51948 0.948555 2.64694 -1.07694 2.22489 0.926577 1.62673 1.20045 0.197416 0.0603467 -0.370559 -0.0331265 
4.22953 0.878619 2.85737 -1.35033 1.72793 1.02329 2.48503 1.67012 0.595571 0.17389 -0.412162 -0.0032353 
3.79109 0.444666 3.10203 0.289995 2.12626 1.37441 2.36074 1.59453 0.747027 0.224561 -0.312968 0.00436227 
3.8482 0.874817 3.63594 -0.343473 2.22313 1.06219 1.17704 0.138494 0.043328 0.00300952 -0.0581478 0.162897 
4.46219 1.37531 1.85919 -0.895881 1.1563 1.50019 1.87695 1.55646 0.632514 0.125808 -0.2924 -0.160674 
4.69239 1.66381 1.32762 -1.36743 1.27123 1.37677 3.09565 1.24974 -0.123684 0.329635 -0.407474 -0.185978 
4.49107 1.80437 1.90422 -0.923354 1.0265 0.825198 1.68761 1.84984 0.259526 -0.162818 -0.440088 -0.268989 
4.13758 1.51572 1.90578 -1.40728 0.71228 1.11215 2.04633 0.99145 0.235386 0.0266306 -0.556442 -0.260954 
4.02838 1.12788 2.6276 -1.95952 0.641391 0.141868 1.84974 1.2411 -0.288516 -0.166828 -0.56298 -0.231256 
3.97983 0.750745 2.81751 -1.12708 1.40579 0.346525 1.57843 1.40472 0.285978 0.136056 -0.571495 -0.215785 
3.50306 0.444103 3.31649 -1.36685 1.15902 0.513109 1.29926 0.750367 -0.302751 -0.0400673 -0.342896 -0.0838937 
3.76036 0.710686 2.41965 -0.428165 1.89748 0.121953 0.950053 0.440957 -0.365488 0.0214307 -0.166177 -0.0339919 
3.71542 0.860603 3.64217 -0.513466 1.65775 -0.23046 1.6393 0.852776 0.0866136 -0.0612077 -0.369132 0.0611901 
3.98163 0.905101 4.6198 0.810111 2.01579 0.0449037 1.40478 1.40559 -0.0934478 0.484822 -0.257862 -0.118376 
3.71412 1.35756 3.76572 1.39315 2.90913 0.85652 1.30882 0.280588 -0.300767 0.227536 -0.146292 -0.035214 
3.54446 1.39183 3.78713 1.19191 1.72211 0.0455861 0.694212 -1.04276 -0.253744 -0.15102 -0.139406 0.0250652 
3.44218 1.26448 3.92699 0.224963 2.16888 -0.190298 -0.201854 -0.317785 -0.0493372 -0.0496435 -0.171737 0.00413149 
3.70249 0.973149 4.30336 0.168432 1.98659 0.338094 1.53937 -0.198967 -0.686352 -0.0723351 -0.264542 0.0563658 
3.42513 0.431608 3.58849 0.855833 3.00073 -0.0846804 0.127149 0.00629253 -0.587948 -0.0340681 -0.0626396 0.0161895 
3.56802 0.611353 3.87532 0.105024 1.82939 0.0760311 0.664116 -0.776832 -0.463207 -0.0815788 -0.0494429 0.15641 
3.16093 0.681352 3.87855 0.332087 2.26018 0.0549177 0.90108 -0.69165 -0.849082 0.0773793 0.055443 0.0844569 
3.37396 0.248642 4.16612 0.10631 1.93871 -0.16104 -0.0631333 -0.42351 -0.269245 0.223303 -0.014163 0.0961541 
3.38045 0.0155702 3.66282 -0.478912 2.1 -0.650347 0.15015 0.364008 -1.14114 0.0766271 0.174286 0.117906 
2.93706 0.450957 2.64145 0.103604 1.87436 -0.245796 0.193279 -0.278163 -0.129396 0.023198 0.0383425 0.037458 
3.15984 0.48623 3.08579 -1.3659 1.92393 -0.988077 -0.254717 0.0599575 -1.06443 -0.133113 0.0911592 0.156019 
3.06572 -0.126171 2.94469 -0.615735 2.20278 -0.0903841 0.187747 0.0223427 -1.08504 -0.441108 0.0543405 0.0900821 
3.30751 0.358482 3.47462 -1.28148 1.75674 -0.978843 -0.935584 -0.234698 -0.404978 -0.323526 -0.100717 0.14887 
3.27383 0.159491 3.38024 -0.52501 1.74185 -0.214746 0.725941 -0.885652 -0.83192 -0.00468482 0.103141 0.193589 
3.66409 0.0652424 2.55094 -0.933542 1.72198 -1.08294 0.361155 0.0141238 -0.759231 0.00228857 -0.256652 0.0987128 
2.71651 -0.315059 3.10834 -0.727433 1.24471 -1.32383 -0.141316 -0.811724 -0.973542 0.361529 -0.120296 0.0942069 
3.06472 -0.3536 2.59088 -0.390483 1.88425 -0.679648 -0.360905 -1.27531 -0.536457 0.123335 -0.179875 0.0949415 
3.01033 0.146631 2.86247 -1.1035 1.53216 -0.834509 -0.200881 -0.671537 -1.01575 -0.198659 -0.0907436 0.138575 
2.84275 0.106549 2.70088 -0.472467 1.44785 -1.15556 -0.659259 -0.942108 0.0477502 -0.217949 -0.147422 0.187434 
2.92351 -0.404722 2.61517 -1.26697 1.75007 -0.675494 -0.31044 -0.393077 -0.591722 -0.644069 -0.144009 0.232598 
2.99542 -0.424831 2.13287 -0.782072 2.09715 -0.749553 -0.857606 -0.514755 -0.374468 -0.167737 0.00755487 0.121013 
2.9615 -0.150916 2.43089 -1.59391 1.52452 -0.131482 -0.419882 -1.23636 -0.977264 0.0229544 -0.127853 0.154356 
