2.84263 -0.521703 3.09417 -0.943245 1.91914 -0.451328 -0.692943 0.576958 -0.909721 -0.213029 0.192223 0.0214629 
2.94475 -0.434056 3.07203 -1.28176 1.02274 -1.42141 -0.513631 0.159867 -0.970385 -0.220055 -0.168513 0.116181 
2.61481 0.0860111 2.58215 -1.22905 1.86435 -0.663114 -0.666322 -1.24773 -0.786434 0.465453 -0.081003 0.0966333 
2.66695 -0.147996 2.05986 -1.73613 1.00945 -0.936418 -0.226225 -0.714175 -0.23147 -0.262114 -0.343637 0.181298 
2.66392 0.107564 2.89629 -1.36228 0.589943 -0.795517 -0.026054 -0.756379 -0.661161 -0.463828 0.0608511 0.185731 
2.96231 -0.159093 2.66248 -1.192 1.26891 -1.08637 -0.269054 0.487525 -0.653235 -0.379473 -0.210584 0.0686554 
3.06479 -0.56817 2.81475 -1.14184 1.59118 -0.894808 -0.368655 -0.188402 -1.55019 -0.0308863 0.0595644 0.134669 
2.80811 -0.126068 2.74781 -1.23293 1.27032 -0.933992 0.0290212 -0.213418 -0.971217 -0.0551477 -0.0147901 0.138823 
2.91984 -0.408425 2.7457 -0.939002 1.66312 -0.934054 -0.0985318 -0.910044 -0.690371 0.114993 -0.204082 0.193904 
2.64529 -0.152461 2.4863 -1.46241 1.60328 -0.490496 -0.162986 -0.323052 0.0887995 -0.0458732 -0.259893 0.157868 
2.91807 -0.410976 2.65364 -1.52329 0.504547 -0.187207 -0.779552 -0.07123 -0.899662 -0.622967 0.170878 0.142836 
2.87031 -0.254506 2.90796 -1.48335 0.900153 -0.286649 0.0932255 -0.369409 -0.996674 -0.465047 0.013977 0.171869 
2.76583 -0.2466 2.71816 -0.831987 0.631024 -0.524455 0.145763 -0.512946 -0.66786 0.16028 0.00684938 0.0961948 
2.48473 -0.512529 2.27821 -1.15258 1.31639 -1.30764 -1.11649 -1.2379 -0.267533 -0.224815 -0.0707476 0.231091 
2.72765 -0.129466 1.7668 -2.03274 1.16456 -0.534523 -0.0206215 -0.921999 -0.618337 0.144793 -0.379539 0.127713 
2.60627 -0.636795 3.02654 -0.832958 0.753267 -0.542631 -0.152064 -0.580797 -1.15486 0.0586867 0.127339 0.1354 
2.8177 -0.551289 2.57475 -1.53302 1.78939 -0.401863 0.401714 0.216786 -0.474606 0.147194 -0.0710642 0.136079 
2.79284 -0.253618 2.60292 -1.1431 1.4558 -1.12825 -0.588577 -0.63111 -1.21904 -0.225004 -0.0147817 0.157295 
2.53346 -0.353026 2.7181 -1.23565 1.21245 -0.655015 -0.337063 -1.04669 -0.752556 -0.0487573 0.0349394 0.223509 
2.39052 -0.147646 2.22987 -2.00025 1.35438 -0.827094 -0.341422 -0.0425245 -0.78167 -0.687042 -0.0545617 0.215056 
2.75549 -0.186247 2.51785 -1.73149 0.84171 -0.712033 -0.160065 -1.01288 -0.554217 0.377589 -0.0324419 0.108129 
2.82539 0.29973 2.11489 -1.3146 1.25194 -0.78464 -0.071179 -0.66089 -0.113837 -0.320704 -0.198818 0.173663 
3.03231 -0.467658 2.79717 -1.50554 1.57833 -0.146387 -0.577279 -0.478093 -1.26154 -0.102345 0.0797837 0.125362 
2.85732 -0.158591 3.01507 -1.52691 0.963405 -0.683779 -0.30929 -0.0739025 -0.709896 -0.11504 -0.069458 0.0966885 
3.50988 -0.320051 4.09111 -0.0696334 2.02769 -0.105095 0.481193 0.165751 -0.907613 0.709325 0.18437 0.0783364 
3.41259 0.198404 4.12904 0.167966 1.87527 1.0648 0.802263 0.369517 0.582962 0.57778 0.161339 0.154685 
4.43572 0.592464 2.93671 -1.4743 2.20375 0.825705 1.17701 1.24473 -0.256365 -0.2131 -0.257132 0.0442815 
4.76723 0.835727 1.0224 -3.24122 1.53077 2.56677 1.32888 0.682239 -0.581514 -0.675986 -0.328209 -0.116995 
4.97526 0.953314 0.991033 -3.41075 1.88077 2.36135 2.18583 0.65327 -0.89672 -0.398842 -0.41751 -0.0531206 
4.86826 0.635852 0.744814 -2.73947 2.13205 2.62272 2.28141 -0.0904298 -0.569752 -0.369629 -0.388448 0.0501993 
4.87865 0.757957 1.1718 -2.36834 2.0345 2.77442 2.34705 0.722431 -1.34406 -0.511341 -0.322151 -0.109756 
4.5254 0.725978 1.73474 -1.65491 1.88289 2.48997 1.34311 0.899146 -0.479197 -0.579942 -0.261897 -0.108029 
4.30774 0.993853 2.48173 -0.477211 3.08341 2.16891 2.37922 0.39362 -0.552751 -0.122101 -0.366713 0.0239695 
4.20342 1.12963 3.17185 -1.00154 2.27248 1.02798 1.68343 1.44929 -0.155317 -0.478177 -0.150034 0.111173 
3.7479 1.00471 3.22369 -0.250563 3.36139 0.911042 1.13011 1.22274 -0.236973 -0.152688 -0.0612182 0.0720283 
3.72326 0.744194 2.85043 -0.479204 1.56939 0.538925 2.39992 1.03038 0.198795 0.265057 -0.221202 0.0345358 
3.47264 1.04548 2.73919 -0.521898 1.86214 1.19358 1.77256 1.62223 0.878539 -0.0528664 -0.597163 -0.161562 
4.47695 1.64819 2.69914 -1.73853 1.56426 1.90342 2.05954 1.69671 0.730092 0.16413 -0.394782 -0.172981 
5.12557 1.32543 1.5251 -2.60138 1.26787 1.56758 2.54939 1.91075 0.0387402 0.211861 -0.343519 -0.193707 
5.3404 0.830604 1.42404 -2.17197 1.61984 2.23307 2.44922 1.7568 -0.257701 0.250788 -0.136928 -0.198304 
4.63128 1.02695 1.38018 -1.6843 1.76184 1.87955 1.959 0.482162 0.009411 0.766473 -0.183128 -0.171077 
4.3422 1.01673 2.08613 -1.30833 2.59676 2.66639 1.69644 0.205116 0.257395 0.665821 -0.228688 -0.0995109 
4.24516 0.851629 2.19063 -1.98402 2.3919 2.78572 0.904427 0.123003 -0.17599 0.287282 -0.132992 -0.101114 
3.93132 0.41498 2.5887 0.0118972 3.00355 1.68533 0.571441 0.37614 -0.623454 0.16979 -0.104176 -0.143169 
3.94952 0.960302 2.99281 0.146273 3.06604 0.829117 0.940226 0.806578 -0.785213 0.144898 -0.109033 -0.0870221 
3.70936 1.83835 3.60067 1.4697 1.98819 0.779385 0.407905 0.636693 0.265241 -0.377104 -0.0702753 -0.0273374 
4.11232 2.12927 3.40636 0.839884 0.521521 0.259558 0.104033 0.85991 0.886142 0.143358 0.114901 0.0373877 
3.93707 1.40135 3.53381 -0.539131 1.14227 -0.977327 0.226996 0.602543 0.698332 0.813371 0.304158 0.214367 
3.90837 1.48021 3.4439 -0.290828 1.43735 -0.747225 0.00887776 0.193665 0.154025 0.77076 0.119857 0.0691519 
3.91986 1.42535 3.12442 -0.473511 1.87325 -0.77374 0.125062 0.0503499 -0.089419 0.120027 0.026805 0.127804 
3.88377 0.830097 3.46624 0.39049 1.7541 -1.36289 0.216047 0.260431 -0.0218836 0.476826 -0.0100206 0.133104 
3.6503 0.580124 3.97929 -1.57165 1.35734 0.571112 0.468142 -0.182517 -0.328985 0.528652 0.133994 0.148946 
3.07192 0.241583 3.93911 0.246662 2.42137 -0.591378 0.0548864 0.174206 0.0133215 0.526879 0.108286 0.115017 
3.46947 -0.0135277 4.04704 0.102807 2.03357 -0.42561 -0.0815489 -0.984802 -0.708697 0.155049 0.0363861 0.208755 
3.24899 0.219735 3.3726 -0.875795 1.37894 0.130978 0.573587 -0.146395 -0.561544 0.0689086 0.106383 0.135074 
3.00658 -0.106324 3.30786 -0.415221 1.58453 -0.406939 -0.0615252 -0.971168 -0.246954 0.486515 -0.27161 0.0664103 
3.08138 0.181848 2.56847 -0.986848 1.31444 -0.281319 0.19414 -0.51147 -0.446592 0.130422 -0.0933539 0.137035 
3.15105 -0.454996 3.36227 -1.23295 0.512788 -0.326192 0.485035 0.00745328 -0.359848 0.182559 -0.230295 0.0621318 
2.91022 -0.0207872 2.96939 -0.845919 1.30354 -0.838656 -0.398115 -0.816685 -0.708745 0.291354 -0.170782 0.0854226 
3.18462 -0.170421 2.45551 -1.4314 1.55178 -0.697454 0.325924 -0.707677 -0.524724 -0.208598 -0.275861 0.207318 
