2.68707 -0.187974 3.22836 -0.812424 0.931935 -0.609463 0.732022 -0.0972568 -0.764003 -0.0549019 0.0245144 0.256714 
2.92166 0.121146 2.73332 -0.844437 2.3433 -0.246038 -0.0252581 -0.661374 -0.409489 0.116534 0.0501742 0.273892 
3.12965 -0.219941 2.64946 -0.518924 1.1863 0.0807331 0.280678 -0.727907 -0.279238 -0.414617 0.0213587 0.337635 
2.7502 0.0838882 3.00185 -1.00176 1.24598 -0.641072 -0.000580873 0.0285744 -0.786823 0.524849 0.0436621 0.123846 
3.07535 0.141693 3.56038 -1.43385 1.06504 -0.096036 0.573555 -0.314568 -0.497918 -0.258142 -0.0339169 0.308914 
3.09068 -0.23427 2.54253 -1.10018 1.92792 -0.234887 -0.322199 -0.127498 -0.759866 0.128689 0.162029 0.218176 
3.00716 -0.229965 3.00708 -0.439992 1.29583 -0.50785 0.458807 -0.25115 -0.206931 0.229059 -0.0746298 0.226166 
2.99368 0.106766 2.46788 -0.626995 1.61549 -0.864501 0.71394 0.257835 -0.0748092 0.129899 -0.156437 0.214688 
2.58945 -0.365182 3.13647 -0.20245 1.67463 -0.448653 -0.190394 -1.32228 -0.364333 0.30852 0.165707 0.304158 
2.62729 -0.332117 2.9947 -0.181278 2.02448 -0.0825164 0.403767 0.305818 -0.477051 -0.289216 0.140024 0.244807 
2.86186 0.130072 2.54741 -0.551126 2.32898 -0.314781 0.785302 -0.0770568 -0.789876 -0.312063 0.124486 0.299659 
2.84363 -0.495606 2.86135 -0.0972693 2.16311 -0.893949 -0.157366 -0.568631 -0.668939 0.260176 0.0471124 0.266664 
3.05887 0.0140211 2.75821 -0.481162 1.79152 -0.149134 0.349362 -0.17968 -0.22047 0.144085 -0.0883594 0.178517 
2.7592 -0.138834 2.82699 -0.918447 2.36134 -0.0595143 -0.062695 0.349214 -0.196455 0.139737 0.101609 0.197632 
2.74924 0.154956 2.65251 -0.834807 2.11459 -0.112586 -0.184653 -1.09366 -0.680083 0.491748 0.0982981 0.211138 
2.78765 -0.103211 2.91171 -0.391993 1.35035 0.32763 0.658812 -0.0434557 -0.0688556 0.224406 -0.119879 0.134898 
2.96952 -0.0686068 2.79898 -0.699365 2.28531 -0.295443 0.0920203 0.435072 0.00158396 0.32561 -0.162058 0.133312 
2.86959 -0.020176 1.92948 -0.883673 2.62103 -0.647318 0.228578 0.647048 -0.00166373 0.0150955 0.0557097 0.254319 
2.7278 -0.158889 2.69526 -0.86843 1.25348 -0.659532 -0.131261 -0.16561 -0.33387 0.329719 -0.0530208 0.199177 
2.93672 -0.00934024 2.61779 -1.25819 1.02366 -0.500382 0.342237 0.523508 -0.371645 -0.0544724 -0.112963 0.166413 
2.82692 -0.0321078 2.78263 -0.20163 2.15711 -0.232144 1.19068 0.720775 -0.0840599 0.172031 -0.00309135 0.19584 
3.13372 0.130255 3.32686 0.198388 1.67729 -0.575855 0.150533 -1.13951 -0.300279 0.146042 0.106773 0.293885 
3.23126 0.105695 3.85518 0.29971 2.53299 1.1072 0.964821 0.916781 0.153243 0.73008 0.197289 0.0634768 
3.38183 0.276413 3.13721 -0.0140856 2.81974 0.668616 1.54413 1.15509 0.572815 0.898618 0.0159617 0.116242 
3.74139 0.753967 3.84385 0.113548 2.42801 0.215636 0.850781 0.416253 -0.429738 0.111005 0.309987 0.261201 
4.1432 1.20643 2.72252 -1.25179 1.92032 1.12369 2.23718 1.79339 0.680702 0.218765 -0.434042 -0.0918385 
4.81867 1.63009 1.13931 -2.01329 0.769793 2.00451 2.23203 0.97417 -0.31648 -0.312708 -0.470385 -0.195906 
5.05232 1.57767 0.549815 -2.4386 0.901614 1.84963 2.15345 1.28319 -0.606542 -0.492933 -0.409919 -0.169413 
5.0951 1.39347 1.23943 -2.18916 0.82222 1.56834 2.45271 1.23536 -1.24488 -0.403108 -0.447531 -0.230008 
4.52209 1.60752 1.30721 -2.03354 1.21538 0.620337 2.24542 0.819493 -0.488626 -0.131447 -0.545161 -0.132636 
4.21938 1.19218 2.17369 -0.523482 1.28197 -0.167196 1.83478 0.63662 0.276076 -0.448536 -0.523841 -0.00798411 
4.20176 0.999422 3.06069 -0.557221 1.63566 0.879561 2.43579 1.36301 0.0845736 -0.27716 -0.25859 0.0840455 
4.04252 0.560449 3.23076 -1.38823 2.0187 1.5845 1.85957 1.47566 0.54427 -0.095321 -0.338098 0.0659964 
4.03219 1.05075 3.64022 -0.048399 2.0578 0.197228 1.91625 0.67915 0.205995 0.447898 -0.201198 0.117818 
3.67386 1.18331 4.02025 -0.893319 1.63181 0.51485 2.00474 1.20871 -0.106842 -0.0945026 -0.0571581 0.121898 
4.27277 0.918642 3.15866 -0.71395 1.06045 0.382905 2.0579 2.07439 0.902301 0.271587 -0.34475 -0.104852 
4.24037 1.55439 2.81715 -0.829689 1.47285 1.14808 1.95621 2.2907 0.835292 0.0294889 -0.330043 -0.174414 
4.50821 1.89528 2.72787 -0.847221 1.47881 0.996186 2.50163 2.11083 0.305256 0.192225 -0.388018 -0.205236 
4.25846 1.69156 3.03748 -0.558796 1.78657 0.401604 2.43103 1.94295 0.4353 0.297183 -0.397788 -0.13158 
4.03156 1.26805 2.978 -0.123295 1.62306 1.10624 1.5131 2.04235 0.71138 0.408993 -0.299345 -0.215505 
3.75366 1.79329 3.65009 -0.261739 2.28926 0.704838 1.81874 1.53191 0.252344 -0.267603 -0.320938 -0.0467501 
3.98966 1.32461 3.45488 0.296601 1.30543 -0.0667078 1.94704 1.4965 0.0746616 0.026917 -0.252502 -0.0714035 
3.92781 0.755013 3.24816 0.318718 2.67634 -0.0890656 1.76889 1.00073 -0.274694 0.150779 -0.264199 0.0858798 
3.83105 0.605911 3.03537 0.173179 2.20615 0.258056 1.4232 0.664351 0.789129 0.0978035 -0.25144 0.166261 
3.71652 0.924835 4.47196 1.20155 2.79864 0.219928 0.111352 0.61595 -0.525482 0.0692874 -0.00908205 -0.054035 
3.78727 1.62793 4.69224 1.10633 3.59637 0.141814 0.626712 0.512042 0.533344 -0.0786606 -0.321539 0.0978662 
3.71451 1.23512 4.3454 0.41202 3.22484 0.289633 1.11465 0.875112 -0.608639 0.0798195 -0.0148011 0.0887438 
3.35776 1.09678 5.17688 0.552763 2.71548 0.0740819 0.134262 -0.00712825 -0.624911 -0.089293 0.0848794 0.0979413 
3.76478 0.722593 4.33227 0.942016 2.60389 0.290197 0.531931 -0.449834 0.22005 0.384792 -0.326943 0.0597485 
3.7464 0.97312 3.82829 0.611081 2.66953 -0.0190967 0.20181 0.550665 0.092497 0.0086168 -0.0870563 0.0554567 
3.54799 0.973668 3.88254 0.797903 1.8293 -0.621194 0.610564 0.124785 -0.0227525 0.275254 0.0721751 0.12897 
3.29259 1.18691 3.49203 0.585429 2.84986 0.494933 0.904254 -0.0389778 -0.378941 0.349343 0.0534772 0.0614163 
3.35804 0.523346 3.85244 -0.0616556 1.92353 -0.256802 0.508432 -0.276272 0.100025 0.512504 0.0437696 0.220065 
3.27004 0.570206 3.72786 -1.07275 2.53401 0.0383817 -0.0458666 0.429373 -0.168291 0.197443 0.0761684 0.175398 
3.00062 0.337213 3.77343 -0.34622 2.33533 -0.399009 -0.328224 0.0101507 -0.265475 0.44687 0.299016 0.19267 
3.4713 0.512286 2.93546 0.118326 1.337 -0.406665 0.711877 -0.119127 -0.0345122 -0.0906788 -0.0205608 0.197101 
3.24125 0.604474 3.00763 -0.699775 2.79982 -0.523812 -0.311932 0.303172 -0.311649 0.360865 0.0090698 0.119909 
2.71237 -0.108564 2.50801 0.24555 2.16227 -0.75885 -0.18776 -0.402181 -0.0463186 0.368642 0.00447488 0.18336 
2.88599 0.0485354 3.33661 -1.10954 1.54969 -0.444604 0.0561998 -0.198493 -0.855191 0.264757 0.149891 0.207884 
2.98449 0.414246 3.73859 -0.102991 2.14909 -0.20372 0.46029 -0.231147 -0.49571 0.502496 0.0897649 0.145224 
