2.57246 -0.273794 2.62971 -1.24107 1.10413 -0.876511 -0.0645327 -0.302123 -0.348571 -0.324035 -0.236201 0.127478 
2.61081 -0.135019 2.9426 -1.23804 1.07402 -1.00519 -0.726648 -0.953346 -0.307696 -0.210917 -0.176184 0.171694 
2.71881 -0.436161 2.23779 -1.1996 0.781333 -0.530068 0.407602 -0.762321 -0.632575 -0.552958 -0.243688 0.137278 
2.575 -0.1194 2.36134 -0.907726 0.641272 -1.33936 -0.375071 -1.49726 -0.879682 -0.0183133 -0.0926938 0.156144 
2.78161 0.271177 2.67992 -1.78494 2.12291 -1.21273 -1.13975 -0.259413 -1.08636 -0.24773 0.0908663 0.105939 
2.32525 -0.310566 2.55371 -1.65945 0.551485 -0.660144 1.02959 0.480296 -0.307417 -0.163827 -0.223818 0.0567374 
2.33069 -0.171445 2.55299 -1.49387 1.59072 -1.27877 -1.28945 -0.999197 -0.888767 0.173499 -0.110884 0.117409 
2.85345 -0.358676 2.44346 -1.69797 0.549795 -0.674249 -0.569551 -0.497314 -0.357452 -0.215012 -0.219667 0.135882 
2.83178 -0.53229 2.01104 -2.08216 1.83959 -0.904607 -1.25991 -0.752609 -0.830404 0.0600666 -0.188029 0.121113 
2.90026 -0.409581 2.46605 -1.65558 1.55214 -0.2463 -0.0191266 -0.112092 -0.644382 0.0408235 -0.275378 0.0621824 
2.55411 -0.485968 2.24328 -1.58289 0.552106 -1.50726 0.187581 -0.743067 -1.0759 0.0512234 -0.208291 0.133533 
2.91924 -0.366126 2.47649 -1.5453 0.917571 0.158186 -0.144915 -0.556937 -1.34847 -0.276936 0.0540571 0.0167648 
2.80471 -0.0143018 1.84088 -1.06249 1.58314 -1.20138 -0.589444 -1.07779 -0.851109 -0.128854 -0.161091 0.136895 
2.619 -0.514513 2.1011 -1.69423 1.15858 -0.829043 0.0148797 -0.316063 -0.413184 0.00152369 -0.0999219 0.226858 
3.56104 0.771836 3.68493 0.0872689 1.70881 -0.252696 0.769987 0.332584 -0.0457907 0.40295 0.122589 0.142596 
3.45132 0.635309 3.63535 0.466201 1.71897 0.504919 1.65152 0.178079 -0.0617342 0.961633 0.288901 0.11418 
4.07707 0.511986 2.62035 -0.0446406 2.21185 0.661621 2.139 1.3362 0.117188 -0.00431817 -0.186654 0.079975 
4.43939 0.692227 1.96412 -1.72412 2.07732 2.1128 2.43128 1.07313 -0.0697169 -0.065895 -0.323654 0.0115531 
5.37787 0.971461 1.769 -2.44612 1.48475 2.38358 3.19166 0.477342 -0.714234 0.0100354 -0.50857 -0.0457876 
4.15492 0.561936 1.26836 -2.07809 1.16206 1.62354 2.39732 0.967801 -0.297502 -0.293682 -0.494683 -0.152105 
4.12803 1.61659 2.76714 -1.28082 1.85704 0.848049 2.24881 1.05856 -0.0272147 -0.0202041 -0.409254 -0.0337864 
3.87791 0.735972 2.25343 -1.20867 2.32867 0.529189 1.44054 1.404 -0.299151 -0.407261 -0.458288 -0.0892153 
3.85687 0.483839 3.08544 -0.767991 1.99709 1.32651 2.06779 0.944223 -0.287703 0.207155 -0.307252 -0.0411094 
3.68784 0.831103 3.72235 -0.655066 2.13677 0.208851 0.718925 0.491244 -0.276228 0.313568 0.116018 0.164396 
3.46095 0.818966 2.56294 0.0456825 3.18698 0.622105 1.33985 1.05024 0.280511 0.06393 -0.0894621 0.105708 
4.01216 1.65309 2.19171 0.0409663 1.76373 1.21522 1.91818 1.94476 1.23573 0.31736 -0.312724 -0.153555 
4.16618 1.4691 1.68469 -0.470493 0.999628 2.19584 1.99903 1.44795 0.603294 0.0970111 -0.423586 -0.230015 
4.21942 2.22191 2.07328 -0.122093 1.24248 1.92008 2.0653 1.75119 0.790353 -0.170779 -0.426856 -0.208514 
4.09207 2.13035 1.85873 -0.437929 0.961559 1.63322 2.38199 1.45771 0.0507634 0.0925336 -0.446294 -0.213146 
4.35719 0.936475 3.18117 -1.15902 1.9933 0.376255 1.58867 1.43364 0.509653 -0.0635677 -0.682521 -0.105067 
3.97099 0.845783 2.78722 -0.323548 2.21971 0.533275 1.26622 0.861728 0.561177 0.115179 -0.430474 -0.0496948 
3.93529 0.891115 2.75864 -0.793234 2.32902 -0.161312 1.10275 1.05614 0.28278 -0.0117055 -0.303555 0.0699309 
3.57237 0.274674 2.76728 -0.732485 2.06796 -0.508112 0.268973 0.471406 -0.687728 -0.196539 -0.15524 0.041073 
4.0477 1.25306 3.51807 -0.0850178 1.914 -0.359064 0.710216 0.452205 -0.00965963 0.530434 -0.240942 -0.0629724 
4.01727 1.89052 4.24096 0.584291 1.01745 0.242706 -0.184074 0.430143 0.448218 0.657245 -0.0250006 -0.0703605 
3.71535 1.88415 3.70934 0.471634 0.230633 -1.02791 -0.318425 -0.459913 0.00469298 0.716481 -0.060221 -0.0408182 
3.90707 2.19204 3.51426 0.740253 1.57061 -0.137112 0.840977 -0.17194 0.458571 0.0349524 -0.230163 -0.0205365 
4.04654 1.22134 4.23371 0.805922 1.07093 -0.786473 -0.374312 0.442116 0.150073 0.580759 0.269605 0.106223 
3.92443 1.34204 3.56051 -0.0311485 1.57785 -0.515268 -0.525 -0.655853 0.0985662 0.34318 -0.0805773 0.0329468 
3.57865 0.904397 3.27718 -0.402039 0.990135 -0.869582 0.075092 0.315971 0.226138 0.33974 0.210887 0.117641 
3.69009 1.48971 3.65443 -0.69037 1.1783 -1.42626 -0.0125986 -0.223828 0.203729 0.628777 -0.0826677 0.107251 
3.36017 0.915403 3.41011 0.399235 1.84644 0.0237802 0.0387055 0.902559 0.518862 0.378896 0.163102 0.0288012 
3.41566 1.239 4.14478 0.508168 2.35019 -0.298102 -0.639157 -0.167683 -0.469276 0.625379 0.135566 -0.0195734 
3.63941 0.764656 2.89271 -0.373266 3.26216 0.198679 0.255578 -0.0218434 0.339533 -0.0976828 -0.167663 0.138077 
3.40741 1.03326 3.37625 0.214919 2.32025 -0.256994 0.449979 -0.673191 0.129644 -0.399333 -0.0658916 0.192212 
3.2544 0.552576 3.98427 0.343902 1.81538 0.175919 0.903605 -0.618284 -0.353481 0.277498 0.131586 0.147449 
3.25079 0.595354 3.91125 -0.488225 2.37937 0.00688913 1.02694 0.420934 -0.861023 0.224705 0.186822 0.141321 
3.52503 0.0264154 3.3925 -0.272576 2.09264 -0.197357 0.176307 0.0501161 -0.598316 0.175758 -0.0334677 0.0792271 
3.1259 0.0829605 2.64055 -0.534839 1.03229 -0.573753 0.709752 -0.650556 0.0725793 0.00695802 -0.224393 0.169625 
2.88737 -0.0933844 2.96441 -0.113601 1.87025 -0.605679 0.0224431 -0.440262 -0.919448 0.255567 0.0400021 0.0781982 
2.74614 0.361929 3.22915 -1.36283 2.10356 -0.287438 0.187507 0.197851 -0.994899 -0.107323 0.0344758 0.0718628 
2.772 0.171574 2.92111 -0.412825 1.72267 -0.593308 0.836842 -0.721037 -1.07702 -0.152905 -0.0368541 0.135418 
2.84583 -0.391814 2.3828 -1.10369 1.46411 -1.06614 -0.482248 -0.772532 -1.0613 -0.223761 -0.00815111 0.168498 
2.95783 -0.365353 2.44022 -1.36099 1.46948 -0.744962 -0.331715 -1.1454 -0.59504 -0.326159 -0.285346 0.248339 
2.83317 0.215719 2.56393 -1.39682 1.28402 -0.823944 0.179518 -0.266114 -0.512533 -0.580427 -0.184667 0.165582 
2.61185 -0.18572 3.15066 -1.43321 0.7514 -0.718257 -0.409553 -1.06295 -1.25235 -0.286467 0.0783649 0.155103 
2.60838 -0.91851 2.17756 -0.75333 1.36592 -1.18545 0.0570028 -0.691807 -0.626082 0.284471 -0.186273 0.187049 
2.52854 -0.598156 1.88294 -1.83998 0.877083 -1.56178 -1.36427 -0.674889 -0.701509 -0.40431 -0.160374 0.138628 
2.97919 -0.428834 3.12055 -1.54396 1.00928 0.163342 0.24656 -0.376521 -0.408444 -0.0232299 -0.132001 0.110249 
2.84017 0.134888 2.86417 -1.43371 1.51183 -0.919858 -0.369434 -0.510426 -0.936947 -0.390951 0.082759 0.230835 
