2.55991 -0.273759 2.46463 -1.09639 1.90104 -1.0789 -0.271821 -0.514255 -0.937805 0.188302 -0.0813078 0.212111 
3.03951 -0.277789 2.82578 -1.65888 1.25198 -0.24659 0.401356 0.0929933 -0.684144 -0.250767 -0.0772418 0.186463 
2.69708 -0.31335 3.13914 -0.529588 1.21105 -0.985559 -0.474358 -0.102378 -0.829218 -0.0473455 0.111429 0.1544 
2.68977 -0.584252 2.72509 -0.859818 1.36148 -0.913027 -0.128718 -0.679546 -0.897269 0.308479 -0.0474893 0.195357 
2.87094 -0.410155 3.01264 -1.81865 0.353977 -0.220107 0.472821 0.627905 -0.664098 -0.273758 -0.173819 0.0581119 
2.62736 -0.703755 3.07692 -0.116431 1.98432 -1.19339 -0.944187 -0.538911 -0.619406 0.52197 -0.0909675 0.101683 
2.95515 -0.0325572 2.36284 -1.44767 1.63295 -0.621326 -0.244172 0.51934 -0.118511 -0.0254953 -0.147901 0.0859817 
2.99851 -0.324484 2.55712 -1.18855 1.24229 -0.586206 -0.0153426 -0.170827 -1.12643 -0.38069 0.0270985 0.197834 
3.02145 -0.380952 3.14668 -0.58261 1.62548 -0.393921 0.125869 -0.440371 -0.341555 0.52754 -0.0250506 0.148931 
2.87899 -0.1335 2.33807 -1.2883 1.19717 -0.313413 0.0403131 0.144747 -0.570488 -0.329332 -0.061756 0.126829 
2.75537 -0.106926 3.0067 -1.56906 1.26285 -0.252866 -0.218078 0.524453 -1.14622 -0.211155 0.306745 0.0693608 
2.65237 0.045526 2.96159 -0.962514 1.63309 -0.414816 0.311259 -0.84828 -1.2522 0.255691 0.127785 0.160671 
2.65928 -0.0628966 3.4741 -1.52002 1.34427 0.199375 -0.528701 -0.750327 -1.02544 -0.08325 0.185921 0.162694 
2.8203 -0.133073 2.34726 -1.10779 1.58466 -0.967675 0.0698378 -0.825991 -0.951071 0.302493 0.0955858 0.204019 
2.8483 -0.5308 2.54699 -1.3254 1.35058 -0.00439616 -0.237393 -0.3176 -1.10129 -0.313747 0.0647353 0.190394 
2.3012 -0.434769 2.25502 -1.23656 2.15288 -0.794566 -0.518364 0.0127393 0.0845692 -0.0650894 -0.0203481 0.298275 
2.65729 -0.344148 2.72992 -0.904957 1.2842 -0.713527 0.0786319 -0.911673 -0.978946 -0.0270105 0.0334479 0.271258 
2.92763 -0.336505 2.53898 -1.08361 1.21446 -0.215687 0.269927 -0.120336 -1.11657 -0.0264562 0.102649 0.121645 
3.00305 -0.124823 3.14407 -1.61234 1.5499 -0.893214 -0.628958 0.899681 -0.390126 -0.0150749 -0.159662 0.0502946 
2.56588 -0.383462 2.17526 -1.10977 1.58802 -0.745132 -0.359479 -0.859481 -0.394882 0.00125657 -0.153984 0.268574 
2.75391 -0.380451 2.56384 -1.65537 0.92559 -0.522464 -0.19817 0.519705 -0.311135 0.256836 -0.0723075 0.0316635 
2.99394 -0.334082 2.49814 -1.02861 1.56146 -1.08068 -0.413217 -0.360628 -0.674577 0.474875 -0.110961 0.145502 
3.05331 -0.150402 2.20942 -1.35332 1.87827 -0.246217 -0.230615 -0.460836 -0.431799 -0.310844 -0.0930652 0.205389 
2.49996 -0.143875 2.75206 -0.900469 0.861199 -0.510209 -0.321442 -0.594826 -0.554909 -0.0327585 -0.0879294 0.167402 
3.06647 -0.105582 3.98981 -0.484101 2.06972 -0.484309 -0.113386 -0.317672 -1.02239 0.433524 0.200038 0.148774 
3.23534 0.703082 2.99525 -0.00499987 2.31922 0.87641 1.80359 1.19241 0.16602 0.37165 0.257636 0.138799 
4.3609 0.926549 1.28447 -1.01509 2.50864 1.27368 2.70429 1.17633 -0.406799 0.361608 -0.181768 0.00290344 
5.14907 0.843805 0.56607 -2.60092 1.49661 2.0149 1.86322 0.729813 -1.52271 -0.723103 -0.331081 -0.146979 
5.39012 1.56909 0.112405 -2.76275 2.13271 2.09563 2.04492 0.00844562 -1.0309 -0.485147 -0.403496 -0.1034 
5.34888 1.12045 0.51995 -2.44617 2.34989 2.03737 2.38677 0.424578 -1.20767 -0.253879 -0.394941 -0.108 
4.91273 0.366128 0.450868 -2.59683 2.12449 1.78697 2.54374 -0.0558477 -0.972424 0.224802 -0.443633 -0.104212 
4.80493 0.892861 0.702313 -1.89769 2.65788 2.89047 1.91692 -0.267702 -0.0551726 0.019369 -0.249529 -0.0145155 
4.39223 1.10905 2.50587 -1.75985 1.66079 2.21816 2.07634 1.16081 -0.149324 0.150239 -0.262042 -0.0958992 
4.16766 0.680218 2.47691 -1.28779 2.41639 1.85214 1.37491 0.621844 0.169579 -0.137178 -0.271306 0.0454166 
3.8695 1.4883 2.92165 -1.30932 2.09966 0.664998 1.90297 1.31175 0.593835 -0.273883 -0.287999 0.0862706 
3.66427 0.524358 2.52907 -1.50454 1.88776 -0.263833 0.560167 0.289092 -0.179514 -0.0270082 -0.304349 0.103558 
4.20792 0.909669 2.39253 -1.2926 2.00398 1.62469 2.0676 0.267037 -0.0522049 0.782582 -0.358377 -0.12254 
4.48188 1.82767 1.79424 -1.08555 2.25471 2.29555 1.86484 1.48613 0.427212 0.220924 -0.255182 -0.168091 
4.31026 1.44639 1.88259 -1.15641 1.87752 1.94054 2.57434 1.21462 -0.0574821 0.367899 -0.419009 -0.192137 
4.41948 1.48483 2.40849 -1.63378 1.6294 0.711977 1.52633 1.5985 0.753903 0.070268 -0.464955 -0.173312 
4.07969 1.4884 2.4318 -0.970125 1.59068 0.504003 1.3721 1.25453 0.381269 -0.54066 -0.512017 -0.148444 
3.91045 0.946207 3.30727 -0.889402 1.00706 -0.0666805 1.42587 1.26176 0.4281 -0.628213 -0.631538 -0.108874 
3.69358 0.780124 3.35195 -0.449169 2.58695 0.383297 1.21256 1.20728 0.130533 -0.0643199 -0.396295 -0.000692966 
3.77338 0.5457 3.40557 0.0661344 1.8518 0.501042 0.809835 1.35625 0.0546113 -0.432031 -0.184144 -0.0266788 
3.76047 0.823335 3.74849 0.428901 2.69413 0.017369 0.620679 -1.03871 -0.657026 0.224507 -0.28391 0.0427938 
3.72036 1.27226 3.61202 1.4273 2.3659 0.606477 1.3376 -0.0483036 0.169562 0.235815 -0.296004 -0.0503535 
4.00411 1.53841 3.11252 0.757315 2.12885 -0.290751 0.704044 0.740895 -0.0393591 0.522333 -0.0764447 -0.0484455 
3.56596 1.62555 3.94752 0.497346 2.32845 -0.0825153 0.278167 0.27382 0.199525 0.176309 -0.162307 -0.00465499 
3.81622 1.17587 2.98914 0.157003 1.05505 -0.69015 0.0687433 0.0867497 0.286758 0.301109 0.100287 0.0694204 
4.08535 1.11522 3.9732 -0.790818 2.18837 0.440242 0.505984 -0.752292 -0.038282 0.186832 -0.290726 0.170511 
3.44361 1.11401 3.53656 -0.694443 2.16822 -0.302786 -0.377707 0.537161 0.742224 0.237664 -0.0406662 0.0623776 
3.88844 0.454105 3.77457 0.330521 2.03023 -0.715689 0.703266 0.266233 -0.963841 0.222943 0.0535021 0.0988873 
3.1481 0.388317 3.93308 0.02555 2.26975 0.237041 0.102029 0.771585 0.235611 0.237546 0.0285826 0.0255585 
3.2147 0.56911 4.35697 -0.393543 2.01649 0.311023 0.166096 -0.63419 -0.662707 0.288624 0.152995 0.133631 
3.41365 0.252791 3.13089 -1.02323 2.24027 0.560027 0.685328 0.395588 -1.02022 -0.15811 0.027631 0.0439294 
3.30105 0.661528 3.88152 -0.0221887 2.45232 -0.771789 0.230553 -0.889294 -0.867985 -0.107756 -0.00570384 0.192099 
2.92198 0.042576 3.58249 -0.0318586 2.55635 -0.767153 -0.135044 -0.695798 -0.716005 0.474069 0.225812 0.174133 
3.19579 -0.000114491 2.82681 -0.925456 1.11057 -0.203691 0.404291 0.260558 -0.623935 0.0933384 0.0289776 0.0804855 
2.94254 -0.205746 2.56291 -0.0867067 1.33965 -0.804155 0.48569 -0.807986 -1.04997 -0.109139 0.111348 0.223691 
2.80795 0.0875312 2.66826 -0.816592 2.20997 -0.618389 0.770138 -0.234395 -0.327729 -0.41259 -0.205804 0.264133 
