2.60396 0.527163 2.85716 0.125174 2.17465 0.905477 1.46711 1.01477 0.0515695 0.99064 0.482806 0.0916983 
2.95747 0.62314 3.15178 0.222225 2.44934 -0.201625 0.262784 0.471576 0.0241093 0.19016 0.125932 0.147134 
2.77931 0.585429 2.92016 0.616855 2.79717 -0.178155 0.520497 1.36528 0.547135 0.68088 0.156973 0.100808 
2.88634 0.540202 2.76388 0.236259 2.18065 0.601964 0.698441 0.626927 -0.0145233 0.471882 0.164122 0.0775917 
2.89437 0.598059 2.98314 0.342318 2.1287 0.342369 1.01435 0.76618 0.348455 0.31164 0.104629 0.130009 
3.09907 0.548489 2.54209 -0.13529 2.1583 0.0982251 0.67689 0.493865 -0.0875208 0.710616 0.00193202 0.0516321 
2.95433 0.540238 3.0278 0.959376 2.07222 -0.0654854 0.102986 0.216316 0.00247653 0.107833 0.218205 0.132883 
2.93893 1.01917 2.78337 0.242039 2.03622 -0.220094 0.832705 -0.28269 -0.445586 0.434375 0.229224 0.16339 
2.78946 0.17618 2.48769 0.510916 2.03402 1.09711 1.20908 1.37828 0.264946 0.492441 0.195525 0.0558196 
3.08434 0.52226 2.77717 0.0117932 1.98183 -0.106794 0.516453 0.104075 -0.295188 0.279183 0.0967707 0.135471 
2.70384 0.685463 2.65535 0.0285519 2.10437 0.84873 1.34085 0.0809079 0.468785 0.359306 0.343105 0.207376 
2.77051 0.782513 3.36311 -0.102016 1.76608 0.48391 0.473868 0.73208 0.156992 0.33569 0.288858 0.109886 
2.88046 0.553259 2.43659 -0.153423 2.00998 0.753007 1.51659 0.534195 0.372289 0.563597 0.106393 0.131231 
2.86389 0.71907 2.86293 -0.347157 1.53014 0.449464 0.775397 0.730291 0.581205 -0.0617056 -0.0627091 0.118627 
2.87749 1.0617 2.69891 -0.315771 1.87864 0.908838 0.895089 0.957815 -0.249726 0.249008 0.415832 0.112447 
2.96252 0.873111 3.21317 0.655785 1.73035 0.0803708 0.251935 -0.670812 -0.522827 0.323958 0.400856 0.157225 
2.97535 0.425439 2.81457 0.325928 2.17285 0.211858 0.607558 0.00617078 -0.711666 0.508866 0.294677 0.105088 
2.87669 0.602676 3.5382 0.743878 1.48673 -0.0708913 0.0299101 0.253231 0.0486449 0.599113 0.151285 0.0646219 
2.73574 0.583041 2.49051 0.00186159 2.17302 0.906649 1.31954 0.780567 0.264991 0.189011 0.500953 0.199871 
3.02264 0.644542 2.92584 -0.211497 1.54027 0.764734 0.0828725 0.75499 0.315034 -0.197899 0.227396 0.131629 
2.68284 0.508606 3.40997 0.446911 2.24301 0.93168 0.539962 0.244811 0.0954392 0.866867 0.400268 0.0849006 
2.82099 0.685429 2.96046 0.869014 1.27074 -0.170406 0.92167 -0.0595161 0.281402 0.187973 0.235868 0.176027 
2.77624 0.402036 2.93984 0.299189 2.69714 0.580667 0.406646 0.767457 -0.219276 0.249765 0.320322 0.103194 
3.07713 0.978957 2.75584 0.242702 2.04516 -0.117383 0.466198 -0.488061 0.356037 0.15032 0.102973 0.200417 
2.91378 0.950615 3.43988 0.441558 1.53307 0.218824 0.647658 -0.491937 -0.784825 0.116556 0.428734 0.15521 
2.68479 0.832213 2.8669 0.11683 2.55423 0.345509 1.05797 0.119739 0.294146 0.283778 0.285748 0.204984 
2.90249 0.528494 2.73022 -0.304534 2.5329 0.539557 1.00779 0.322595 -0.0161017 0.659049 0.0400361 0.113583 
2.88716 0.527889 2.74038 0.4125 2.30264 0.225514 0.893205 0.410233 0.250191 0.630758 0.376307 0.172017 
2.76652 0.621699 3.80887 0.426464 1.85323 0.362864 0.547685 0.0739812 0.175874 0.414462 0.282503 0.155614 
2.92308 0.73542 3.71267 0.973802 1.84784 0.607639 0.68297 1.22554 0.278747 0.6074 0.157351 0.0307571 
3.73728 1.02335 2.89435 0.294635 1.73743 0.209158 0.865059 0.834953 -0.0323153 0.917178 0.0423822 -0.0372349 
4.41813 1.65416 3.23476 -1.4426 1.54574 0.644281 1.41762 1.60937 0.53044 0.605536 -0.378009 -0.201554 
5.0995 1.89431 2.39382 -1.32867 1.5929 0.72906 1.78586 1.43003 0.182997 0.342663 -0.359403 -0.196579 
4.50131 2.41889 1.73618 -0.905363 1.415 1.77568 1.91869 1.54469 0.169706 -0.0207048 -0.375393 -0.186356 
4.66675 2.28496 1.10987 -0.179333 1.31915 1.51965 1.87031 1.13728 0.859921 -0.0888861 -0.290575 -0.136149 
4.22977 1.97122 2.45379 -0.732155 1.64966 2.44484 2.24098 2.06263 0.685975 0.232325 -0.064663 -0.033384 
4.13066 2.10342 2.63283 -0.152123 2.48927 2.27028 1.5337 1.75963 0.933476 -0.103833 -0.0628763 -0.0206385 
3.88214 2.06131 3.27074 0.516285 2.85221 2.49554 1.98926 1.41317 0.337723 0.358046 0.049726 0.0387741 
3.85156 2.28327 3.85713 1.1666 3.53423 0.690583 1.35835 1.46635 0.611276 0.134169 0.016776 0.0801333 
4.1919 1.40109 4.17736 0.270524 3.0183 1.35749 2.21176 2.06629 0.792339 0.676608 -0.103792 0.0555971 
3.35399 1.84079 4.54616 2.27706 3.29098 1.0408 1.3882 1.57417 0.106804 0.728915 0.173474 0.0297912 
4.16667 1.7342 2.95472 0.611856 1.21076 0.369325 0.247007 1.56788 1.08437 0.814181 0.390312 0.112305 
4.57317 2.64721 4.36426 1.08075 1.41544 0.163362 -0.277913 0.847175 0.31676 1.29446 0.244395 -0.035123 
4.77753 3.00378 4.26844 1.14622 0.851588 0.103285 -0.12362 -0.0481928 0.607401 1.16636 0.234827 0.068447 
5.19917 3.11871 3.67774 -0.489415 1.21781 0.526279 0.394784 -0.0398654 -0.369389 1.0072 0.29386 0.107646 
4.78598 2.75071 3.74426 0.762525 1.55726 1.77899 0.877821 0.0474103 0.208809 0.525335 0.120268 0.0569863 
4.36513 2.54456 3.50157 0.559435 2.19696 1.05304 0.197313 0.585658 0.234312 1.02859 0.263353 0.0370605 
4.02109 2.4755 3.56944 1.16099 1.88147 1.15521 0.0928488 0.785595 0.669193 0.391311 0.173621 0.0473726 
3.77882 2.13019 3.77443 1.66802 2.60608 0.952988 1.09782 0.919031 0.520029 0.668859 0.0113202 0.00971353 
3.84176 1.75703 3.88156 0.664152 3.73259 1.17786 1.49339 0.566383 0.0711164 0.242737 0.0444116 0.161661 
3.72709 2.0898 4.44533 1.04126 1.55769 1.31769 1.83946 1.27988 0.703643 0.385069 -0.0140953 0.00687286 
4.02805 2.32708 4.16536 1.64058 0.966058 -0.197608 1.00901 1.85926 1.24229 0.899074 0.042603 -0.0215251 
4.02508 2.79916 3.86642 1.93323 0.957994 0.0538044 0.695081 1.18378 1.30423 1.32533 0.0364599 -0.00687235 
4.22128 2.76802 3.6272 1.50532 1.12884 -0.265548 0.405582 1.23688 1.31307 1.44375 0.14409 0.0138386 
4.15496 2.43718 3.31873 -0.193677 1.60958 0.163202 0.6114 0.872444 1.63764 1.56214 0.232203 0.0956463 
3.8229 2.10274 4.35137 1.19759 0.913714 -0.397903 1.02104 1.34088 1.25091 1.48572 0.20292 0.0930537 
4.01962 1.99439 4.02872 0.785409 1.26367 -0.0352916 1.06801 0.972459 1.02003 1.38649 0.157723 0.0676019 
3.61697 1.69725 3.60849 0.497477 1.85191 1.01112 0.540502 0.132174 0.989433 1.06778 0.102897 0.0965152 
3.84726 1.84258 4.02912 1.65781 3.01112 0.450143 1.64614 1.04903 0.83308 0.244085 -0.0985571 0.106001 
3.54045 1.97052 3.97836 1.71012 2.47434 0.875597 1.22601 0.407483 0.233577 0.593515 0.183999 0.0980356 
