2.72572 0.639811 3.92276 0.451784 2.42262 -0.369678 0.315169 -0.233086 -0.0417631 0.565953 0.121303 0.165349 
2.62028 0.598242 2.83279 0.0595017 2.35623 1.10694 1.4946 0.556886 -0.566091 0.37566 0.286531 0.110053 
2.72711 0.714384 2.97595 -0.389991 2.46815 0.310753 0.574951 0.665069 0.278803 0.800481 0.0140675 0.0760267 
2.77625 0.706202 2.92329 0.358519 2.62836 0.481598 -0.0235717 -0.230825 0.102204 0.0135379 0.293642 0.162834 
2.74876 0.632603 3.0541 -0.0343609 2.92183 0.142189 0.0205503 0.169075 0.561766 0.37104 0.0375521 0.147095 
2.82172 0.690456 2.74629 -0.31714 2.58228 0.972734 0.833649 0.347029 -0.0451602 0.282263 0.155575 0.131187 
2.89625 0.871837 3.21223 -0.515057 2.21338 -0.0694755 0.576366 0.250803 -0.734711 0.261869 0.259559 0.147648 
2.79755 0.772016 3.50229 0.00796076 2.81111 -0.204901 0.274992 0.124716 -0.157469 0.332905 0.212591 0.177497 
2.9721 0.357949 2.5874 0.661448 2.04066 0.650135 0.744659 0.660299 -0.254906 0.148655 0.28341 0.11186 
2.85579 0.202087 2.77181 0.289079 2.01993 0.714536 0.961261 0.676673 -0.401398 0.369898 0.405358 0.114643 
2.86869 0.652774 2.98246 -0.398174 2.86444 0.737349 0.267909 0.266863 -0.131773 -0.278618 0.4498 0.23295 
2.59376 0.719488 3.22817 0.685617 2.18006 0.731011 0.643777 0.248976 0.113379 0.182417 0.402908 0.140388 
2.66247 0.528981 2.86688 1.1081 2.61946 0.351926 1.17414 0.422545 0.221382 0.0841118 0.167257 0.166553 
2.81385 0.762038 3.08786 -0.223263 2.00391 -0.0561058 0.47583 -0.0664444 -0.436436 0.497384 0.172821 0.128153 
2.66076 0.856115 3.71161 -0.0931432 2.12967 0.271367 0.386397 0.103434 -0.604996 0.36334 0.251732 0.0873337 
2.74968 0.637404 2.47287 0.0321514 1.98105 0.764704 1.38058 0.423218 0.499956 0.0708837 0.188864 0.186153 
2.7972 1.02908 3.41433 0.252741 1.5715 0.211922 0.758825 -0.595989 -0.299866 0.529086 0.265742 0.147004 
2.80152 0.699617 2.69884 -0.167135 2.582 0.626741 0.534618 0.401224 0.209276 -0.0580087 0.374768 0.204238 
2.8706 0.540537 3.01837 0.495271 2.16533 0.552857 0.324769 0.509421 0.463379 0.321485 0.232454 0.127317 
3.01662 0.657293 3.26181 0.577598 2.14705 0.790969 1.61401 0.955906 -0.0639566 0.0475122 0.456872 0.208823 
3.57093 0.817513 4.93252 1.68875 3.46974 0.422916 1.02094 1.46509 -0.0105933 0.675626 0.190413 0.0988738 
3.72184 1.71061 2.40385 0.134782 1.6765 2.00016 1.84507 1.93656 0.959522 0.12864 -0.333355 -0.125608 
4.51701 1.97855 1.03249 -0.969969 2.0216 2.79216 2.83265 1.9052 -0.667189 0.272778 -0.229619 -0.099265 
4.8553 1.76935 1.64011 -1.50475 2.41326 3.29683 3.02238 1.01642 -0.745171 -0.0891834 -0.235478 -0.020353 
4.79962 1.81419 2.24576 -0.323221 2.56718 3.42249 2.10644 0.731897 -0.772558 -0.466219 -0.0798504 0.0325987 
4.11615 1.57329 2.32712 0.0152751 2.65152 2.6375 2.61276 1.8059 0.266746 0.0327793 -0.0447661 0.0516176 
3.71865 0.950238 3.56684 0.954946 2.94074 2.28613 3.2676 1.93502 -0.152677 0.130299 0.0130598 0.0946447 
3.83567 1.4564 3.40715 1.77924 3.18797 2.34481 1.80387 1.23236 0.309207 -0.0896807 0.14726 0.112246 
3.43732 1.71695 3.72564 2.12943 3.4335 1.86738 1.97902 1.87337 0.128968 0.376236 0.220468 0.071659 
3.42278 1.45075 4.47252 1.76732 3.55456 1.55395 1.40881 1.18753 0.699473 -0.0217343 0.0990136 0.137108 
3.65691 1.73646 3.26906 0.487671 2.57443 1.44302 2.06051 2.27111 0.397259 -0.0487803 -0.0859451 -0.0156028 
4.37922 1.99782 1.9149 0.246934 2.03434 1.85395 2.92951 1.87399 0.236568 0.199993 -0.412425 -0.186551 
4.82354 2.29586 1.74539 -1.40114 1.54325 3.2193 2.48978 1.91674 0.268557 -0.146307 -0.336473 -0.164648 
4.67517 2.32917 1.61435 -1.06523 1.43662 3.15632 2.55963 1.81133 0.244713 0.0739146 -0.344247 -0.170502 
4.20157 2.16649 2.1903 -0.383606 2.15389 2.75891 2.29935 2.10901 0.51351 0.292118 -0.322877 -0.178814 
4.21497 1.51183 3.0549 -0.196653 2.04643 2.52678 3.1649 1.69846 0.394576 0.671211 -0.394814 -0.172822 
4.22666 1.39424 3.31768 0.144816 2.61518 0.71663 2.95266 2.63276 0.569431 0.192663 -0.444385 -0.0689304 
3.92455 1.67298 3.67696 0.139248 1.99453 1.68001 2.10657 2.21653 1.16514 -0.0967229 -0.306523 -0.0716476 
3.76751 1.24633 3.49848 0.84565 2.10306 1.80971 2.04264 1.97473 0.902837 0.550752 -0.290341 -0.121313 
4.80042 2.15896 3.67181 0.192921 1.72863 0.916113 1.56536 1.55815 0.651718 0.701339 -0.125209 -0.150028 
4.25816 2.87351 3.92525 1.14022 0.718885 -0.231109 0.545044 1.31893 0.986557 1.21609 0.183101 0.00715246 
4.18669 2.61171 3.86342 1.56538 0.527471 -0.547914 0.35924 0.691973 0.879788 0.984844 0.122346 0.0323631 
4.22464 2.9116 3.83934 0.379409 1.53685 0.0210354 -0.135143 0.511285 0.860932 1.2441 0.126368 0.0271805 
4.22352 2.89995 4.54468 1.59863 0.941978 -0.040761 -0.285116 0.364442 0.800872 0.982116 0.0385142 0.0158496 
4.44748 2.43578 4.37737 0.260399 1.56213 0.148654 -0.0720498 0.517881 0.458532 1.19003 0.123694 -0.0155818 
3.99183 1.76801 3.56619 1.41909 1.67101 0.0570376 1.18823 1.40437 0.326048 0.787512 0.1315 0.0128664 
3.90458 1.87451 4.03837 1.53995 2.08701 0.624996 1.236 1.03435 0.61884 0.618757 -0.0829267 -0.0227603 
3.82624 1.26639 3.76225 0.466866 2.54305 0.889085 0.957885 1.03745 0.389456 0.238611 0.115034 0.116167 
3.61448 1.70353 3.5772 -0.140752 1.55222 0.596275 1.30894 1.13792 0.718241 0.434559 0.0611331 0.081023 
3.21219 1.04111 3.50161 1.22575 2.58867 0.55908 1.8412 0.722852 0.314545 0.434632 0.0525695 0.135115 
3.02112 1.17709 3.11404 0.534569 2.28596 0.420676 1.03078 0.442068 0.167786 0.300887 0.20534 0.140903 
3.28383 0.778243 2.65939 0.681036 2.29979 0.432138 0.927879 0.179451 -0.0625831 0.983615 0.155121 0.0532849 
3.08926 0.719608 2.89524 0.450462 1.62505 0.845857 0.889277 1.15818 0.582976 0.539152 0.147428 0.05842 
2.86533 0.893602 3.34487 0.303777 1.81695 -0.190046 0.632023 -0.202552 0.0865146 0.496423 0.302473 0.193929 
2.68027 0.423402 2.76407 0.554749 2.97098 0.198383 0.75595 0.202318 0.251456 0.302433 0.100855 0.167609 
2.77951 0.457577 2.88253 0.289413 2.29916 0.587902 1.22831 0.891659 0.057132 0.768043 0.219764 0.0838843 
2.86457 0.33972 3.43926 0.0132972 2.12039 1.22614 0.511207 0.234841 -0.0941163 0.0752989 0.365821 0.159423 
2.8096 0.293175 3.13726 0.18411 2.25682 0.305393 0.824967 0.295618 0.0521888 -0.0147261 0.120289 0.197897 
2.91694 0.662025 2.99448 -0.342233 1.80327 0.471961 -0.0384305 0.342494 0.0997783 0.560612 0.204999 0.0792895 
2.86548 0.627027 2.62831 -0.283507 1.64894 0.653921 1.32918 0.187978 0.404239 0.779243 0.112051 0.125442 
