2.94965 -0.453753 2.41818 -0.682479 1.33611 -0.410349 1.07066 0.172608 -0.419178 0.475366 -0.0237014 0.162676 
2.7316 -0.0412858 3.50167 -1.03215 1.19149 -0.251052 -0.315873 -0.164462 -1.0554 -0.377075 0.393181 0.239339 
2.788 0.0547406 3.26883 -1.05245 0.985786 0.0542478 1.10562 -0.641791 -0.674251 0.0566875 0.0420098 0.246875 
2.77836 -0.290258 2.47318 -0.644014 1.92644 -0.0241958 -0.690226 -0.665492 -0.927212 0.15026 0.271936 0.187284 
2.76232 0.035832 2.45468 -0.827854 2.2366 0.083421 -0.164211 1.00156 0.386133 0.0247226 -0.164919 0.0671774 
2.73582 -0.363488 3.04966 -1.19406 1.7753 -0.0970577 -0.207389 -0.201345 -0.924842 0.13731 0.276135 0.218577 
3.04228 -0.160176 2.5644 -0.936788 2.14182 0.841507 0.58649 0.472473 0.202267 -0.214905 -0.306106 0.117432 
2.86986 0.410926 2.00984 -1.48654 1.77314 -0.453617 -0.395394 0.18509 -0.245029 -0.134253 -0.0829576 0.161411 
2.81215 -0.208616 2.69085 -0.636012 1.9173 -0.703798 -0.317501 -0.0254132 -0.337422 0.0712289 0.195838 0.252752 
2.8249 0.00867064 2.80389 -0.9585 1.45036 -0.299702 0.151388 -0.687077 -0.473566 0.32269 -0.0137354 0.210802 
2.97267 -0.242821 2.22392 -0.951308 1.35421 -0.631744 0.0898705 0.176411 -0.463308 0.121612 -0.0977157 0.168585 
2.90358 -0.0547247 2.43741 -1.37134 1.80967 -0.237827 -0.2605 -0.700967 -0.366996 0.410365 -0.104092 0.198775 
2.79586 -0.493716 2.24048 -0.508253 1.23585 -0.516172 1.30401 -0.237762 -0.496996 0.298404 -0.177066 0.209885 
2.92303 -0.205951 2.90066 -1.0156 1.65824 -0.160153 0.277225 -0.514437 -1.10041 0.29077 0.0886316 0.193341 
2.94355 -0.134173 2.63197 -1.13037 1.94505 -0.7745 -0.00105914 0.398443 -0.368289 0.282796 0.0745207 0.215142 
2.65922 -0.00916499 2.13749 -1.43035 2.28883 -0.202684 -0.920214 -0.65474 -0.262919 0.41562 0.0499907 0.208475 
3.10855 -0.629928 2.81974 -1.20086 1.80971 0.263386 -0.534859 0.0502341 -0.778584 0.129931 0.0176185 0.0836625 
2.54301 -0.357416 3.39277 -0.133021 2.22795 -0.989816 -0.775521 -0.761445 -0.582011 0.670349 0.0399827 0.156502 
2.98207 -0.0825177 3.65029 -0.959575 1.89285 0.10117 0.251713 -0.423831 -0.816547 0.369383 0.0569213 0.175722 
3.24059 0.559597 3.60847 -0.00310345 2.78843 -0.334093 0.908378 0.303631 -0.674152 0.360416 0.315185 0.242148 
3.47247 0.616623 4.09017 0.175912 1.90204 -0.514941 0.697689 -0.17674 -0.533592 0.527088 0.0789123 0.158963 
3.58983 0.00379868 3.79225 -0.576812 2.31046 0.571507 0.363007 1.46762 0.552753 0.322139 0.170881 0.130475 
4.07452 1.06464 2.09206 -0.207396 2.09054 0.0733394 1.76191 1.53319 0.500922 0.247989 -0.101434 0.0555055 
4.28608 0.640188 1.90828 -1.65683 1.81827 0.75594 1.80697 1.96797 0.416699 0.437572 -0.284403 -0.145921 
4.08065 0.984425 2.4024 -1.41566 1.40548 1.12892 2.31494 1.48218 0.56764 0.145652 -0.532952 -0.150684 
4.30506 1.02663 2.16851 -1.21166 2.16305 1.77871 1.83334 1.21024 0.650684 0.139093 -0.452079 -0.146325 
4.1009 1.17524 2.16907 -1.71241 1.90453 0.398325 1.88997 2.04128 0.541235 0.0674992 -0.400563 -0.0902538 
3.97635 0.76583 3.74321 -0.576488 1.19738 1.11324 1.86045 1.92616 0.772527 -0.189604 -0.388112 -0.0788082 
3.88176 1.14526 4.07631 -0.392157 1.57932 0.850507 2.13806 1.27757 0.500066 0.127555 -0.220051 0.0603485 
3.72224 0.545227 3.67229 0.82075 2.51063 0.864099 1.60029 0.0745087 0.124129 0.556176 0.0164092 0.144934 
3.90655 0.531033 3.85041 0.0271664 2.00858 0.224642 1.87925 1.73242 0.158506 0.575002 -0.175139 -0.0112405 
3.99045 1.42063 2.24693 -0.650678 2.16681 0.859129 1.60063 2.37164 0.917359 0.103129 -0.381505 -0.189607 
4.49087 1.73413 2.41163 -0.898545 1.95321 1.4909 2.50987 2.02339 0.396041 0.246196 -0.401762 -0.19569 
4.50514 0.818414 3.15674 -0.333306 1.88363 1.22398 1.75299 2.38757 0.334925 0.00258289 -0.394423 -0.27652 
4.24799 1.16235 3.58979 -0.251775 1.14042 0.363644 2.28047 2.2847 0.130965 -0.283939 -0.42648 -0.195073 
4.27349 0.957552 2.69615 -0.78775 1.32044 0.401323 2.09913 1.49382 0.329408 0.0857129 -0.4503 -0.12614 
3.68709 0.549866 3.67878 0.00611422 2.30825 0.24495 0.44773 0.22621 0.42752 0.0529937 -0.33692 0.0626894 
3.65403 0.521187 3.20484 -0.959584 1.78102 0.174595 -0.0955486 0.564634 -0.0534529 0.411637 -0.153864 -0.0948607 
3.67575 0.818969 3.71737 -0.735089 1.52323 -0.698372 1.23553 0.602857 -0.587394 0.282929 -0.157687 0.0943958 
3.88665 1.23103 3.20222 0.572956 2.8195 -0.642199 0.92267 0.582578 -0.418597 -0.114263 -0.182264 0.0794889 
3.76243 1.80361 3.22849 -0.201542 1.41221 -0.351336 -0.133642 -0.557985 0.0532659 0.307211 -0.144065 -0.0249001 
3.62637 1.858 3.75065 1.03879 0.93828 -1.649 -1.08691 -0.500261 -0.444732 0.555568 -0.137388 -0.056126 
4.22445 1.56137 4.23539 0.19801 0.959605 -0.799414 -0.618093 -0.685148 -0.204346 0.276122 -0.0967025 0.0171938 
3.89991 1.29305 4.09783 -0.0494718 1.33383 -0.462509 -0.0177604 -0.30137 -0.055615 0.502301 0.116262 0.133003 
3.60778 1.68606 3.28368 -0.712002 1.96092 -0.454118 -0.466029 -0.983234 -0.667149 -0.20097 -0.012551 0.0612494 
3.89798 0.94176 3.75045 -0.145815 2.32905 0.0728521 0.055668 -0.79409 -0.383325 -0.329822 -0.17167 0.143749 
3.57709 0.525325 3.37809 -0.00498896 2.47236 0.00881715 1.20631 0.948586 0.14211 0.370542 -0.472211 -0.0633245 
3.80382 0.820585 4.03547 0.570725 1.92832 -0.177713 0.923073 -0.540342 -0.584676 -0.0767126 -0.0159111 0.181639 
3.27009 0.504684 3.49896 0.818761 3.52317 0.365646 0.029398 0.475523 -0.0345233 -0.00934652 0.0286878 0.0474623 
3.46305 1.07714 3.40097 0.0730166 3.3077 0.372367 -0.186367 0.354006 0.0374546 0.0504498 0.130066 0.072976 
2.92161 0.183325 3.65552 -0.12657 2.32923 0.353111 1.06502 0.99803 -0.0249447 0.310198 -0.105605 0.0283509 
3.38633 0.747404 3.77844 -0.104227 2.81769 0.113485 0.377374 0.574344 -0.34439 0.321162 0.209386 0.111127 
3.82645 0.354168 3.73823 -0.633111 2.18565 -0.0874459 0.987809 0.337364 -0.346434 -0.141046 -0.158955 0.27617 
3.50067 0.0915545 4.15601 -0.387034 1.97658 -0.592378 -0.292581 0.385388 -0.555094 -0.130271 0.00756998 0.175855 
3.14674 0.300957 2.51705 -0.0755259 2.54973 -0.798341 0.319522 -0.149046 -0.0816093 0.28073 0.119757 0.237705 
2.74086 0.307584 2.57552 -1.88903 2.3073 0.00368507 -0.519724 -0.251496 -0.514111 -0.267471 0.0578629 0.246162 
3.13593 -0.0467296 3.31596 -0.394769 1.79592 -0.186142 -0.0670907 -0.23285 -0.193332 0.274161 0.0653582 0.167248 
3.04066 0.143402 2.53263 -1.00827 1.72928 -0.35311 0.207816 0.467263 0.0969341 0.0511699 -0.225804 0.119893 
2.92209 -0.295305 3.77056 -0.285303 1.45968 -0.565069 0.486669 -0.741039 -0.458343 0.191865 0.00672413 0.303806 
2.98383 -0.34267 2.20639 -0.843281 1.51892 -0.400313 0.246305 -0.11224 -0.233184 0.381377 -0.148966 0.153872 
