2.87098 0.0927417 1.9155 -1.02317 0.946552 -1.01985 0.261187 -0.236009 -0.259529 -0.570745 -0.13818 0.150854 
2.82343 -0.361539 2.94832 -0.749359 1.00394 -0.883208 -0.426052 -1.0205 -0.83647 0.000402834 0.0248073 0.171741 
2.86356 -0.390959 2.98874 -0.898944 1.73685 -0.782957 -0.729599 -0.531555 -0.911998 -0.202431 -0.0608506 0.109456 
2.58819 -0.436027 1.72623 -1.56823 0.465576 -1.14143 -0.547223 -0.534305 -0.750547 -0.442629 -0.176893 0.0930471 
2.61792 -0.497013 2.80828 -1.09439 1.22966 0.189686 0.0520475 -1.14542 -0.954722 -0.0731546 -0.0703724 0.138968 
2.83181 -0.628406 2.38103 -1.2985 0.97008 -1.0469 0.0354084 -0.063298 -0.953842 -0.364356 -0.302709 0.12132 
2.34404 -0.421733 2.62616 -1.2568 1.01829 -1.1259 -0.944038 -1.18101 -0.762686 0.00223188 0.0278053 0.145149 
2.63159 -0.485022 2.84406 -0.926917 0.43368 -1.04511 -0.586399 -1.0601 -0.938803 -0.0686938 -0.00593847 0.0809825 
2.5392 -0.0596731 2.47346 -1.01155 0.950898 -0.724116 0.0905026 -0.945036 -0.0645423 0.0254974 -0.226192 0.138442 
2.75887 -0.112862 2.50252 -1.90845 1.23741 -0.961599 -0.404895 -0.0432967 -0.920328 -0.373185 -0.0711256 0.154291 
2.53851 -0.423616 2.03885 -1.50305 1.25878 -1.35664 -0.523326 -0.962042 -0.970138 0.148358 -0.159029 0.120469 
2.55671 -0.485621 2.18565 -2.10422 1.99221 -0.530926 -1.42879 -0.751088 -0.376975 -0.224042 -0.203095 0.208265 
2.59833 -0.338813 1.87997 -0.882757 1.1385 -1.212 -0.21904 -1.17046 -0.575898 0.326004 -0.320053 0.0809591 
2.3287 -0.289641 2.58363 -1.3005 0.582057 -0.927214 -0.387091 -0.88689 -0.940934 -0.19454 0.0801241 0.103027 
2.9706 -0.887704 2.09082 -1.84546 0.45308 -0.88102 -0.300131 -0.710205 -0.812477 -0.0444386 -0.320829 0.0816024 
2.53612 -0.346413 2.23081 -0.924305 1.66293 -1.09767 -0.094956 -0.184288 -0.251045 -0.122264 -0.212594 0.104641 
2.34995 -0.679139 2.6254 -1.51617 1.34813 -1.05291 -1.37367 -0.809238 -1.16614 -0.127178 0.0747029 0.106918 
2.6769 -0.0549852 2.9804 -0.651709 0.601843 -1.67556 -1.10294 -1.75424 -1.09557 -0.600276 0.0306911 0.140342 
2.94855 -0.0959341 2.92865 -1.83238 1.11275 -1.0667 -0.228358 -0.625134 -0.91247 -0.0547771 -0.224558 0.110064 
3.6047 1.20052 4.52371 1.1847 2.41747 -0.13975 0.232541 0.109426 -0.392393 0.123625 -0.0617938 0.00445316 
3.72454 2.76582 3.90367 2.16811 1.56404 0.0452949 -0.180458 -1.18316 -1.10585 -0.206464 -0.182996 -0.0905327 
4.34239 3.27537 4.10312 2.27889 1.7893 -0.0750724 -1.34098 -0.972048 -0.644456 -0.213561 -0.166111 -0.0566195 
4.7056 3.16518 5.06978 2.11141 1.65906 -0.344708 -0.343002 -1.50722 -0.718666 -0.0475909 -0.255443 -0.0345967 
4.44507 3.33307 4.7262 2.47339 2.19887 -0.24614 -0.391469 -0.723849 -0.996373 0.325334 -0.163647 -0.0532783 
4.01449 2.52462 5.08992 2.06976 1.65373 -0.43804 -0.868625 -1.05985 -0.451938 0.1755 -0.170505 -0.00358668 
4.31878 1.93339 4.35649 0.729976 2.43794 -0.230028 -0.275472 -1.18107 -0.961503 0.0596309 -0.0887729 0.0659922 
4.01261 1.76588 4.81574 0.627922 2.44711 0.211381 -0.0737613 -0.166333 -0.945247 -0.135585 0.118333 0.06527 
3.65677 1.62087 4.17536 0.316036 2.80623 -0.166669 -0.26821 -0.50245 -0.54217 -0.0989925 0.233127 0.200492 
3.71193 1.56508 3.95271 0.698089 2.96059 -0.155004 -0.333454 -0.543427 -0.133811 -0.170372 0.0132244 0.130141 
4.12044 1.31442 4.22407 -0.344631 2.0332 0.480989 0.466189 0.0657561 -0.415029 -0.1866 -0.105535 0.082912 
3.74849 1.12879 4.14762 0.306032 2.35913 0.119983 0.792856 0.332313 -0.100411 0.34214 -0.112172 0.0473355 
3.85204 1.19973 2.69898 -0.706375 2.07121 1.38916 2.00166 1.18696 1.37758 0.292278 -0.458359 -0.0543871 
4.25171 0.889502 2.95682 -0.0410582 1.63563 1.27821 2.36075 1.34327 0.128958 -0.188886 -0.2133 0.0151087 
4.04896 0.649592 2.03108 -1.59585 1.66569 1.18586 2.44835 1.8621 0.711978 -0.0830105 -0.350524 0.00103038 
3.56377 0.722557 2.68979 -1.35551 2.01723 1.02349 2.37546 1.13351 -0.251514 -0.325576 -0.225967 0.101454 
3.69139 0.166738 3.01599 -0.637805 1.48682 1.12173 2.60775 1.50702 0.346873 0.403152 -0.308636 -0.0308278 
3.44148 0.22753 3.0574 0.0436033 2.4585 0.574978 1.02516 1.78762 0.658644 0.149256 -0.0991761 0.0235536 
3.44559 0.628384 3.61708 -1.66675 1.35079 -0.0982376 1.00047 0.414847 -0.836367 0.318482 0.00158989 0.0954788 
2.98249 0.116445 2.64546 -0.998263 0.791803 -0.824488 0.253126 0.559825 -0.667111 -0.0647105 -0.195162 0.0413536 
2.98239 0.142545 3.38282 -0.982844 1.92831 -0.833358 0.157031 0.668291 -0.93281 -0.0662585 0.0802625 0.106577 
2.97197 0.230454 2.78 -0.841274 2.48908 -0.92931 -0.323695 0.630006 -0.555005 -0.218428 -0.130992 0.0969857 
2.95785 -0.684726 2.39301 -0.190746 1.61616 0.0984542 -0.299878 -0.709868 -0.672437 -0.354339 -0.199263 0.0500274 
2.63292 -0.353405 2.59809 -1.58714 1.11582 -1.17174 -0.959708 -1.13256 -0.475001 0.284991 -0.26711 0.149381 
2.68408 0.156256 2.15259 -1.51105 1.77214 -1.27184 -1.05359 -0.840967 -0.196001 -0.334084 -0.185073 0.211342 
2.91393 -0.812358 1.79033 -0.869712 2.24779 -0.595098 -0.0403083 -0.386414 -0.438064 0.39144 -0.262434 0.138424 
2.85621 -0.614849 3.04879 -1.23542 1.39966 -1.00316 -0.185816 0.140005 -1.05968 -0.0862507 -0.0334484 0.194494 
2.59225 -0.412835 2.31072 -2.02198 1.65391 -0.599398 -0.653338 -0.0498005 -0.383014 0.0924532 -0.114704 0.0966661 
2.67663 -0.424343 2.16738 -1.92254 1.21311 -1.13154 -1.55089 -0.401992 -0.571516 -0.0190891 -0.21027 0.0035996 
2.49222 -0.55174 2.26546 -1.05438 1.1208 -1.37825 -0.101893 -0.381969 -0.584535 -0.136113 -0.238173 0.245234 
2.37678 -0.308264 2.19845 -2.42003 0.50514 -0.59941 -0.440183 -0.846006 -1.06656 -0.472184 -0.0643205 0.140679 
2.19634 -0.422534 1.97811 -1.46511 1.32734 -0.92599 -1.14527 -1.49685 -0.78175 -0.177466 -0.114946 0.173321 
2.4795 -0.811311 1.74545 -1.39902 1.07283 -0.835003 -0.18209 -0.350857 -0.891971 -0.236181 -0.129301 0.100611 
2.65511 -0.368454 1.53844 -1.79668 0.775743 -1.33151 -0.767833 -1.20506 -1.14946 -0.745265 -0.14245 0.138282 
2.63344 -0.41833 2.26621 -0.876374 1.23045 -0.326838 -1.08852 -1.51398 -0.767114 0.260478 -0.0496326 0.0732217 
2.85975 -0.0690686 2.73048 -0.964549 0.817191 -0.252851 -0.20732 -0.222277 -0.869995 -0.470801 -0.029568 0.0901808 
2.7687 -0.357221 1.96561 -1.97797 0.750889 -0.346936 -0.159621 -0.441533 -0.812854 -0.335645 -0.198258 0.133313 
2.76465 -0.071992 2.39779 -1.56905 0.863124 -1.11197 0.147421 0.320715 -0.679942 -0.0269916 -0.185746 0.0551277 
2.74201 -0.702004 2.58605 -0.722134 0.735546 -1.17371 -0.487118 -0.884807 -0.890658 -0.0460639 -0.123477 0.0749116 
2.78696 -0.458785 2.4382 -0.702297 1.80662 -1.45821 -1.07708 -1.13948 -1.05288 -0.0234562 0.0407352 0.154336 
2.76268 0.0475282 3.13038 -1.11232 1.88383 -0.716144 -0.773106 -0.0186405 -0.955069 -0.123798 -0.0164137 0.054665 
