2.6856 -0.58792 2.56812 -0.736968 1.12876 -0.651381 0.149057 -0.555363 -0.600964 0.132571 0.0165163 0.273625 
2.80751 -0.264297 2.65411 -0.163549 1.29681 -0.823543 -0.381113 -1.02896 -0.223787 0.127845 -0.048526 0.204281 
2.84749 0.0113947 2.78973 -1.45866 1.528 -0.00422892 -0.112653 0.200227 -0.0528523 -0.0133829 -0.195306 0.0866206 
3.05329 -0.461062 2.19881 -0.857805 1.22335 -0.600121 -0.443215 0.345913 -0.244454 0.489324 0.0287875 0.0424713 
2.3864 -0.22738 2.10054 -1.29044 1.85724 -0.00848632 0.449915 -0.468831 -0.159172 0.241163 -0.0989425 0.218437 
2.64012 -0.334884 2.2496 -0.72272 2.02856 -0.814964 -0.426278 -0.604923 -0.627208 0.15467 -0.0101811 0.218248 
2.93568 -0.109202 2.84284 -1.84519 1.9293 -0.304075 -0.746751 -0.117194 -0.39453 -0.209681 -0.0829092 0.216557 
2.69646 -0.000840608 3.58898 -0.689412 0.868987 -0.825531 0.675326 0.043115 -1.05738 -0.03219 -0.217167 0.0858265 
3.63602 0.800826 3.12222 -1.38587 0.400505 -2.84298 -2.41086 -1.88666 -1.08662 -0.731567 -0.341978 0.11511 
3.1372 0.639713 2.61357 -1.51213 1.83264 0.0159823 -0.847385 -1.60422 -0.645341 -0.442548 -0.184743 0.157149 
3.96346 1.8014 4.61163 0.748304 2.18871 -0.200687 -0.300222 -0.839995 -1.27068 -0.606477 -0.108956 0.0101941 
3.9949 2.59418 4.56776 2.0723 2.22608 0.201234 -0.576001 -0.00795317 -1.01398 -0.437997 -0.110775 -0.120541 
4.39671 2.99806 5.31541 2.43852 1.86272 -0.0277224 -0.324559 -0.430268 -0.642623 -0.264823 -0.188197 -0.0733361 
4.03274 3.03623 4.30664 2.67961 1.64876 0.495457 -0.846703 -0.717316 -0.420015 -0.324795 -0.154779 -0.0545317 
3.68214 2.90819 4.01994 2.52513 1.9029 0.450529 -0.228355 -0.908768 -0.810802 -0.13665 -0.0880236 -0.0478673 
3.99956 2.10978 4.93835 1.01884 2.31255 -0.0252366 -0.0153588 -0.857316 -0.966854 -0.699649 -0.202995 0.00639898 
3.29607 1.78734 4.23581 1.49142 3.14606 -0.0259467 0.588261 0.189915 -0.798159 0.133168 0.220897 0.0651747 
3.98395 1.37621 4.79573 0.99474 2.66352 0.743537 0.0914358 0.0856424 -0.84934 0.11474 0.149974 -0.00651489 
3.5474 1.67527 4.1856 1.11344 3.58698 -0.0288357 0.602509 0.636193 -0.798214 -0.258659 0.222832 0.128386 
3.66452 1.66041 3.81912 -0.119373 2.37866 0.625157 -0.0719246 0.590723 -0.246195 -0.0813468 0.104856 0.00554963 
3.33752 0.519398 4.0566 1.17944 2.45409 -0.121952 0.988489 0.142664 -0.345709 0.278218 0.162775 0.147394 
3.46372 1.05982 4.04563 0.288233 2.50194 -0.0247788 0.548526 0.447537 -0.0323214 0.372821 0.114709 0.124699 
3.61823 0.961869 2.81111 -0.200296 2.58405 0.588405 1.4366 1.38818 -0.10827 0.4713 -0.106956 -0.0507643 
4.39872 0.588837 1.7359 -2.04966 1.52118 1.52415 2.60767 1.38261 -0.0355746 0.170732 -0.332192 -0.0743516 
4.23994 0.456826 1.13611 -2.06151 1.49692 1.73203 2.20575 2.70503 0.62307 -0.105685 -0.166712 -0.120952 
3.98645 0.90284 2.51901 -2.21095 2.15336 2.15995 1.74046 1.67537 0.0363372 -0.293252 -0.287272 -0.0844136 
3.89881 0.67642 2.49997 -1.76837 1.87089 1.19609 2.31808 1.95256 0.629281 0.0796683 -0.406514 -0.0492325 
4.05293 1.37315 3.23707 -1.73447 1.20235 0.74262 2.15535 1.57711 0.668936 -0.16694 -0.389489 -0.00490532 
3.98848 1.07656 3.6037 -0.42118 1.81172 0.845555 1.73432 0.559537 -0.0483334 0.195115 -0.0258686 0.129805 
3.42093 0.779372 3.08592 -0.466019 2.01918 0.830055 1.8587 0.712318 0.240808 0.137198 -0.0613887 0.117962 
3.4026 0.539578 3.45503 0.038647 2.51302 0.101148 0.796855 1.1024 0.177696 0.479705 0.0513432 0.0699716 
2.92638 0.0364204 2.29907 -0.481198 1.67052 0.387647 1.34338 -0.115817 -0.270064 0.368619 -0.0135964 0.118495 
3.04443 -0.393759 3.36803 0.00627423 2.58692 -1.12948 -0.93589 0.108856 -0.520142 0.349268 -0.0402043 0.0994056 
2.69786 -0.322718 3.06563 -0.231144 1.56323 -0.685102 -0.361848 -0.671682 -0.135822 0.0449489 0.0391718 0.216667 
2.53019 -0.218857 3.39591 -0.858053 1.25104 -0.381938 0.134386 0.0864114 -0.876145 0.349711 0.0962202 0.0893366 
2.75999 -0.0954008 3.11855 -1.10426 1.40442 -0.692973 -0.0333935 -0.368495 -0.495748 -0.135666 -0.143553 0.250819 
2.74614 -0.186956 2.44473 -1.17554 1.29245 -0.125849 0.649901 -0.219973 -0.249927 -0.0173764 -0.096572 0.223366 
2.49805 -0.273975 3.3112 -1.2034 2.3987 -0.463346 -1.25819 0.145308 -0.776372 -0.311046 0.259488 0.19368 
2.69528 -0.853461 2.39061 -0.539863 1.68823 -0.665948 -0.379864 -0.439588 -0.951498 0.233419 0.171471 0.232118 
2.76329 -0.565701 1.63402 -1.13342 1.61672 -0.946188 0.143734 -0.220937 -0.0994945 0.247927 -0.268249 0.264896 
2.72295 -0.231369 3.22556 -1.38675 0.88123 -0.634702 0.563396 0.523568 -1.09117 -0.269382 0.263733 0.194453 
3.11167 -0.447769 1.92177 -1.39368 1.43793 0.652215 -1.55649 -0.30726 -0.223551 -0.0810448 0.128797 0.106744 
2.60069 -0.37358 2.46183 -1.16704 1.16194 -0.0521736 0.223615 -0.245478 -0.59828 0.164052 0.221474 0.217185 
2.71443 -0.236199 2.62938 -1.39101 1.73973 -0.718661 -0.840277 -0.200876 -0.395572 0.15669 -0.0835068 0.192704 
2.77763 -0.354423 2.80956 -1.12311 1.44861 -0.544683 -0.9544 -0.541403 -0.327067 0.0595017 0.0650426 0.213853 
2.7309 -0.00328253 2.27274 -1.39949 1.2122 -0.444665 0.138875 -0.584261 -0.269523 0.222671 -0.0727085 0.231229 
2.73445 0.153595 2.52637 -1.55405 1.42807 -0.599378 0.364141 0.0248114 -0.34315 -0.0942467 -0.0226079 0.242597 
2.59066 -0.204304 2.16359 -1.02882 1.22962 -0.0578857 0.281425 0.265308 -0.468195 -0.110395 0.0709443 0.137109 
2.72653 -0.289304 3.3384 -1.22993 1.19257 -0.478229 -0.312263 -0.290326 -0.751014 0.0209672 -0.0224886 0.174471 
3.00249 0.01545 2.28088 -1.06877 1.24855 -0.54286 0.385434 -0.803317 -0.79606 -0.0383727 -0.0127513 0.216995 
2.94014 -0.453009 2.93433 -0.822379 1.87183 0.0234683 -0.288387 -0.133406 -0.427074 0.00171107 -0.145886 0.107208 
2.81631 0.0292842 2.57484 -1.1227 1.56731 -0.305081 -0.424433 -1.04319 -0.208489 0.271023 -0.132235 0.210127 
2.49704 -0.527347 2.96036 -0.451745 1.53148 -0.651387 0.0673125 -0.328577 -0.537937 0.403848 0.0983059 0.176943 
2.6088 0.0391375 2.3173 -1.11199 2.13383 -0.434693 -0.514725 -0.484534 -0.404269 0.132247 -0.0166004 0.178055 
2.91975 -0.681542 2.60251 -0.321496 1.35222 -1.12078 0.0808492 -0.637331 -0.586609 0.131778 -0.128149 0.252754 
2.58676 -0.0283444 3.09105 -1.2105 1.48645 -0.300598 -0.619177 -0.295879 -0.623834 -0.225994 0.114951 0.197409 
2.62573 0.197562 2.25008 -1.06567 1.15518 -0.202494 0.919476 0.0717408 -0.886881 0.174481 -0.00384503 0.126206 
2.86606 -0.332803 2.64869 -1.00848 1.7524 -0.469546 0.0100663 -0.530027 -1.09539 0.0450159 0.0667699 0.224026 
2.64347 -0.246769 2.59781 -0.746997 1.73497 -0.775434 0.252253 -0.653228 -0.564744 0.414495 -0.0278259 0.197716 
2.86194 -0.486397 2.86761 -0.834239 0.953497 -0.449291 0.468552 -0.345168 -1.07811 0.149314 0.0152622 0.156774 
