2.65526 -0.425867 3.03427 -0.571848 1.56961 -0.21781 -0.194373 -0.00118519 -0.119844 0.0986579 0.162783 0.238181 
2.6228 0.0342583 2.62656 -1.17108 1.46946 -0.899553 -0.113026 0.224796 -0.694339 0.137082 0.0561109 0.217466 
3.07891 -0.223132 2.31864 -0.847547 1.86795 0.0367845 -0.545514 -0.368053 -0.416279 0.293962 0.0118749 0.130144 
2.79338 -0.334109 1.64573 -0.348371 2.49269 0.40041 0.900324 -0.288459 0.535839 0.295801 -0.0476336 0.2383 
2.75421 0.352512 3.08142 -0.121196 1.38546 -0.506521 0.484512 -0.347769 -0.857236 -0.0965633 0.291056 0.208425 
2.9094 -0.427874 2.5423 -0.530763 2.22458 -0.00710568 0.422885 -0.197543 -0.590467 0.214193 -0.0954025 0.190533 
2.53932 -0.103579 3.01161 -0.115511 2.04452 -0.802153 0.318049 -0.929596 -0.45493 0.210157 0.0124914 0.286596 
2.80126 -0.268267 2.60108 -0.206091 1.58328 -0.881008 0.377763 -0.71689 -0.576142 0.347596 0.0784606 0.269178 
2.92123 -0.295 3.33972 -0.406993 1.62232 -0.644083 -0.233106 -0.0440676 -0.484624 0.189772 0.00600798 0.183249 
2.6785 -0.025743 3.26115 -0.0573046 1.82353 -0.269449 0.235671 -0.125393 -0.404811 -0.0264875 0.23335 0.219616 
3.24702 -0.1215 3.29166 -0.162289 2.10399 -0.12162 -0.561359 -0.867473 -0.141985 0.275778 -0.00780864 0.195816 
2.90163 -0.00450806 2.57222 -0.899976 2.60633 0.28594 0.436043 0.3909 -0.602764 0.15689 0.250324 0.192428 
2.79017 0.221779 4.55339 -0.351672 2.68223 -0.231974 -0.661742 0.0894792 -0.494218 0.29718 0.236423 0.137542 
2.94199 -0.124488 2.79613 -0.880041 1.41914 -0.243482 0.302688 0.210377 -0.422773 0.110525 0.00967132 0.172024 
3.00575 0.5899 3.06927 -0.98653 1.95971 -0.125575 0.237348 -0.429877 -0.514115 -0.350167 0.241245 0.30053 
3.20125 0.255416 3.10276 -0.230689 2.2885 0.0134763 -0.0081918 0.0858588 -0.709936 0.34145 0.159847 0.0813407 
3.90949 1.36975 3.79787 1.69341 3.19159 0.274879 -0.30781 0.288079 -0.569288 -0.395866 -0.0622147 -0.0617125 
4.22919 2.37129 4.42704 1.09729 2.96978 0.852025 -0.116031 -0.430323 -0.843644 -0.43634 -0.17306 -0.094259 
3.93314 3.2969 4.48657 2.6675 1.43528 0.172339 -0.43684 -0.584382 -0.847174 -0.199867 -0.211042 -0.0858737 
4.20009 3.47596 4.15621 2.56853 1.11842 -0.439788 -0.797963 -0.790697 -0.629251 0.149395 -0.0893517 0.0137588 
4.28775 3.3565 4.5183 1.81287 1.52781 0.172323 -0.84099 -0.852664 -0.727244 0.264968 -0.038833 0.0161661 
3.92131 2.67845 3.40308 2.13562 1.63151 -0.40819 -0.76545 -0.381746 -0.81732 -0.148933 -0.0277595 -0.016987 
3.61615 2.36435 3.95917 1.99753 1.74282 -0.0580997 -0.451834 -0.578656 -0.408197 0.0191159 -0.0165192 -0.000484049 
3.87211 1.73506 4.47738 1.47544 2.63313 -0.714558 0.294492 -0.705873 -0.556796 0.11815 -0.114833 0.0959537 
3.79417 1.33686 4.71871 0.480671 2.9465 0.221825 -0.14901 -0.545669 -0.387523 0.282692 0.154966 0.199609 
4.17966 2.17256 3.6654 0.903406 0.968476 -0.435532 0.386591 1.49665 0.176371 0.722267 0.212478 -0.0144465 
3.8232 1.70301 3.14924 1.11552 1.57407 0.265676 0.922908 1.12757 -0.0119957 0.697592 0.129108 -0.0271404 
4.40114 1.56047 2.57522 -1.10727 1.18615 0.48118 1.91286 1.0654 1.10551 0.0360998 -0.35048 -0.00842987 
4.81157 0.939233 0.712673 -2.90363 0.646359 3.11293 3.33621 2.00319 -0.063174 -0.125247 -0.216325 -0.0881911 
4.94539 0.974885 -0.188428 -2.48325 1.36499 2.52734 3.83383 2.02816 -0.919353 -0.291898 -0.265626 -0.0776015 
4.44272 1.26729 0.227311 -2.45638 1.43048 2.73102 3.41625 2.00002 -0.973515 0.00314075 -0.181236 -0.0532136 
4.11353 1.20252 1.35929 -0.263477 1.58391 2.10899 2.6297 0.753325 -0.392672 -0.213102 -0.102834 0.02985 
4.24734 0.663197 1.80704 -1.34162 2.86045 2.03031 2.11116 1.78744 -0.54775 0.0220339 -0.0304283 -0.00668961 
3.89743 0.719791 2.79433 -0.854542 2.32773 1.1912 1.54849 0.749874 -0.100159 -0.344906 -0.0216359 0.195714 
3.70488 0.265275 2.54269 -0.530625 2.42789 1.03361 1.48199 1.20271 0.0466993 0.120013 -0.108793 0.0539413 
3.62517 0.787211 3.01741 -0.187519 2.02309 0.346099 1.34441 0.989081 0.294562 -0.370952 -0.0991103 0.157192 
3.3233 0.195114 2.21652 -1.6458 1.49141 -0.342579 0.586602 0.955845 0.0817856 0.275318 -0.173831 0.0860082 
3.33268 0.248485 2.91474 -0.757733 1.56445 0.294798 0.505492 1.31936 0.0773122 0.052384 0.0181941 0.0334514 
3.1699 0.0855748 3.27074 -0.591295 1.50657 -0.0970191 -0.403002 0.236739 -0.0909201 -0.114012 0.0397609 0.148925 
3.11094 -0.0584463 2.74296 -0.983132 1.72279 -0.398128 -0.00260246 0.407592 -0.495801 0.265453 0.0277806 0.127374 
2.81322 -0.0835768 3.30676 -0.100516 2.10762 -0.0128651 0.936002 0.173259 -0.779168 0.366126 0.276777 0.164539 
2.88095 0.329021 2.93954 -1.10519 1.44841 -0.871668 0.0875158 0.0381557 -0.463682 0.135091 -0.00256354 0.213028 
2.94236 -0.0282223 2.64329 -0.31131 0.295355 -1.24368 0.87132 0.372956 -0.298093 -0.0435853 -0.25184 0.161175 
2.98798 0.203044 2.98881 -0.353791 1.60769 -0.232469 0.440825 0.286738 -0.425395 -0.247562 -0.149906 0.133242 
2.71258 0.211654 2.97538 -0.749705 1.6489 -0.737371 -0.744949 0.345351 -0.265297 -0.196632 -0.0503067 0.162478 
2.99912 -0.212175 2.81845 -0.0750301 2.0883 0.410971 0.214442 0.118083 -0.827124 0.509461 0.193288 0.0272045 
3.00815 0.169468 3.15272 -0.42668 2.4061 -0.116663 -0.667954 0.07329 -0.232128 -0.277145 -0.213021 0.100496 
3.24131 0.136692 2.75936 -0.257321 1.62312 -0.670269 0.287208 -0.608063 -0.429211 0.33127 -0.0608486 0.184152 
3.09548 -0.0297104 2.87568 -0.918364 1.47895 -0.394632 -0.267427 0.0548772 -0.078104 -0.171222 -0.0333802 0.230993 
3.12537 -0.0505019 3.16135 -0.688455 1.79573 0.602963 0.259419 0.0732987 -0.129579 0.00762077 -0.00735629 0.154646 
3.16607 0.129857 2.95094 -0.368504 1.57674 -0.130919 -0.0854216 -0.986614 -0.579458 0.733863 0.0734982 0.115865 
2.72293 -0.512756 3.3354 0.753623 2.10157 -0.0271133 -0.00663494 -0.23949 0.0527677 0.544907 0.0531011 0.103273 
3.00218 0.0318715 2.96256 -0.520881 2.22743 -0.519748 -0.322118 -0.378688 0.221163 0.323514 -0.137314 0.214201 
2.93324 -0.0619412 2.1574 -0.864274 2.11529 -1.18849 0.066765 -0.0542854 0.327802 0.335288 -0.256334 0.265847 
2.71636 -0.0351575 3.08674 -0.598065 1.24924 -0.285927 0.483633 -0.497942 -0.272925 0.51399 0.120048 0.209216 
2.80614 -0.0864337 2.74923 -0.577711 1.18031 -1.35721 0.722161 0.00464063 -0.195675 0.149858 -0.113071 0.294578 
3.02655 -0.0225708 2.24987 -0.531797 1.46074 -0.531344 0.751344 -0.0192926 -1.46992 0.240193 0.184289 0.157959 
2.87099 -0.186859 2.28014 -0.636233 1.93854 -0.715885 0.289822 0.105043 -0.433542 0.0999232 0.124661 0.268189 
2.96573 -0.107947 2.86579 -0.293502 0.708818 0.114498 1.1808 -0.797577 -0.475532 0.0682036 -0.0762815 0.207202 
2.93044 -0.063765 2.65279 -1.33997 1.67935 -0.178473 -0.418494 0.00338125 -0.539931 0.216498 0.071553 0.161191 
