2.79655 -0.0607709 2.97156 -0.786322 1.60289 -0.637938 -0.213963 0.255673 -0.3457 0.186735 -0.0158549 0.169107 
2.89342 -0.306881 2.91911 -0.458837 1.78143 -0.618092 0.311307 0.517326 -0.723046 0.358461 6.59844e-005 0.115743 
2.73422 -0.24909 2.77869 -0.824079 1.18613 -0.353653 0.282286 0.102221 -0.203239 0.310308 -0.0318833 0.182261 
2.60728 0.184253 2.36979 0.124124 0.897502 -0.615945 1.14164 -1.08982 -0.00279777 0.0932413 -0.0315273 0.258184 
2.77235 0.151305 2.95508 -0.484107 1.19879 -0.330449 0.755381 -0.629898 -0.283498 0.391817 -0.0119702 0.209196 
3.01349 -0.0438894 2.40435 -1.47862 1.62921 0.174956 0.303437 -0.693433 -0.448953 0.317289 -0.224356 0.201398 
2.79227 -0.153674 2.35118 -0.279142 2.14323 -0.326775 0.247792 -1.13881 0.0443523 0.688035 -0.0949752 0.220281 
2.92087 0.022227 2.64693 -0.418096 1.39836 -0.363736 0.201938 0.416296 -0.387219 -0.366079 0.099839 0.2166 
2.72782 -0.55288 2.92954 -0.841173 1.71152 -0.153803 -0.171855 0.00557781 -0.643851 0.175308 0.105831 0.199058 
3.24324 0.233307 3.11402 -0.843881 1.48238 -0.26945 0.126924 0.741468 -0.234084 0.360067 -0.0465544 0.0439238 
2.99915 0.0955763 2.73519 -0.906322 1.84091 -0.720511 0.663415 0.523361 -0.487606 0.106341 0.00590757 0.22147 
2.80201 -0.130228 2.90029 -0.816548 1.45548 -0.173925 -0.234574 0.177133 -0.638143 -0.22075 0.0624866 0.182068 
2.76605 0.202032 2.51678 -0.699713 1.45855 -0.429007 0.60237 -0.22289 -0.206722 0.230274 -0.134677 0.190524 
2.67377 0.0782864 2.95221 -0.795723 1.3753 -0.42034 -0.54036 -0.276192 -0.115508 0.427821 -0.00314594 0.161326 
3.08423 -0.234138 2.98731 -1.01278 1.41756 -0.163727 -0.087967 -0.151903 -0.764945 0.128104 0.19496 0.214468 
2.99465 0.0597919 2.32164 -0.603736 1.7801 -0.667649 0.941877 0.462774 -0.753513 0.679437 -0.120121 0.0737705 
2.73579 0.0530742 2.81652 -0.76052 2.334 -0.608716 -0.0750641 0.311711 -0.577376 -0.0453323 0.153082 0.228102 
2.56997 0.000637803 2.23863 -0.0369366 2.18713 -0.446444 -0.0695727 -0.592286 -0.127954 0.131021 0.0956498 0.230991 
2.7237 -0.26367 2.46693 -0.649827 1.8859 -0.874266 0.585119 0.463476 -0.222074 0.622564 0.14334 0.211881 
2.95532 0.320849 2.54171 -0.371193 1.75117 -1.24163 0.388395 -0.096706 -0.281129 0.329275 -0.0854182 0.212212 
3.39304 1.69651 4.1084 1.9974 3.20231 1.35548 0.594384 -0.4049 0.133155 0.0944695 -0.129451 -0.0435195 
4.24784 2.35009 4.47061 2.24383 2.18645 -0.619391 -0.360213 -1.26427 -1.15409 -0.0131655 -0.285963 -0.120449 
4.97528 2.72971 5.15744 1.70155 2.61731 -0.991046 -0.583798 -0.770713 -0.67115 -0.162393 -0.369876 -0.0305883 
3.91659 3.45539 4.65048 2.84556 1.73382 -0.319592 -1.00392 -0.722345 -0.821824 -0.175887 -0.246597 -0.0535064 
3.70778 3.20976 4.09588 2.76009 1.58668 -0.0951466 -0.478792 -0.70893 -0.65379 -0.134886 -0.133905 -0.0303982 
3.71677 2.80376 4.10334 1.94172 2.04545 0.0927295 -0.934792 -0.455957 -0.842417 -0.211489 -0.0298718 -0.0435169 
4.46242 1.98789 4.70306 0.640923 2.73374 -0.154291 0.179275 -0.880298 -0.700634 0.0989137 -0.211104 0.109741 
3.87451 1.86382 4.60959 1.99013 2.70372 0.236955 0.428146 -0.251889 -0.961153 -0.250834 0.072111 0.0209044 
4.08016 1.951 4.31211 1.62624 2.10649 0.0122944 0.747743 0.175265 -0.113732 -0.0656821 -0.00549135 0.0676509 
3.89154 2.09539 4.07822 1.0614 2.28509 0.885952 -0.19503 0.3188 -0.0637674 0.191413 0.0286358 -0.0515233 
3.90566 2.05309 3.82288 0.899259 0.787527 -0.285995 0.331481 1.34246 1.16643 0.964278 0.142296 0.0188784 
4.16893 1.68974 2.88173 -0.494782 1.11643 0.607952 1.30681 1.07348 0.586065 0.571408 -0.0299856 -0.0481263 
4.07085 1.34635 2.82318 -0.173697 1.09021 1.02137 1.56935 2.41386 1.08243 -0.425265 -0.328594 -0.151004 
4.49277 1.43993 1.48771 -2.33218 1.31801 2.4292 2.85938 1.60075 0.0790452 0.229867 -0.351266 -0.156212 
4.57975 0.953744 1.33081 -2.01069 1.88188 1.94952 2.6769 1.6366 -0.271873 0.0520835 -0.281247 -0.104255 
4.43484 1.18577 1.0365 -2.13756 1.62677 2.14343 3.45536 1.0499 -0.368511 0.284196 -0.272564 -0.00823926 
4.09099 1.22359 2.80501 -0.444208 2.45181 0.838416 2.52694 1.95711 0.429847 -0.0963122 -0.345559 0.0195621 
4.05561 1.2886 2.3479 -0.672262 2.14911 0.318209 2.50765 1.28675 0.247176 0.266653 -0.186825 0.0915499 
3.79894 0.766268 3.18382 -0.102655 2.61205 0.915597 2.64383 1.23494 0.198234 0.819797 -0.245965 0.0364407 
3.57629 0.609322 3.62114 -0.0118886 1.32317 0.875459 1.32052 0.836916 0.11035 0.394757 0.0309962 0.0298151 
3.15694 0.123018 2.15439 -0.351623 1.65264 -0.356211 1.72312 -0.0568709 0.261664 0.243371 -0.143393 0.243376 
3.01994 0.231285 3.27753 -0.889902 2.18202 0.177884 0.75182 1.36081 0.0493501 0.107065 0.105482 0.139853 
2.92663 -0.425601 2.86625 0.313914 1.71459 -0.681798 -0.251883 -0.738249 -0.440659 0.354269 0.166311 0.217438 
2.97905 0.22927 3.17317 -0.992242 2.09725 -0.111553 -0.114004 -0.583922 -0.267601 0.126492 -0.000247204 0.253304 
3.00379 0.101025 3.28189 -0.949786 1.75917 -0.50465 0.601771 0.498779 -0.233273 -0.0844911 -0.0874604 0.240251 
3.21116 0.0626845 2.39022 -0.343102 1.47404 -0.528488 -0.272212 -0.0222221 -0.30057 0.0343991 -0.0418217 0.142329 
2.83448 -0.0137525 2.91829 -0.345463 1.94368 -0.560761 0.651335 -0.801649 -0.676917 0.352776 0.019013 0.257173 
2.82146 -0.150339 3.11141 0.0841885 1.88198 -0.353217 0.687172 -0.546652 -0.399646 0.349393 -0.0576853 0.200874 
2.91776 -0.304583 3.20842 -0.181275 2.11862 -0.21884 0.239247 -0.480662 -0.510239 0.602988 0.0201196 0.162885 
3.05543 0.315667 2.96916 -0.5256 1.23732 -0.0918448 1.2977 -0.560889 -0.185153 0.17539 -0.192966 0.20472 
2.68551 0.167288 2.64378 -0.0168573 2.06067 -0.700978 0.0398033 -0.451442 0.596422 0.432061 -0.146517 0.206354 
2.8742 0.291353 3.10524 -0.988828 1.98507 -0.563116 -0.597068 0.0450352 -0.61313 0.0376771 0.139127 0.180228 
2.67003 -0.0908598 2.34925 -0.00576339 1.71663 -0.359334 0.389062 -0.0299993 -0.60333 0.204147 0.207519 0.180821 
2.71491 -0.201785 2.71042 -0.427034 2.17203 -0.662724 -0.213924 -0.32751 -0.713102 0.46366 0.0932449 0.18105 
2.87787 -0.316492 2.21809 -0.403751 1.59021 -0.553512 0.238676 -0.904084 -0.498401 0.442412 0.0158276 0.246565 
2.76368 0.0951953 3.30415 -1.2932 2.13403 -0.137119 -0.245392 0.181746 -0.215342 0.275445 0.0301129 0.184414 
2.75777 0.120705 3.20095 -0.879755 1.15794 -0.572211 0.55982 -0.353795 -0.742286 0.278808 0.0677725 0.218148 
2.6909 0.0341182 2.3958 -1.31064 1.26985 0.051035 0.0926677 -0.14417 0.319812 -0.214178 -0.0901583 0.275238 
2.76152 -0.536406 2.40426 -0.505264 2.40561 0.269262 -0.533594 0.113981 -0.263954 0.344012 0.0597893 0.101933 
2.93482 0.0997235 2.8881 -0.417226 1.71543 -0.525412 -0.75755 0.0247195 -0.442096 0.270813 0.0398576 0.094972 
