2.88954 -0.0160196 3.10287 -1.16014 1.57804 0.0602679 0.143682 0.253237 -0.675447 -0.150693 0.328785 0.239854 
2.77273 -0.0507404 2.55745 -0.91235 1.4335 -0.605258 0.0798011 -0.357922 -0.178649 0.15624 -0.00702181 0.270827 
2.76854 -0.105221 3.28639 -1.2156 1.7094 0.440404 0.432141 0.965827 0.00402861 0.113837 0.130678 0.143155 
2.70365 0.0559645 3.60252 -0.594068 1.60139 -0.307537 0.266121 0.345658 0.162561 0.531927 -0.0507622 0.150218 
2.65656 0.105374 2.5638 -0.448559 0.877225 -0.5768 0.600452 -0.645113 -0.52616 0.272155 0.0788644 0.225444 
2.83295 -0.34097 3.83178 -0.962184 1.44174 -0.260609 -0.267625 0.341869 -0.13374 0.14872 -0.173995 0.160761 
2.8422 -0.109568 2.42271 -0.961978 1.82166 -0.431691 0.255456 0.557683 -0.196854 0.109698 0.0585484 0.204305 
2.69295 0.145684 2.6668 -0.591041 1.88952 -0.498349 0.505747 -0.558746 -0.653617 0.0976977 0.295866 0.300712 
2.85061 -0.403499 2.60775 -0.324719 1.82032 0.0124476 0.294281 -0.0155832 -0.376898 0.263878 0.391207 0.239481 
2.63987 -0.225577 3.44875 -1.68749 1.41913 -0.314215 0.0496148 0.0915717 -0.820697 0.155144 0.119746 0.24566 
3.04933 -0.0284144 2.58639 -1.22866 2.01721 -0.632609 0.312691 0.0404878 -0.216105 -0.104325 -0.213282 0.293506 
2.8579 0.109238 2.12286 -0.498331 1.97891 -0.234263 0.543731 0.501133 -0.138027 -0.213101 -0.0360113 0.199347 
3.07632 0.464051 2.58009 -0.528446 2.47529 -0.414705 -0.262767 -0.258839 -0.337039 -0.102202 0.253048 0.262821 
3.88362 2.40508 4.91206 1.6662 2.22424 -0.182213 -0.33027 -0.450751 -0.861168 -0.195193 -0.134348 -0.0623923 
4.38337 3.01152 4.59403 2.67947 2.06132 -0.0486169 -1.09831 -0.482741 -0.855956 -0.360185 -0.256819 -0.134619 
4.52514 2.93221 4.64305 2.01926 1.83736 -0.329873 -0.661529 -0.946648 -1.5625 -0.382916 -0.269024 -0.149086 
4.3415 3.33205 4.96665 2.8842 1.66938 0.0349016 -0.810321 -0.766952 -0.624638 -0.381858 -0.216852 -0.0617105 
4.12199 3.09517 4.3396 2.4517 1.64657 0.382966 -0.427813 -1.0123 -1.05733 0.118603 -0.190734 -0.0844315 
4.31431 3.01659 4.04976 1.63427 1.58157 -0.304083 -0.730176 -0.410167 -0.732524 0.25436 0.0747063 0.0417579 
4.10831 2.5545 5.75842 0.511005 2.26996 -0.713462 -0.748125 -0.370862 -0.360742 -0.252654 -0.202084 0.067525 
4.38346 1.5803 4.47875 1.16536 2.71805 -0.507931 0.245606 -0.271031 -0.840623 -0.348656 -0.148844 0.125999 
3.85613 1.35903 4.96611 0.609753 2.89856 0.519854 0.00815826 -0.39113 -0.218143 0.451422 -0.00299868 0.108309 
4.26031 1.28004 4.19264 -0.368997 1.26226 -1.17172 -0.336742 1.71576 0.942264 0.552456 0.0799869 0.0781138 
4.72288 1.36403 3.71287 -0.785194 1.34005 0.102835 1.48916 1.49176 0.748244 0.864406 -0.128097 -0.026074 
4.09674 1.58071 2.50395 -0.673044 1.20879 1.47472 2.56659 2.04732 0.899872 0.425133 -0.202752 -0.101724 
4.42365 1.33331 0.663244 -1.73607 1.54086 2.50479 3.12427 1.52264 -0.0170382 0.257426 -0.141458 -0.0388662 
4.74378 0.674756 1.50663 -3.01859 1.81554 2.78566 2.1292 2.00819 -0.106019 0.0340889 -0.0457107 -0.0999929 
4.16124 0.575659 2.41584 -0.858292 1.58989 1.5562 2.80211 1.14122 0.223348 0.436842 -0.113965 0.0703736 
3.70571 0.765986 3.23241 -0.909768 1.55206 0.645642 2.20095 1.00643 0.294213 0.106467 -0.249739 0.114953 
3.58198 0.34905 3.42081 -0.0462196 1.90842 0.997902 1.82593 1.66707 0.887815 0.67608 -0.121205 0.0224133 
3.52931 0.859929 4.15156 -0.507571 1.89939 -0.20055 1.17933 1.07269 0.172385 0.15324 0.00817199 0.202652 
3.05896 0.498989 2.55762 -0.800119 2.41563 -0.195288 0.178571 0.275409 -0.456409 0.455049 0.170097 0.139682 
2.98972 0.257587 3.29114 -0.109151 2.13137 0.43211 1.28524 -0.211046 0.115969 -0.033982 0.198637 0.325439 
3.13573 0.137757 3.39434 -0.219956 2.3234 -0.089453 0.203103 0.0274043 -0.46695 0.299032 0.0610875 0.149204 
2.95407 0.070461 3.36829 -0.37689 1.74412 0.148107 0.92367 0.588829 -0.461724 0.121487 0.0398544 0.125873 
3.02963 -0.0403745 3.65777 -0.275259 2.64624 -0.126222 0.201288 1.20864 0.108648 0.283305 0.12767 0.162793 
3.2096 0.264639 3.36221 -0.659782 2.18974 0.210926 -0.106839 -0.364733 -0.794539 0.108056 0.308716 0.212608 
3.03371 -0.091314 3.02061 0.0350791 1.75516 -0.375711 0.795385 -0.394788 -0.289556 0.206915 -0.0177682 0.236033 
2.85652 -0.0363318 3.27842 -1.37453 1.38196 0.146115 0.288474 -0.0979906 -0.235371 0.299585 0.0864278 0.224967 
2.94284 0.0214231 3.28566 -0.865861 2.43485 -0.450966 -0.305857 -0.304921 -0.511817 0.0951756 0.172334 0.29355 
2.57231 -0.295291 2.95349 -0.717809 2.54865 -0.350928 -0.113383 0.244446 -0.368505 0.106085 -0.0418537 0.214163 
2.74232 -0.0860388 2.81322 -1.06096 1.2599 -0.177802 -0.0961882 -0.00540141 -0.388832 0.136156 0.11824 0.200753 
2.68889 -0.275423 3.29865 -0.897634 1.36634 -0.424846 0.49216 -0.237466 -0.772426 0.259615 0.225689 0.265945 
2.96197 -0.0407111 2.50733 -0.671623 1.59189 -0.452458 0.0411838 0.239884 -0.225363 0.248269 -0.0697952 0.139653 
3.06051 0.187636 2.49824 -0.726453 1.79934 -0.664164 0.250567 -0.227165 -0.680019 0.321487 0.0024614 0.186746 
2.86145 -0.420968 2.51864 -0.788189 2.05481 -0.00805492 0.194554 -0.322229 -0.123411 0.0266247 -0.129976 0.274501 
2.90771 -0.125753 2.69494 -1.12356 1.70833 -0.337802 -0.53754 0.0347182 -0.513872 0.293709 -0.130757 0.107494 
2.76065 -0.17654 2.60524 -1.43875 1.57727 0.116712 -0.445566 0.0805653 -0.174357 0.408862 0.0744447 0.148449 
2.69612 -0.274714 2.68919 -0.270894 2.03365 -0.551907 -0.223533 -0.391558 -0.568883 0.342263 0.167261 0.208256 
2.55913 -0.163538 2.55503 -0.337466 1.79468 -0.396948 -0.507447 -0.289535 -0.0368171 0.124026 -0.036079 0.200925 
2.81853 -0.233615 2.56428 -1.28281 1.82419 0.30704 -0.450482 -0.58939 -0.373657 0.26924 0.0692928 0.214819 
2.93664 -0.259492 2.50766 -1.42955 2.39058 -0.46307 -0.529783 0.0979586 -0.526634 0.209842 0.00144893 0.221768 
2.89809 -0.274798 2.41471 -1.00975 2.15009 -0.430498 -0.389437 0.112359 -0.870386 -0.0797746 0.0617783 0.217109 
2.79153 -0.331336 3.24201 -0.784531 1.29991 -0.191677 -0.238318 0.475643 -0.690024 -0.23741 0.251233 0.191801 
2.64015 0.50774 2.92647 -1.09146 2.42628 -0.326139 -0.180837 0.0632153 -0.220577 -0.133272 -0.0306033 0.19964 
2.92526 0.223674 2.95119 -1.32472 2.14428 -0.40554 0.0600468 0.494832 -0.613692 0.0640731 -0.055702 0.157372 
2.62599 -0.166378 3.0077 -0.569296 0.83977 0.0176723 0.905773 -0.343716 -0.664207 0.0649471 0.171016 0.223292 
2.89304 0.0259313 3.30431 -0.183861 1.37321 -0.861119 0.197468 -0.0260339 -0.299846 0.097537 1.64394e-005 0.216516 
3.03059 -0.618739 3.34157 -0.466108 1.79907 -0.10078 -1.0376 -0.279861 -0.725954 0.25826 0.229266 0.118194 
3.01813 0.147255 2.49098 -1.28063 1.78601 0.278234 0.245178 0.166731 -0.275594 -0.132187 -0.107545 0.167619 
