2.66518 -0.143228 2.88562 -1.29204 1.24534 -0.811344 -0.557772 -0.504892 -0.556267 -0.214532 -0.0931914 0.167358 
2.834 -0.0626819 2.40148 -1.05235 1.51205 -0.962097 -0.578669 -0.478583 -0.396515 -0.0248411 -0.157409 0.160578 
2.63633 -0.267547 1.93518 -1.02914 1.47942 -0.453167 0.0923654 -0.592399 0.0721755 0.142335 -0.285006 0.148097 
2.58285 -0.206035 2.8729 -1.07947 0.833116 -1.05576 -0.95233 -0.757954 -0.506879 -0.193103 0.0246225 0.164197 
2.88964 -0.358155 2.3025 -0.733283 1.67526 -1.08369 -0.642839 -0.521846 -0.70738 0.159299 -0.167431 0.135835 
2.61961 -0.0748984 2.79769 -1.37271 1.67289 -0.470269 -0.196977 -0.29904 -1.03646 -0.122815 0.0393631 0.159039 
2.55967 0.00195483 2.37132 -0.772777 1.76273 -1.46896 0.0392176 -0.300676 -0.530279 -0.067174 -0.176321 0.204433 
2.81467 -0.63931 2.90776 -1.18389 1.09459 -0.48183 0.745202 -0.158212 -0.762134 0.607516 0.108922 0.10305 
2.64873 -0.650107 2.63538 -1.48804 1.47716 -0.848983 -1.19064 0.179272 -0.257724 -0.00467909 -0.156813 0.0859995 
2.97241 -0.156403 1.95075 -1.15729 1.27086 -0.886842 -0.38401 -0.0584377 -0.588938 -0.277273 -0.164966 0.152241 
2.98086 -0.592351 3.05678 -0.902751 1.22312 -0.836293 0.45028 -0.152958 -1.27707 0.0597563 -0.106187 0.112889 
2.37375 0.0426897 2.19536 -0.256471 1.74494 -1.46691 -0.30689 -0.636662 -0.45953 -0.203128 -0.0893279 0.216652 
2.84017 -0.58214 2.16069 -1.17022 2.32534 -0.561172 -0.246872 -0.149756 -0.0566146 0.0670409 -0.0891212 0.206428 
2.69315 -0.180875 2.39614 -1.53692 0.928972 -0.980917 -0.41828 -0.260267 -0.0994284 -0.525922 -0.30757 0.220158 
2.82949 -0.358033 2.57701 -1.59204 0.892251 -0.812593 -0.0703694 -0.0625196 -1.15638 0.0321315 -0.0807269 0.0725183 
3.11825 -0.674753 2.3987 -0.549012 1.25319 -0.474416 -0.30257 -0.445896 -0.464455 -0.275267 -0.176091 0.174485 
2.71082 -0.206291 2.41878 -1.47666 1.2611 -0.552112 0.54995 -0.428109 -0.751076 -0.396701 -0.0338145 0.26707 
3.02341 -0.0943672 3.31964 -0.591863 1.10217 -1.11029 -1.14013 -0.775189 -0.900119 -0.764307 -0.216661 0.0894757 
3.11757 0.0417263 3.43611 -0.665846 1.09792 -0.52402 0.285809 -0.576831 -1.11505 -0.267202 -0.159771 0.0578707 
3.61077 1.56979 4.53541 1.73282 3.03047 -0.490228 -0.950625 -0.593836 -1.02151 -0.51738 -0.0836728 -0.0634036 
3.9347 2.75677 4.22785 2.67864 2.06053 0.453841 -0.0443817 -0.650202 -0.856602 -0.488407 -0.151316 -0.0921955 
3.93093 3.21509 4.90813 2.88762 1.78327 0.266111 0.111466 -0.676828 -1.0044 -0.262936 -0.231693 -0.111431 
4.05181 2.94259 4.5467 2.18486 3.05803 1.34182 -0.410002 -0.164243 -0.464232 -0.269968 -0.0465869 -0.0844407 
3.81026 2.52091 4.59888 2.22025 2.70904 0.719263 -0.308193 -0.454618 -0.694862 -0.457986 -0.042542 -0.0621995 
3.9717 2.10469 5.02643 1.36228 3.09119 0.323585 -0.477953 -0.679562 -0.481489 -0.585473 -0.178124 0.00602298 
3.76966 1.18013 5.12948 1.55177 2.91349 -0.0171191 0.476784 -0.118706 -0.555476 0.185923 -0.0807909 0.0618952 
3.8005 0.960221 4.64324 1.1216 2.7063 0.432334 0.176775 0.0935816 -0.760776 0.117511 0.08621 -0.00332515 
3.76652 0.934928 4.46965 0.383186 2.94738 0.86144 1.53896 0.920361 -1.21592 0.14352 0.06808 0.013245 
3.68616 0.738101 4.53547 0.331181 3.48293 1.17391 1.22027 0.6263 -0.358589 0.237314 -0.0819463 0.115059 
3.66028 1.12225 3.78362 1.04023 2.84066 -0.0489164 0.727162 0.0532254 0.689607 -0.121414 -0.0988607 0.224235 
3.94246 1.08476 3.85691 -0.621247 2.49852 1.24772 1.90435 0.535509 -0.333349 0.240381 -0.181852 0.0996287 
4.4369 0.0907043 0.558833 -3.4394 1.88953 2.25357 3.15705 2.31049 -0.327653 -0.0337447 -0.222466 -0.0508889 
4.21954 0.670833 0.591219 -3.12794 2.09883 2.2605 3.2097 1.57343 -0.189991 0.0310052 -0.264762 0.0419255 
4.46779 0.410947 0.533884 -2.71627 2.03892 2.76197 3.35182 1.33843 -0.420578 -0.0262824 -0.244208 0.0135526 
4.55403 0.222221 0.725593 -1.98972 1.87603 2.38464 3.33601 1.05844 -0.297884 0.119082 -0.294677 -0.0239829 
4.27251 0.707779 1.91212 -1.45831 2.26505 1.33469 2.60949 1.27981 -0.0992965 0.128817 -0.374084 -0.00350586 
3.80096 0.463191 2.18261 -1.87849 2.06945 1.5783 2.62248 1.91805 0.22879 -0.11031 -0.15414 0.0990623 
3.55503 0.297145 2.49589 -0.819535 2.29913 0.897442 2.34333 1.41402 -0.165436 -0.169231 -0.0175942 0.180328 
3.21013 0.479933 2.88881 -0.956465 2.15356 0.723104 1.42342 0.632656 -0.404637 -0.111568 0.0967361 0.153952 
3.33699 0.306898 3.09976 -0.600448 1.84441 -0.0645296 1.16938 0.437874 -0.439554 -0.189866 -0.125213 0.145963 
3.15615 -0.159475 2.92389 -0.602112 1.81119 -0.644907 -0.153342 -0.0487785 -1.05011 0.396796 0.143862 0.0800691 
2.65516 -0.197689 3.00499 -1.04325 1.09658 -0.87744 -0.109489 -0.052159 -0.416582 0.263925 -0.111531 0.126004 
2.66753 -0.367531 2.65054 -0.758656 1.88529 -0.952096 -0.319418 -0.653722 -0.738264 -0.0961615 0.0888834 0.223757 
2.66571 -0.093274 2.4723 -1.48313 1.41368 -0.429444 -0.025677 -0.87447 -0.600042 0.0895298 -0.104892 0.22788 
2.79181 -0.759774 1.96208 -1.23076 1.62637 -0.307207 -0.597924 -0.0820211 -0.297927 -0.0976033 0.168991 0.19042 
2.61676 -0.413011 2.20137 -1.21 1.74517 -0.341533 -0.346652 -1.44767 -0.797558 0.00965674 -0.00169642 0.274327 
2.64159 -0.367624 1.92922 -1.04583 1.21042 -1.19053 -0.1121 -0.551221 -1.38577 -0.0418916 0.0725336 0.185879 
2.41469 -0.401959 2.43015 -1.03819 2.04401 -0.611599 0.102547 -0.651831 -1.19189 0.20985 -0.0154733 0.204852 
2.62022 -0.246629 2.3501 -1.73873 1.39365 -0.901598 -0.279825 -0.0866715 -0.354902 -0.0152145 -0.148496 0.196549 
2.56259 -0.311828 2.37971 -0.574427 1.45734 -1.23217 -0.587913 -0.570159 -0.233513 -0.132191 -0.112228 0.179973 
2.75844 -0.0619855 2.37501 -1.47796 1.12976 -1.1462 -0.216952 -0.703136 -0.383265 -0.550052 -0.152801 0.280542 
2.72471 -0.240749 2.5724 -0.964708 1.49362 -0.874241 -0.129944 -1.24216 -0.980496 0.0370192 0.0156865 0.224324 
2.49286 -0.207692 2.60336 -1.36376 1.58777 -0.498919 -0.191813 -0.227834 -0.933968 -0.0632775 0.150081 0.130142 
2.64784 -0.101516 2.57994 -1.17187 0.765627 -1.05291 0.445159 -0.490099 -1.09074 0.244476 0.00704192 0.140056 
2.50631 -0.0425302 2.09396 -1.5682 1.71205 -0.455274 0.0356069 -0.389345 -0.258556 -0.173077 0.211849 0.215712 
2.67598 -0.74976 2.11235 -0.573503 1.40621 -1.05105 -0.0422012 -0.0993257 -0.82947 0.374368 -0.26181 -0.0131368 
2.79211 -0.379764 2.56942 -1.7543 1.12836 -0.316892 -0.416003 -0.215546 -1.05245 0.0472195 0.00666927 0.112111 
2.79474 -0.500713 3.17084 -0.881202 1.40665 -0.443971 -0.414645 -0.107997 -0.760825 -0.271169 -0.022871 0.145518 
2.89103 -0.125513 2.70709 -1.81947 1.79487 -0.92461 -0.502273 0.697438 -0.985733 -0.242621 -0.0550745 0.0993959 
2.50591 -0.164809 2.70395 -1.06468 1.46561 -0.979242 -0.0866281 -0.40753 -0.73792 -0.0630934 -0.030933 0.178558 
