2.54264 0.106981 3.21385 -0.688726 1.29407 -0.380239 0.365429 -0.0431374 -0.558816 0.0408756 0.230212 0.212827 
2.83187 -0.261557 2.50284 -0.87403 2.24281 -0.310876 -0.227094 0.471577 -0.058288 0.258243 0.00868851 0.161858 
3.07948 0.401647 2.74647 -0.0238872 2.02247 -0.797184 -0.274674 -0.678491 0.242748 0.249957 -0.19711 0.173726 
2.81493 -0.193439 2.70893 -0.929482 2.18293 -0.383343 -0.0120486 -0.226102 -0.757307 0.367873 -0.0179165 0.187632 
2.8312 -0.548211 3.27226 -0.25051 1.33081 -0.240818 -0.249081 -0.0717145 -0.901089 0.280507 0.205397 0.108526 
3.00928 -0.226589 2.47584 -1.41305 1.68653 -0.0688635 -0.284155 0.529017 -0.00908916 -0.0122553 -0.0804893 0.160141 
2.58818 -0.113696 2.99059 -1.07433 1.12537 -0.513019 0.177904 0.157172 -0.524315 0.0212084 0.150446 0.237434 
3.11633 -0.323794 2.84532 -1.28096 1.22088 -0.325691 -0.206475 0.398477 -0.218694 0.033636 0.0587913 0.204833 
2.89479 -0.25229 2.60873 -0.588693 2.13717 -0.144115 0.567169 -0.208322 -0.45368 0.0165991 0.122209 0.295936 
2.82063 -0.192019 2.38635 -1.10445 1.74181 -0.829697 0.0121987 -0.312691 -0.657575 0.432109 -0.0480108 0.235604 
2.6921 -0.148382 2.6192 -0.429439 1.06088 -0.773603 0.104852 -0.356452 -0.453994 0.10286 -0.100203 0.217606 
2.64223 -0.190013 2.66869 -0.683026 2.02215 -0.259147 0.0819269 0.224938 -1.02129 -0.268481 0.218683 0.226627 
2.65445 -0.162701 2.8201 -1.03965 1.47987 0.443123 0.0909892 -0.376194 -0.00396932 0.208643 0.157029 0.233792 
2.46026 0.231724 2.89549 -0.136575 2.49952 -0.763228 0.202332 -0.278906 -0.164837 0.748002 -0.0262208 0.157314 
2.73033 -0.10778 2.66448 0.378305 1.31008 -0.888602 0.431634 -1.3467 -0.422944 0.107036 0.119827 0.296825 
2.89223 0.154705 2.93286 -0.941502 1.41773 -0.73048 0.0556517 0.361759 -0.803467 -0.0559093 0.105343 0.179329 
2.95821 -0.46269 2.53988 -0.520945 1.61823 -0.30109 0.651968 0.107967 -0.257092 0.298673 0.0288851 0.216659 
2.74821 -0.303962 2.56546 -0.503211 2.27761 -0.193035 -0.580054 -1.14642 -0.0642504 0.632599 -0.123363 0.187214 
2.98613 0.030006 2.5672 -0.603283 1.90051 -0.953377 0.668927 0.442281 -0.658115 0.339353 0.0528409 0.198893 
3.13576 0.217061 2.58061 -0.196258 1.67742 -0.671636 0.361281 -0.290339 -0.198256 -0.243976 -0.517546 0.125607 
3.32684 0.568129 3.9967 0.169817 1.76332 0.211362 -0.0583332 -1.30862 -0.976951 -0.253765 -0.0139857 0.137773 
4.3287 1.71676 4.76591 1.69789 2.81064 -0.749113 -0.135842 -0.810785 -0.854352 -0.600562 -0.336266 0.0615067 
4.20445 2.81445 3.99303 2.24676 3.09115 0.216872 -0.256933 -0.477712 -0.789418 -0.384771 -0.21619 -0.106489 
4.34801 2.76333 4.48592 2.60234 2.82246 1.0826 0.119501 -0.251281 -0.565382 -0.456623 -0.170328 -0.106907 
4.20578 3.06022 5.71522 3.41966 2.54146 -0.081292 -0.686698 -0.765136 -0.366653 0.144014 -0.378496 -0.0937577 
4.17953 2.81518 4.16472 2.48839 2.64122 -0.179123 0.143003 -0.0277807 -1.12575 -0.451117 -0.125566 -0.0542954 
4.32469 2.43673 5.28265 0.374055 2.48187 0.135272 -0.718337 -0.424128 -0.864899 -0.519901 -0.144838 -0.0150929 
4.01263 2.11998 3.9775 2.18836 2.2378 0.00420856 0.445935 -0.40652 -0.304758 -0.337782 0.00797191 0.0699826 
3.32606 1.55985 4.63416 2.03784 2.42249 0.196632 -0.554811 0.149406 -0.442685 -0.0355448 0.108105 -0.0258033 
4.06806 1.20344 4.70348 1.8102 3.22034 0.56349 0.235875 -0.187757 -0.503891 -0.0546011 0.0243884 0.0687837 
4.05905 1.03784 4.7435 0.92414 2.6668 0.559535 0.847326 0.531727 -0.369141 0.310072 -0.0388701 0.0280989 
3.58595 1.31746 3.39815 0.166474 2.31341 0.837839 1.37549 1.53714 -0.185994 0.100949 0.0807855 0.00290294 
3.86533 1.53008 2.71171 -1.02319 2.16507 0.793145 1.60409 1.89884 0.693237 0.575838 -0.207514 -0.105938 
4.21768 1.16358 0.819514 -2.47464 1.13098 3.01164 3.3209 1.68329 0.0330432 0.18589 -0.197834 -0.0416465 
4.60104 0.788338 0.0177462 -2.57909 1.0328 3.4406 3.63454 2.23183 -0.515592 -0.201246 -0.149006 -0.0645548 
4.33233 0.973496 0.869347 -2.48943 1.43058 2.14147 3.08303 2.44038 -0.0141191 0.198652 -0.196049 -0.113416 
4.32228 0.726547 0.833991 -3.24063 1.62354 2.16647 3.24142 2.38397 0.0584267 0.274894 -0.243727 -0.0811511 
3.94876 0.0419418 1.59649 -2.24333 1.45012 0.680801 2.2563 2.24241 -0.0828163 0.36468 -0.15908 -0.0570007 
3.37173 0.495877 2.25086 -1.66793 1.06654 1.47945 2.88745 2.04393 0.643364 0.192581 -0.231894 -0.0417123 
3.61635 0.426687 2.73019 -1.68157 1.95463 1.09583 2.1342 2.9033 0.394142 -0.0880097 -0.0723093 -0.0127767 
3.45298 0.612974 2.61851 -1.29022 2.05566 0.236469 1.25729 0.903243 0.206448 -0.127326 -0.31063 0.114408 
3.28739 0.494018 2.36279 -1.32937 1.76982 -0.183907 0.489554 0.982186 -0.252485 -0.324517 -0.0769645 0.122645 
2.87077 -0.164353 2.20574 -0.900238 2.04092 0.00548425 1.03624 0.853691 -0.042754 0.412834 -0.0420028 0.129739 
2.8695 0.146262 2.41311 -0.430705 1.90482 -1.05717 0.255836 -0.156198 -0.422702 -0.349559 0.038163 0.319922 
2.63622 -0.343222 2.62473 -0.710085 2.26432 -0.514074 0.191817 0.235783 -0.179667 0.248569 0.0480485 0.244627 
3.11581 -0.177305 2.60109 -1.23073 1.86902 0.125859 -0.816923 -0.0626824 0.140838 0.0353334 -0.0580679 0.169465 
2.618 -0.377137 2.8351 -1.0566 2.71266 -0.193188 -0.893624 -0.553495 -0.123151 0.347208 0.0900079 0.255562 
2.56493 -0.243957 2.1488 -0.015964 1.98222 -0.431633 0.864914 -0.296246 -0.489572 0.0552657 -0.0084572 0.248175 
2.93249 -0.296312 2.80066 -0.929038 1.38725 -0.566316 0.082622 -0.413272 -0.37217 0.263737 -0.148771 0.235325 
2.60315 0.110535 2.54603 -1.06573 1.78249 -0.67197 0.439276 0.135209 -0.476598 0.305005 -0.0333449 0.207576 
2.83808 -0.0233081 2.94219 -1.00491 0.791849 -0.767573 0.330499 0.816465 -1.00723 0.076335 0.154501 0.115578 
2.72908 -0.415085 2.47534 -0.473311 1.55184 -0.331787 -0.223043 -0.846062 -0.712937 0.684529 0.0842759 0.159657 
2.74471 -0.222833 3.2348 -0.807844 1.53702 -0.592815 0.221908 -0.0440341 -0.805853 0.195022 0.196521 0.235636 
2.65394 -0.160992 2.73195 -0.102887 1.57002 -0.600011 0.282886 -0.340814 -0.853254 0.133637 0.126249 0.201491 
2.54781 -0.301065 2.68632 0.103838 1.91322 -0.446723 -0.280403 -0.565316 -0.427036 0.353599 0.177274 0.185681 
2.93038 -0.241757 2.3713 -0.881245 2.00507 -0.270603 0.138904 -0.347791 -0.58706 0.0960981 0.0234794 0.258289 
2.47878 -0.283599 2.68873 -0.785927 2.05765 -0.591642 -0.448639 -0.524168 -0.533213 0.257949 0.106474 0.25911 
2.8666 0.113151 2.27572 -0.556975 2.08546 -0.481408 -0.016911 -1.00299 0.0365457 0.615528 -0.223609 0.181667 
2.76867 -0.152302 3.0721 -0.87877 1.11037 -0.557473 0.0717002 0.0186325 -0.193858 0.203487 -0.116258 0.194933 
2.86139 -0.172163 2.10797 -0.919029 2.16293 -0.423639 0.123108 0.350758 -0.192946 -0.15487 0.0293511 0.2648 
