2.93024 -0.128443 2.96074 -1.08058 1.02239 -0.400624 0.676909 0.430572 -0.93543 0.277234 -0.0576918 0.074353 
2.85754 -0.0317226 2.63184 -0.0885053 1.48657 -0.57717 0.309074 -0.269323 -0.748025 0.20332 0.0598221 0.142622 
2.4675 -0.0802213 2.93984 -1.43523 1.86505 0.164443 0.244354 0.0796522 -0.961772 -0.00628189 0.264464 0.201611 
2.46488 0.0339032 2.42862 -0.908128 2.57856 -0.6384 -1.03063 -0.774276 -0.112863 0.250776 0.0299865 0.236201 
2.99473 -0.0413591 2.57067 -0.824756 1.79846 -0.779338 -0.244613 -0.510641 -0.20167 0.47522 -0.00417621 0.213427 
2.71936 0.0476106 2.78564 -0.500687 1.44328 -0.653345 -0.168314 -0.739754 0.545894 0.16086 -0.200212 0.264207 
2.68807 0.4392 2.90628 -1.28476 1.90268 -0.319393 -0.42783 0.483042 -0.141489 -0.102866 0.0073385 0.131548 
2.59539 -0.175313 2.52391 -1.41194 2.24876 -0.294604 -0.32223 0.278334 -0.148792 0.150717 0.261854 0.242565 
2.69635 -0.313447 2.44569 -0.531145 1.81857 -0.682881 -0.0381044 -0.388835 -0.299478 0.0725921 0.0072783 0.265976 
2.71042 0.260895 2.49036 -1.05622 1.83783 -0.385574 0.150257 -0.31619 -0.957749 -0.247438 0.200879 0.252155 
2.45267 -0.183229 2.76893 -0.637699 1.74586 -0.365763 0.967706 -0.516117 -0.70906 0.208876 -0.0555761 0.246086 
2.81124 -0.0350977 2.67772 0.20134 0.932755 -1.33799 0.347472 -0.600844 -0.313801 0.545273 -0.293483 0.130984 
2.56539 -0.243931 3.08208 0.0120487 1.64634 -0.161424 0.143272 -0.799131 -0.3876 0.367521 0.240485 0.192829 
2.8083 -0.266877 2.17714 -1.40314 1.49559 -0.498286 -0.264925 0.643953 -0.058932 0.365208 0.0066626 0.131444 
2.98946 -0.488699 2.37374 -0.825414 1.35841 -0.237447 -0.161012 -0.265837 -0.71099 0.396912 0.134394 0.15819 
2.8334 -0.0171989 2.5023 -1.06306 2.19018 -0.294381 -0.166404 -0.849385 -0.248157 0.295187 -0.145589 0.236103 
3.02676 -0.529813 2.78391 -1.1307 1.05985 0.112415 0.410795 0.148625 0.0962557 0.469427 -0.167475 0.120568 
2.92217 -0.159312 2.92105 -1.24147 1.72154 -0.890807 -0.124128 0.0835347 -0.720166 0.144256 -0.0181359 0.230775 
3.04561 -0.438221 2.93038 -0.833994 1.39427 -0.0287696 0.735766 -0.193344 -0.596002 0.0296438 0.0465051 0.257013 
2.56637 -0.0225311 2.30785 -0.7681 2.12115 -1.10283 -0.402302 -0.00382793 -0.325262 -0.0705382 0.033961 0.265955 
2.50858 -0.611834 3.04068 -0.304662 1.68478 -0.625802 -0.786205 -0.559426 -0.0420361 0.19837 0.0367035 0.258537 
2.64698 -0.0140882 2.90723 -1.25361 1.62659 -0.355691 0.865783 -0.275695 -0.983897 0.360672 0.0820301 0.227968 
3.02174 0.221953 2.24836 -1.29265 1.11474 -0.650452 0.317621 0.0486643 -0.362612 0.00602545 -0.260647 0.144365 
3.42861 1.60339 4.06975 0.630338 2.86701 -0.0445955 0.219917 -0.645713 -0.559318 -0.107179 -0.0120603 0.0736167 
3.8654 2.13458 4.58193 2.29445 2.64776 0.226163 -0.28194 -0.826445 -0.510713 -0.44783 -0.201263 -0.0675404 
4.33796 2.53194 4.96693 2.31612 3.06177 0.625625 -0.371982 -0.340239 -1.07085 0.0776364 -0.163862 -0.177096 
4.09604 3.03735 4.29829 3.08101 2.35262 0.332703 0.113887 -0.277808 -0.745828 -0.459302 -0.19393 -0.102918 
3.68957 3.16302 4.40609 2.95477 1.82502 0.322286 -0.535136 -0.720251 -0.671286 -0.349267 -0.204905 -0.0843269 
3.73174 3.20268 4.04265 2.54771 1.93809 0.426249 -0.397927 -0.546893 -0.662066 -0.353056 -0.110493 -0.0590875 
3.81977 2.38315 4.41957 2.47556 2.75454 -0.248967 -0.566132 -0.392859 -0.603292 -0.370717 -0.105922 -0.039648 
3.73753 1.63395 5.20633 1.23878 2.85478 0.406526 0.554187 -0.416414 -0.95319 0.0765997 0.0191851 0.0435768 
3.91758 1.52272 5.53571 1.3061 2.90663 0.72388 0.822622 0.525674 -0.25625 -0.141445 -0.121281 0.0380428 
3.9615 1.72653 3.95429 0.538165 3.37194 0.20467 0.611095 -0.137327 -0.313482 -0.298188 -0.0579423 0.180355 
3.63071 1.08738 4.4466 1.64874 3.32535 0.421705 0.265702 0.637568 -0.302169 0.281584 -0.0294008 -0.0509377 
3.60862 0.925716 3.71072 0.497643 2.76491 0.54857 0.884492 0.343154 0.821063 0.0665261 -0.321646 0.102333 
3.97325 0.806807 4.08348 -0.022594 2.89812 0.230687 0.487142 0.437851 0.0727854 0.0446081 -0.15181 0.173529 
3.75315 1.58891 3.5742 -0.065969 2.03579 0.845717 2.25154 2.59007 0.879227 -0.303581 -0.280296 -0.0585692 
3.90304 1.26308 2.79765 -0.00797883 2.02238 1.94305 1.96157 1.98581 0.813154 0.161998 -0.304674 -0.136308 
3.9742 0.903705 3.07261 -0.636486 2.02762 1.26966 2.30576 1.98076 0.0439865 0.425308 -0.313569 -0.172077 
3.74209 0.603581 2.66033 -0.0616715 2.35798 1.56794 1.91102 2.52408 0.462376 0.0552439 -0.350687 -0.174032 
3.93017 0.77796 3.54797 -1.14251 1.33178 0.333054 2.35137 1.72998 0.0244661 -0.0967748 -0.487653 -0.0506548 
3.92441 0.687253 3.20871 -0.693996 2.5974 0.906801 2.08895 1.49739 0.0552021 0.423383 -0.239075 0.0325972 
3.63679 1.03346 3.21611 -0.636535 1.37828 0.819731 2.13274 0.651376 0.619328 0.0169216 -0.181305 0.122962 
3.22233 0.707058 2.59611 0.0350383 2.35437 0.64347 0.918685 1.22069 0.561208 0.335137 -0.156105 -0.0271538 
3.31251 0.159816 3.26749 0.0324751 2.51541 -0.275262 0.442287 0.418074 -0.272079 0.278721 0.0909831 0.154269 
2.95732 0.0777386 3.99465 -0.0763885 1.82751 -0.370229 0.434633 0.424391 -0.673272 0.39526 -0.0119482 0.0506014 
3.0274 0.000990682 2.63291 -0.944871 1.29408 -0.0400081 0.100787 0.149625 -0.0295382 -0.115559 -0.0587754 0.17067 
3.04351 -0.493727 3.04529 -0.541877 1.61001 -0.796257 0.320349 -0.0660462 -0.21314 0.133417 -0.0343372 0.304928 
2.97737 -0.128952 2.63554 -0.636815 1.81367 -0.164411 0.261363 0.295705 -0.649459 -0.200973 0.151609 0.206009 
2.67555 0.257194 3.20001 -1.07288 1.59986 -0.780368 0.341783 -0.554074 -0.506138 0.183486 -0.051786 0.266924 
2.62333 -0.0283368 2.62249 -0.644073 2.02926 0.166006 -0.0884612 -0.2862 -0.0837095 0.242468 0.0800165 0.164393 
3.00677 -0.293478 2.54096 -0.779247 1.99692 -0.759622 -0.344353 -0.247369 -0.750622 -0.129096 0.108033 0.286824 
2.77223 0.0717165 3.53485 0.222589 1.80161 -0.846085 -0.721609 -0.62048 -0.53736 0.432373 0.105827 0.110665 
2.73619 0.0599305 3.04324 -0.915395 2.36035 -0.254469 0.0314703 0.110464 -0.620055 -0.433639 0.143594 0.265771 
2.9175 -0.151678 3.03662 -0.668725 1.32065 -0.476014 0.169931 0.00246707 -0.500053 0.257241 -0.000188828 0.141602 
3.02792 -0.289419 2.70022 -0.0444359 1.45563 -0.318207 0.532722 0.421791 -0.890501 0.39078 0.255237 0.0745547 
2.97853 -0.408798 2.45885 -1.61067 1.67084 0.224131 -0.686307 0.112202 0.420477 -0.0454565 -0.0825993 0.222609 
3.18297 -0.246567 3.20493 -1.30097 1.6279 -0.573744 0.10284 -0.0297689 -0.768486 0.0690097 0.00764663 0.266853 
2.82444 -0.131848 2.62783 -1.04005 1.27828 -0.260922 0.314549 0.137643 -0.0128146 -0.187637 -0.0622294 0.245139 
2.89764 -0.299014 2.77046 0.00214709 0.948022 -0.407438 0.157526 -0.375018 -0.736554 -0.050579 0.169009 0.195633 
