2.8322 -0.035885 2.34327 -0.950877 1.88144 -0.568237 0.469979 -0.196938 -0.643745 -0.328036 0.0731321 0.346028 
3.08051 -0.630594 3.14947 -0.369886 1.50236 -0.226363 -0.20588 0.46053 -0.666325 -0.0683554 0.0720077 0.133512 
3.17767 -0.433717 1.9987 0.320444 1.36614 -0.726821 0.260001 -0.520681 -0.441177 0.431907 -0.116582 0.117116 
2.86954 -0.408858 2.34255 -0.834465 2.73631 -0.0862722 0.0176461 0.500439 -0.12273 -0.12866 0.171588 0.29454 
2.88848 -0.290999 2.96765 -0.593338 1.52696 -0.755978 -0.0944885 0.1972 -0.387612 0.387943 -0.100451 0.141418 
2.60475 -0.13777 2.82375 -0.778311 1.93295 -0.218872 -0.667249 -0.818109 -0.134538 0.178382 0.182574 0.277205 
3.12852 0.0247303 3.31267 0.0260773 1.95563 -0.592114 -0.393328 -0.387947 0.00173129 0.322796 0.0615537 0.212869 
2.89674 -0.29286 2.31938 -0.932779 1.71676 -0.114662 0.395593 0.290168 -0.134076 0.278572 -0.0526676 0.173261 
2.85889 0.185202 2.75086 -1.08797 2.2652 -0.381124 0.0695016 -0.153972 -0.803954 -0.0245973 0.107488 0.248229 
3.02315 -0.502438 2.64685 -0.761866 2.01777 -0.116517 0.170103 0.693541 -0.965391 -0.11632 0.0909987 0.15642 
2.69755 0.0901524 3.171 -0.797923 2.2843 -0.748805 -0.0669462 -0.409042 -1.22101 0.354504 0.187474 0.21379 
2.61244 -0.498941 3.02686 -0.465695 1.98004 -0.496321 -0.960863 0.00285461 -0.437516 0.120915 0.167496 0.186857 
3.00595 0.27058 2.61747 -1.25695 2.41072 0.0977823 -0.119099 -0.515245 -0.675224 0.212224 0.0936486 0.215307 
2.68075 0.0540355 2.21554 -0.454934 1.93314 -0.161786 0.379174 -0.215509 0.204665 -0.220463 -0.0356143 0.268676 
2.55196 0.324749 2.22399 -0.574025 1.2759 -0.060389 0.116877 -0.274604 0.204553 -0.357449 0.090782 0.256543 
2.75038 -0.0237165 3.09921 -0.222278 1.68222 -0.557552 0.486365 0.0215155 -0.558029 -0.0267735 -0.00409309 0.206539 
2.97328 0.12705 2.4094 -1.21382 1.2991 -0.0792496 -0.128372 -0.291947 -0.461375 0.135024 -0.0306589 0.172988 
2.79083 -0.0743727 2.58034 -0.307748 1.72598 0.72233 0.739133 -0.575285 -0.325522 0.489686 0.00978663 0.128962 
3.37327 1.41684 4.16127 0.452616 2.78876 -0.0563281 0.183309 -0.0366227 -0.151514 -0.401007 0.165341 0.187205 
4.0616 2.11186 5.72912 1.15744 2.08096 -0.0321325 0.0433658 -1.18251 -1.11349 -0.131747 -0.35679 -0.0620941 
3.79395 3.01818 4.17227 2.73136 2.24057 0.862551 -0.297254 -0.769374 -0.555205 -0.287066 -0.174076 -0.0957443 
3.78683 3.11738 4.64693 3.195 2.22233 0.26853 -0.611836 -0.708213 -0.661417 -0.0540557 -0.344818 -0.133208 
4.4328 2.86314 5.29474 2.25824 2.20682 -0.0313351 -0.392598 -0.693615 -0.920668 0.0514786 -0.19528 -0.0906971 
4.49725 2.59671 5.61472 2.31241 2.94867 -0.557267 -0.71792 0.00969032 -0.522882 -0.400823 -0.277223 -0.0556077 
3.93448 2.50348 4.81969 1.93468 1.93794 -0.0214905 -0.366884 -0.922895 -0.889017 0.081751 -0.110505 -0.042979 
3.75118 2.51145 4.1886 1.37239 2.5516 0.368727 0.419056 -0.538753 -0.928649 -0.745751 -0.0142448 0.00175048 
3.81171 1.69154 4.95642 1.49288 1.97873 0.21243 0.816864 -0.113198 -0.78466 -0.540662 0.0851084 0.0783888 
3.55797 1.52684 4.66071 1.24066 2.20706 0.79259 0.284498 -0.330673 0.166694 0.299817 0.0298636 0.0710819 
3.37894 1.35929 3.96131 1.27993 2.86472 0.659892 0.985336 0.352863 -0.49603 0.225424 0.170782 0.0524336 
3.54291 1.26222 3.59623 1.01935 3.24613 0.906918 1.18648 0.961239 0.268862 -0.162737 -0.0755804 0.0713281 
3.59472 1.76778 3.976 1.1254 2.74569 0.43105 1.13299 0.44696 -0.294982 0.139756 -0.0106044 0.0313916 
3.52344 1.64616 3.00178 0.759411 2.5426 1.76735 1.76163 1.56531 0.698066 -0.0420676 -0.189009 -0.0317586 
3.72896 1.43314 2.27996 -0.45442 2.03934 2.29605 1.73035 1.97705 0.15818 -0.153087 -0.15669 -0.0955478 
4.30614 1.26783 1.19824 -0.805751 2.03399 1.95029 2.01307 1.98394 0.649482 0.0942062 -0.24142 -0.137119 
4.48352 0.957854 1.84239 -2.11098 1.71228 2.34584 2.17137 2.35033 0.116957 0.188434 -0.0677814 -0.147827 
4.05803 0.782866 2.82511 -1.43663 2.5797 0.425288 1.38459 2.60622 0.806708 0.010363 -0.381806 -0.0264822 
3.80794 0.158974 3.33079 -0.615582 2.11667 1.51198 1.77233 1.7323 0.413492 0.609804 -0.0335281 -0.0175715 
3.69226 0.99444 3.97465 -1.16715 1.97851 0.635227 1.50301 1.56282 0.188129 0.40903 -0.0487486 0.062348 
3.55112 0.723376 3.40569 -0.803576 1.04971 -0.464374 1.69935 0.849884 -0.253196 0.150177 -0.0517044 0.143962 
3.08638 0.333869 3.52839 -0.75866 2.6839 0.505131 0.772486 0.928003 0.0786563 0.450855 0.204029 0.180427 
2.97567 0.0618476 2.87763 -0.377198 1.52681 -0.740383 0.547404 -0.0531378 -1.32305 0.479933 0.149395 0.118742 
3.03701 -0.220017 2.56386 -0.368291 1.72827 0.337271 0.937337 -0.119432 -0.39312 0.135254 -0.00313904 0.19064 
2.70085 -0.0982473 3.26842 -0.648514 1.39076 -0.0991056 0.706466 -0.469519 -0.447019 0.161624 -0.0796056 0.227645 
2.92016 -0.161604 3.19557 -0.673126 1.8141 -0.44529 -0.2265 -0.802489 -0.443929 0.583989 -0.0570631 0.197018 
2.56352 0.378522 2.42709 -1.01682 1.12067 -0.540269 0.468806 -0.485522 -0.430582 0.591161 -0.142734 0.174743 
2.92745 -0.17998 2.54755 -0.358129 1.38781 -0.287769 0.886817 -0.380012 -0.0770343 0.120385 -0.0394096 0.265923 
3.11935 -0.203156 2.69663 -0.536768 2.34256 -0.0379514 -0.720639 -0.710818 -0.61151 0.205997 0.159319 0.197203 
2.98452 0.155764 3.69875 -0.852322 1.76896 0.148698 0.441925 0.0431617 0.0217167 0.0878658 -0.00291393 0.241861 
2.64161 -0.166918 2.96384 -1.1035 1.22567 -0.622834 0.786066 0.166202 -0.618635 -0.0335499 -0.0776932 0.261873 
2.99665 -0.188316 2.50771 -0.934181 2.49179 0.171052 -0.283513 -0.400277 -0.0813368 0.270667 0.0682175 0.232101 
2.89732 0.304739 2.70682 -0.730202 2.19067 -0.207596 1.13944 -0.176006 -0.389206 0.257089 -0.173562 0.212815 
2.90431 0.0851993 2.62781 -1.23005 0.710512 -0.0933398 0.828366 -0.158429 0.0314222 0.0957889 -0.220929 0.201367 
2.89412 -0.110719 2.64604 -1.09208 1.45134 -0.270345 0.147846 0.116288 -0.0661765 -0.0685501 -0.0624445 0.242841 
2.8666 -0.16972 2.89709 -0.73437 1.2527 -0.664235 0.115721 0.328431 -0.239765 0.197436 0.00445299 0.188681 
2.62678 -0.359658 2.59206 -0.856033 1.60698 -0.112243 -0.280042 -0.319303 -0.453129 0.0174091 0.11428 0.254266 
2.57619 -0.103569 3.45437 0.119511 1.69733 -1.2162 0.0876433 -0.0975967 -0.446199 0.344327 0.102937 0.218624 
2.77163 -0.0792661 2.85017 -1.1404 2.30118 -0.492313 -0.374159 0.141318 -0.645503 -0.163297 0.225841 0.281193 
2.45 0.0527267 3.13678 -0.741788 2.17815 -0.336143 -0.883131 -0.387559 -0.490004 0.261611 0.138696 0.165386 
2.62793 -0.25906 2.57488 -1.34737 1.98595 0.113996 0.0900133 0.29692 -0.329523 0.109074 0.230626 0.236366 
2.98011 -0.258511 2.91507 -0.867694 1.52694 -0.467337 0.166829 -0.610666 -0.735286 0.406346 -0.0396965 0.219283 
