2.97008 -0.356637 2.34975 -0.846222 2.13303 -0.665848 -0.712132 0.210051 -0.811205 0.0797382 0.0563241 0.134192 
2.71524 0.108811 2.49273 -1.64982 1.91041 -0.269975 -0.828952 -0.0259618 -0.377616 -0.288872 -0.0396435 0.189008 
2.85692 -0.17444 3.06796 -1.1591 2.08675 -0.210835 -0.557892 0.405417 -0.901469 0.00344655 0.144349 0.0998484 
2.64504 -0.0614451 2.60652 -0.818626 1.66689 -0.477385 -0.305331 0.123847 -0.839716 -0.143192 0.107378 0.15947 
2.7858 -0.171986 2.6572 -0.432587 1.6588 0.0436098 0.151779 -0.921516 -0.363157 0.403561 -0.0137188 0.16041 
2.67162 0.0675228 2.48424 -1.64878 1.94137 -0.494838 -0.588532 0.114591 -0.348836 0.254572 -0.0342827 0.167055 
3.38743 0.902664 3.25358 -0.33936 1.87504 -0.581909 -0.557527 -1.20168 -0.330086 -0.0695104 0.0653934 0.131031 
3.43368 0.69932 4.06448 0.863866 1.75678 -1.10572 -0.779604 0.260756 -0.584169 0.137592 0.288761 0.0711623 
3.71878 2.15392 3.58036 1.34236 2.19753 0.0047162 -0.201609 0.364117 -0.742213 -0.532039 0.00282844 -0.0546545 
4.1143 2.78338 5.05472 2.14191 1.90376 0.00929334 -0.325974 -0.921838 -0.480244 -0.071432 -0.226579 -0.0518483 
4.4589 2.41315 5.58404 1.68535 2.55907 -0.105411 -1.23501 -0.813346 -0.353731 -0.32839 -0.280151 -0.0378668 
4.05917 1.88536 4.98908 1.56093 2.36295 -0.757423 -0.876442 -0.668957 -0.632398 0.0371284 -0.156338 -0.00349205 
3.74332 1.38981 4.44732 1.35818 2.36233 -0.759585 -0.918608 -0.680937 -0.520087 -0.0824048 0.00515437 0.0679444 
4.17222 2.2013 4.57128 0.741767 2.11073 0.0874653 0.200362 -0.158649 -1.19267 -0.179748 -0.00561918 -0.0129062 
3.97214 1.60152 4.15855 0.000752735 3.31277 -0.414381 -0.215976 0.14007 -0.791479 -0.161256 -0.104539 0.0758317 
3.44526 1.56708 4.31281 0.999167 2.0739 0.277418 0.0584422 0.151599 -0.628544 0.186501 0.0839924 -0.043466 
3.55172 1.6948 3.47043 0.457062 2.03743 0.963629 1.52411 0.124298 -0.470402 -0.151076 -0.0483282 0.0154963 
4.41095 1.32107 1.32529 -1.80223 1.49491 1.89938 2.15537 1.90326 0.0677454 -0.232185 -0.116375 -0.0328766 
4.47219 0.687959 -0.0228818 -3.32426 1.70279 2.89629 3.25614 2.08703 0.295692 -0.354345 -0.271361 -0.0159111 
4.2043 0.409077 0.153038 -2.53241 1.5719 2.47502 3.89081 1.53909 -0.501048 0.0588658 -0.161841 0.0265417 
4.15101 0.548809 0.106605 -2.98471 1.9253 2.69167 3.39438 1.70382 -0.589583 -0.0208708 -0.15797 -0.0107186 
3.72188 -0.0908867 1.54848 -2.31046 2.18145 2.17992 2.51409 1.73768 -0.25377 -0.0529957 -0.0538225 0.0501888 
4.0676 0.547801 2.26605 -1.61511 2.53196 1.07102 1.85392 0.594177 -0.262176 0.157355 -0.166645 0.171813 
4.00051 0.717834 2.69164 -1.05036 2.77642 1.00443 1.82816 0.594956 -0.565429 0.151308 0.0441314 0.229614 
3.17349 0.458081 2.8342 -1.24381 2.17915 1.18497 1.76126 0.66682 -0.313381 0.0969756 -0.0453255 0.115945 
3.51014 0.0840944 3.27892 -1.49671 1.58043 0.407264 1.05124 0.260781 -0.325832 0.213904 -0.30913 0.100203 
3.33557 0.160956 2.5356 -0.419246 2.28632 -0.277403 2.00904 0.904763 0.0572878 0.0238096 -0.358977 0.134212 
3.04128 0.112327 2.83473 -1.50075 2.88994 -0.0890145 -0.343395 0.358016 -0.555234 -0.306263 -0.0403247 0.187669 
3.01763 0.00165764 3.36837 -0.394901 2.20098 -0.800738 -0.224397 -0.499002 -0.647455 0.389904 0.0443019 0.174238 
2.80276 0.400321 3.10056 -0.655169 1.42324 -0.308001 0.414042 -0.89806 -0.660329 0.085108 0.118824 0.209866 
2.84651 -0.0161108 2.44098 -0.859187 1.95994 -0.203116 0.0715036 0.0827576 0.0800353 -0.116974 -0.00361533 0.209429 
2.87516 -0.26417 2.85559 -0.803206 2.00688 -0.53243 -0.682707 -0.564829 -0.633195 0.363208 0.0337751 0.161948 
3.12325 0.0652426 3.61873 -0.944074 1.50112 0.316851 0.794005 -0.613359 -0.590826 -0.0335678 -0.0835227 0.221208 
3.16382 -0.015361 3.1471 -0.43749 1.86785 -0.807131 -0.624722 -0.302426 -0.484292 0.159659 0.00709774 0.152941 
2.68511 -0.329513 2.37515 -0.773422 2.03395 -0.291453 -0.382679 -0.820852 -0.840561 0.430807 0.10447 0.193033 
3.16283 -0.0652524 3.34519 -0.723893 1.24036 -0.607726 0.743217 -0.341278 -0.959206 0.638183 -0.0147928 0.103219 
3.07184 -0.0132916 2.78618 -1.07905 0.686493 -0.804544 1.00692 0.681155 -0.0184373 -0.0791315 -0.279083 0.148376 
2.89301 -0.341751 3.13243 -1.2876 1.69937 -0.283173 -0.235278 0.172079 -0.622915 0.0551461 -0.0384942 0.151657 
2.89415 -0.197264 2.56034 -0.51405 1.70754 -0.68097 0.211687 -0.295204 -0.578425 0.198341 -0.0594333 0.18043 
2.80273 -0.715536 2.69272 -0.743789 1.28345 -0.188139 -0.128948 -0.45119 -0.852487 0.0024474 0.0445298 0.223325 
2.9789 0.182116 2.78407 -1.64152 1.94262 -0.144068 -0.151997 0.302301 -0.557841 -0.212497 -0.0131408 0.158614 
2.80094 0.0315021 3.02605 -0.664142 1.63381 -0.903615 0.178836 -0.164001 -0.772052 0.0344504 0.0829507 0.205869 
2.84803 0.152653 2.74034 -1.69079 1.27415 -0.536887 0.0406444 0.58341 -0.664173 0.0788923 0.0753112 0.128249 
2.49292 -0.493565 2.76796 -0.811291 1.76232 -0.332417 0.253554 -0.107728 -0.175052 0.547703 0.000406472 0.183549 
2.74656 -0.354418 2.93505 -1.02014 1.91021 -0.630699 -0.549689 -0.417879 -0.589498 0.154772 0.150915 0.262797 
2.83225 -0.223066 2.57804 -0.514337 1.6323 -0.739295 -0.24623 -0.368315 -0.174334 0.0515041 -0.171963 0.206025 
2.82002 -0.431712 3.20212 -1.49509 1.50914 -0.171703 0.500244 0.705552 0.5202 0.380809 -0.233383 0.187521 
3.13709 0.210833 2.40706 -0.47598 1.54192 -0.660869 0.0363618 -0.673217 -0.336711 -0.104771 -0.0895592 0.201352 
2.85101 -0.249676 2.80197 -0.767858 2.67015 -0.0633658 -0.215931 0.142399 -0.643749 0.0518942 0.060708 0.146774 
2.66299 -0.174922 2.83563 -0.802609 1.66016 -0.278962 -0.020387 -0.527848 -0.764591 0.0309827 -0.00421254 0.206545 
2.71946 -0.374001 2.73663 -0.643644 1.44936 -0.251896 -0.485331 -0.760378 -0.321638 0.200694 0.0232195 0.219395 
2.98381 0.0150967 2.75903 -0.995896 1.83549 -0.304323 -0.0700624 -0.305601 -1.07694 0.142 0.114802 0.150395 
2.73184 -0.355809 2.51869 -1.31911 2.06138 -0.303617 -0.027646 0.409701 -0.106104 -0.102719 -0.0945931 0.223412 
2.65654 -0.0437659 2.39716 -0.84957 2.19552 -0.921416 -0.12634 -0.066305 -1.05988 -0.115891 -0.0443445 0.212373 
2.95125 -0.130724 2.29401 -1.21286 1.33461 0.109421 -0.110139 -0.0546307 -0.477469 -0.404273 0.0691498 0.227648 
2.81666 -0.327056 2.77662 -0.490974 1.2414 -0.56549 0.112604 -0.651343 -0.745481 0.120652 -0.00873768 0.216752 
2.61708 -0.544183 2.66623 -0.484305 2.16324 -0.843219 -0.520041 -0.0446747 -0.620929 0.239972 0.0285765 0.187133 
3.15631 -0.423939 2.27964 -0.229078 1.65809 -0.881792 0.0341565 0.00105002 -0.380948 0.551135 -0.166711 0.0406297 
2.82491 0.097005 1.94174 -0.920581 1.45783 -0.68525 0.3395 -0.282294 -0.129268 0.136139 -0.231122 0.177451 
2.77756 -0.108288 2.273 -1.07009 1.85364 -0.409527 -0.42309 0.0287227 -0.303701 -0.370815 -0.0115647 0.239639 
