2.78099 -0.285709 2.17594 -1.33838 1.52776 -0.650947 0.958014 0.286037 -0.173863 0.209848 -0.0261708 0.2586 
2.79869 -0.411926 2.32414 -0.732883 2.10009 -0.533649 0.218547 0.105213 -0.0389355 0.339797 -0.0867779 0.177663 
2.63994 -0.0655771 2.80244 -0.85923 1.8797 -0.923045 -0.423367 -0.228651 -0.774564 0.209369 0.00671963 0.180128 
2.44034 0.268577 2.98816 -0.664358 1.47443 -0.17386 0.249138 -0.260399 -0.546162 -0.394383 0.0894642 0.184663 
2.71454 0.0783152 2.59392 -0.691377 2.0463 -0.755475 0.1554 0.0208278 -0.680372 0.0857973 0.0176016 0.162454 
2.82382 -0.0760385 3.05257 -0.319793 2.2674 0.584893 0.776786 -0.201703 -0.741902 0.310058 0.261595 0.0869896 
3.1817 0.0377735 3.08556 -1.03452 2.02221 -0.163472 -0.479723 -0.338228 -0.688467 -0.382341 0.0767756 0.210133 
2.58787 -0.0120939 2.81795 -0.234822 2.13502 -0.298334 0.555038 -0.322982 -0.300429 0.191569 -0.204873 0.133581 
2.87909 -0.440666 2.29704 -0.390527 2.31811 -0.375842 0.0261844 -0.0262557 -0.544333 0.0374968 0.0532443 0.204621 
2.74026 0.143284 2.62541 -0.942258 2.5048 -0.101889 0.145622 0.0516571 -0.408484 -0.0426225 -0.0740224 0.150412 
2.46728 -0.237831 2.70418 -0.567063 1.21211 -0.545914 0.634513 -0.905915 -0.856335 -0.0852774 -0.0614138 0.282334 
2.67888 0.0698443 3.09531 -0.597911 1.13306 0.113424 0.301041 -0.602412 -0.427051 0.0404307 0.206957 0.173818 
3.09727 -0.0794427 2.98494 -0.774651 2.03264 -0.416287 -0.15314 -0.660175 -1.39409 -0.411161 -0.0217012 0.201294 
2.9204 0.54524 3.58752 -0.307979 2.38371 -0.912376 -1.01831 -0.991354 -1.16507 -0.323438 0.121792 0.138978 
3.97412 1.29107 4.67142 1.04022 2.73868 -0.495096 -0.71332 -1.31641 -0.913217 -0.487915 -0.265096 0.0543063 
4.13231 2.3903 4.13183 1.68054 2.2186 0.296625 -0.167291 -0.605856 -1.44698 -0.55833 -0.123343 -0.102934 
3.75739 3.21221 4.48131 2.79074 2.11368 0.702791 0.0818556 -0.488734 -0.697313 -0.0949729 -0.233006 -0.112698 
4.02309 3.33911 4.5122 2.80435 2.00135 0.219777 -1.05228 -0.991432 -0.602383 -0.0696838 -0.255508 -0.0746581 
4.16455 2.6199 5.06971 2.01813 2.20185 -0.326245 -0.225633 -0.729753 -0.778353 -0.00779205 -0.168096 -0.0296633 
4.32043 1.96292 4.17641 1.3966 2.92896 -0.138367 -1.11941 -0.240754 -1.03865 -0.602986 -0.0675443 -0.0627004 
4.06225 1.60108 5.04474 1.23822 2.15564 0.249623 0.757328 -0.444735 -0.901228 -0.214835 -0.0232986 0.0802959 
4.28799 1.7511 4.41088 2.01249 2.73945 -0.436139 -0.0557203 -0.36492 -0.30334 -0.244132 -0.20951 0.0302919 
3.68315 1.56583 4.87411 1.57526 2.94516 -0.313634 -0.711301 -0.472437 -0.150424 -0.06059 -0.173218 0.0217993 
3.8717 1.35224 4.57062 0.24957 2.86525 0.911211 0.0550064 -0.36546 -1.16954 0.144852 0.205811 0.0429524 
3.52001 1.09966 4.20116 0.982168 2.61022 0.668003 1.55576 1.10219 0.206564 0.432226 -0.152449 0.00358335 
4.52977 1.41559 1.8898 -1.43888 1.57368 0.951391 2.16749 1.34374 0.545791 0.00174452 -0.332006 -0.0438759 
4.55987 0.71052 1.19695 -2.95396 1.29781 2.71102 2.6037 1.66092 0.353561 -0.103034 -0.326304 -0.102035 
4.42083 0.793509 0.806443 -2.40316 0.922359 2.1238 2.92833 2.41784 -0.249685 -0.120361 -0.248928 -0.185528 
4.32 0.659144 0.628178 -2.8997 1.46524 2.03614 3.02658 1.59757 0.011188 -0.162242 -0.400246 -0.0748304 
4.53426 0.760798 1.40822 -2.50171 1.73036 1.87501 2.62826 1.51627 -0.684646 0.111606 -0.217732 -0.0712435 
3.67224 0.940721 2.09924 0.0136798 2.32993 1.51263 2.6957 1.53356 0.671539 0.130077 -0.23335 0.0265994 
3.32638 0.647722 1.71707 -0.223845 2.43621 2.06846 2.10815 1.73491 0.360891 0.148556 -0.07968 -0.00442581 
3.36735 0.191062 3.28119 -0.195464 2.68563 1.05695 1.86802 1.87107 0.327017 0.0505404 -0.136711 0.0822549 
3.33455 0.719411 3.10976 -0.0502184 2.77712 -0.0359149 0.562383 0.717546 0.572735 0.113984 -0.17143 0.112535 
3.15653 0.0731565 3.4965 -0.196792 2.69114 0.556462 1.01591 0.601661 -0.220881 0.0769459 -0.0107755 0.148848 
2.73091 0.0370868 2.65158 -0.129923 2.35294 0.433321 1.197 0.409779 0.140221 0.558041 -0.100092 0.0664292 
2.85529 -0.000964948 4.28653 -0.367947 1.75899 -0.519255 -0.722056 0.138846 -0.338841 -0.0560211 -0.0271052 0.110622 
3.12242 0.0268807 3.25542 0.0812162 2.95125 -0.36416 -0.493793 -0.273717 -0.45856 -0.12887 0.0978633 0.196655 
2.77255 -0.222382 2.49835 -0.381214 2.30632 -0.147069 0.392276 -0.0368035 -0.368616 -0.0397666 -0.124051 0.178225 
2.70718 0.0241764 2.46133 -1.08583 1.86402 -0.758954 0.659217 0.836071 -0.200432 0.421027 0.0319381 0.139525 
2.9678 0.135143 3.08521 -0.610874 2.08737 -0.0804148 -0.154258 -0.19716 0.126651 0.0259639 -0.158748 0.133399 
2.75221 -0.524889 2.40833 -0.617697 1.20396 -0.697951 0.379167 -0.000903371 -0.628708 0.19404 -0.123282 0.171363 
2.55704 -0.12032 2.2886 -0.870822 1.51727 -0.022155 0.250075 0.107139 -0.355562 -0.419617 0.0626811 0.220056 
2.53686 -0.607665 3.17887 -0.754712 2.38325 -0.490968 -1.03035 -0.141417 -0.38899 0.226782 -0.00307669 0.172725 
2.55264 -0.168001 2.63809 -0.0726962 2.34484 -1.14982 -0.360477 -0.462604 -0.560684 0.231964 0.0194995 0.206293 
2.67597 -0.168854 2.04002 -0.912195 2.24189 -0.625606 -0.0981522 0.0955624 -0.850559 0.305631 -0.0197125 0.12727 
2.45729 0.0764208 3.17689 -0.783352 1.7067 -0.433947 0.336011 -0.2048 -0.767893 -0.136428 -0.0170668 0.182494 
2.68886 0.165151 3.37868 -0.911407 1.75308 -0.374999 0.155256 -0.284306 -0.633301 -0.0891076 -0.270473 0.138827 
2.81876 -0.139527 2.80991 -0.563792 1.22059 -0.11724 0.186723 -0.520292 -0.812855 -0.0152956 0.0163463 0.153499 
2.77363 0.259342 2.64838 -1.08252 1.8974 -0.537828 -0.0534342 -0.481244 -0.415107 -0.179454 -0.251585 0.172211 
2.62412 -0.387096 2.8204 0.13075 1.47502 0.311526 0.211502 -0.95782 -0.951092 -0.0400535 0.167724 0.149102 
2.32541 -0.0709055 2.8735 -0.583141 2.30082 0.229552 0.308146 0.374689 -0.499461 0.0732378 0.141161 0.112425 
2.62385 0.112892 2.49766 -1.36445 1.07421 -0.968901 -0.178259 0.119534 0.162076 0.164089 -0.287771 0.175015 
2.89019 -0.272689 3.00729 -0.647989 1.60014 -0.724813 0.211867 -0.300733 -0.73242 -0.0485774 -0.18207 0.182929 
2.61487 -0.631762 2.97375 0.0273937 1.72408 -0.0531678 0.133707 -0.394484 -0.929063 0.227814 -0.0443385 0.0943564 
2.95637 -0.3832 3.06117 -0.20883 1.33196 -0.43191 0.598981 0.173818 -0.495615 -0.0556898 -0.0507353 0.156461 
2.67811 0.329998 3.60944 -1.41787 1.31406 -0.443727 -0.297386 -0.388911 -0.93536 -0.166202 0.0267582 0.160503 
2.63374 -0.0416534 2.5829 -0.69508 1.33953 -0.47067 0.00957096 -0.27236 -0.800167 0.289241 0.0650321 0.12492 
2.5965 -0.187359 2.56318 -1.51536 2.24063 0.0872569 -0.0337863 0.234209 -0.710276 0.14409 -0.100063 0.111358 
2.79146 -0.357572 2.95413 -1.33302 1.94819 -0.179298 -0.00882434 0.430404 -0.203727 0.461044 0.0428567 0.136896 
