2.47097 -0.147963 2.57571 -1.13554 2.41734 -0.433616 -0.592697 -0.630618 -0.254494 -0.00455716 0.0358573 0.290781 
2.92833 -0.227997 2.20701 -1.02727 2.52729 -0.824477 -0.528515 -0.612627 -0.55088 0.275132 -0.0794795 0.246092 
2.85006 0.132461 2.72812 -0.982664 1.29259 -0.606749 -0.0993058 0.275152 -0.0303585 -0.25342 -0.0765462 0.167997 
2.80087 0.0751891 2.37722 -1.09765 0.697694 -0.557655 0.306707 -0.221737 0.129893 0.13018 -0.107374 0.191186 
2.77484 0.0561945 2.8872 -0.639571 2.16695 -0.336265 0.343938 -0.407756 -1.26234 -0.0299665 0.256302 0.208213 
2.59091 0.187654 2.35234 -1.00804 1.60014 -1.23388 0.202192 0.365358 -0.1973 -0.181403 0.00545585 0.259134 
2.65703 -0.0526555 2.90402 -0.530482 0.814118 -0.644764 0.146477 -0.437099 -0.276976 -8.52459e-005 -0.128588 0.190768 
2.95046 -0.267519 2.5495 -1.22743 1.67575 -0.519198 -0.052498 -0.494523 -0.814287 0.254492 -0.0178187 0.218992 
2.72672 -0.265907 3.22535 -0.783855 1.75365 -0.523951 -0.854559 0.23138 -0.227856 -0.137789 -0.154226 0.139126 
2.88409 0.123086 2.01774 -0.432973 1.45761 -0.626091 -0.151879 -0.474046 -0.121298 0.21507 -0.0543964 0.149228 
2.62701 -0.0813245 2.51873 -1.06824 2.09267 -0.686104 -0.686685 0.257424 -0.312137 -0.152126 0.0112823 0.207225 
2.92387 -0.224797 3.00767 -0.752582 1.83506 -0.679283 0.406538 0.550003 -0.6787 0.124945 -0.0715217 0.132376 
2.83981 0.111807 2.95581 -1.32995 2.31534 -0.599649 -0.443677 0.561022 -0.448197 0.0380183 0.0202106 0.142409 
2.95901 0.0775733 3.22577 -0.380403 1.71049 -1.13523 -0.216357 -0.171664 -0.114398 0.141121 -0.3095 0.160008 
3.1756 -0.00954269 2.05931 -0.136816 1.99949 -0.768835 -0.277151 -0.281628 0.00214783 0.184675 -0.0438047 0.16081 
2.7641 0.107416 2.71922 -1.05909 1.55578 -0.416395 0.364837 -0.111302 -0.25465 -0.294795 -0.0859222 0.244254 
3.82166 1.25348 4.16326 1.2554 3.37996 0.358399 -0.157941 -0.186003 -0.161675 0.141888 -0.162347 -0.0327166 
4.38154 2.64537 4.70851 0.421134 2.51773 -0.199813 -0.313967 -1.06006 -1.30292 -0.469928 -0.338939 -0.0572012 
4.61277 2.26836 4.99562 1.51833 2.96414 0.145354 -0.0189758 -1.58881 -0.838955 0.161772 -0.405545 -0.0638669 
4.84776 3.15947 5.37651 2.14164 2.33477 -1.19973 0.0329545 -1.23511 -1.05973 0.0250486 -0.406142 -0.0494203 
4.47042 3.15777 5.21196 1.85756 2.3242 0.360729 -0.749044 -0.243086 -0.512688 -0.0557611 -0.0905621 -0.0606963 
3.70083 2.52266 3.97474 1.54406 2.1033 -0.169036 -0.745286 -0.359182 -0.717678 -0.211358 0.0628455 0.00560753 
3.63105 2.0576 3.93573 1.29887 1.976 0.361104 -0.216437 -0.908943 -0.870518 -0.303249 0.0562294 -0.00169159 
3.83187 1.3504 5.07288 0.404549 2.74929 -0.201211 -0.221211 -0.0193443 -0.753341 -0.307299 -0.095848 0.0732277 
3.56185 0.920311 4.9744 0.485773 2.45391 -0.0641522 0.0623364 -0.732794 -0.565698 0.364509 -0.152372 0.0820003 
3.55449 1.01915 3.73126 1.28721 3.07073 0.71906 0.905214 0.628357 0.226048 0.16946 -0.0542468 0.0493174 
3.49425 1.58052 3.15383 0.733112 2.10248 0.211545 0.926999 0.947496 0.404166 0.224005 0.00803452 0.0338033 
3.91426 0.990938 2.58437 -0.725951 1.91733 1.14851 2.78403 1.2282 0.475867 0.188527 -0.432222 -0.025796 
3.81667 0.799841 0.720822 -2.68708 1.11617 1.8889 3.15015 2.23556 0.579207 -0.14951 -0.31348 -0.103255 
4.32554 0.844465 0.23265 -2.59461 1.02792 2.73236 3.27264 1.89035 -0.241246 -0.124877 -0.259085 -0.109327 
4.30626 0.745724 0.337403 -2.64225 1.68008 2.24301 2.33015 2.09607 -0.287267 -0.263858 -0.126989 -0.0945342 
3.72472 0.687653 0.410017 -2.95915 1.88248 2.0974 2.81586 1.84076 -0.155208 -0.110157 -0.334395 -0.120417 
4.06653 0.812357 1.94439 -1.5534 1.51058 0.922836 2.95089 2.0758 -0.242984 0.399502 -0.190518 -0.0843309 
3.71511 0.759058 2.74216 -0.65135 2.34143 0.560932 2.95273 1.83512 0.103701 0.370649 -0.354773 0.0171531 
3.39557 0.323903 3.55734 -0.914968 2.71463 1.30825 1.30429 1.35368 0.412043 0.297897 -0.227505 0.0453598 
3.63206 0.105483 2.87829 -0.540733 1.8407 0.0121087 0.764492 1.2575 0.483865 0.0623554 -0.342816 0.00978917 
3.00772 0.123337 2.71932 -0.794263 2.79305 -0.49929 -0.827021 0.401544 -0.0694309 -0.11729 0.136858 0.172804 
3.04437 -0.0669427 2.89434 -0.630017 2.30239 -0.282442 -0.152603 0.123104 -0.389011 0.174106 0.120253 0.160716 
2.91007 -0.193362 2.33464 -1.35316 1.95454 -0.355189 -0.399582 -0.272609 -0.731831 0.0651956 -0.0570397 0.187059 
2.77529 -0.277993 2.88132 -0.919445 1.23344 -0.431226 0.302538 -0.272354 -0.296635 0.0712957 -0.071156 0.235587 
2.75048 0.0498683 3.17527 -1.19129 2.30981 -0.57969 -0.266865 0.135319 -0.496979 -0.0328039 -0.0577724 0.203348 
2.79232 -0.207084 2.62432 -1.22724 2.19625 -0.382698 -0.255975 -0.833658 -0.650612 0.23149 0.00583963 0.27619 
2.98324 -0.54082 2.21534 -1.17039 1.33078 -0.990129 0.286415 0.954127 -0.436214 0.100327 -0.112576 0.156579 
2.60773 -0.450023 3.20833 -0.738013 0.888214 0.0148903 0.224648 -0.42035 -0.82425 -0.217539 0.12221 0.224701 
2.64804 0.0476353 2.42978 -1.44998 1.55653 -0.735676 0.420713 -0.335055 -0.78053 0.292631 -0.113346 0.237508 
2.67154 -0.400407 2.78608 -1.65642 1.27761 -0.199616 -0.083353 0.229601 -0.0981796 0.48648 -0.0246975 0.16158 
2.91604 -0.112301 3.20142 -1.32801 0.201552 -0.439488 -0.248595 0.610267 -0.428668 -0.216112 0.162597 0.144249 
2.91811 -0.102378 2.1737 -1.4036 1.12855 -0.26049 -0.246072 -0.244333 -0.243829 -0.0234492 -0.0979762 0.201174 
3.09898 -0.196528 2.72524 -1.39126 1.91036 -0.540911 -0.420265 0.351678 -0.540557 0.0474972 -0.176475 0.117775 
2.81445 -0.185202 3.11362 -1.07519 2.12322 -0.58036 -0.151772 -0.168519 -0.910525 -0.126963 0.0452948 0.24272 
3.01568 -0.596827 3.14403 -0.50665 1.51569 -0.473115 -0.377242 0.0394604 -0.91401 0.00117738 0.159953 0.163403 
2.65502 -0.275828 3.00759 -1.33835 1.50271 0.104719 -0.0747046 0.220887 0.0319119 0.0736817 0.0182845 0.191819 
3.04807 -0.332131 2.27312 -0.989895 1.81868 -0.666328 0.128675 -0.0468259 -0.620258 0.138868 -0.0628468 0.202705 
2.93495 0.0518843 2.82745 -0.906829 1.42151 -0.0660673 -0.68298 -1.04989 0.152543 0.265892 -0.161656 0.185257 
2.73388 -0.341147 3.09188 -0.506445 1.41673 -1.05827 0.541747 0.488991 -0.772031 0.463868 0.078633 0.135302 
2.81936 0.209805 2.39337 -1.2011 1.60926 -0.649271 -0.07312 0.110299 -0.220214 -0.0444065 -0.183998 0.163669 
2.84526 -0.00204557 2.46318 -1.58972 2.33316 -0.230957 -0.393063 -0.220248 -0.97881 0.129614 0.0313624 0.176287 
2.81278 -0.0834582 2.48187 -0.73446 2.16639 -0.133339 0.381276 -0.748623 -1.26147 -0.0377625 0.0277408 0.215856 
2.72371 -0.372724 2.59915 -1.65414 1.41709 0.0645529 0.0275485 -0.285879 -0.489397 0.405424 -0.0509668 0.179296 
2.86377 -0.69309 2.32805 -0.809732 1.68264 -0.31622 -0.670517 0.31349 -0.0428706 0.12422 0.09715 0.172257 
