2.47562 -0.123672 2.78115 -0.933635 1.70884 -0.367522 -0.539642 -0.281713 -0.580992 -0.225568 -0.111977 0.172455 
2.55933 -0.674438 3.18078 -0.777151 1.34419 -0.490796 -0.0537137 0.0679206 -0.960218 -0.11392 0.220268 0.208109 
2.78392 -0.0396746 2.33745 -1.42178 2.19709 -0.914068 -1.08509 0.230903 -0.779248 -0.305912 0.0349059 0.158555 
2.98574 -0.338201 2.45535 -0.37655 1.04998 -0.606604 0.379121 -0.999058 -0.47038 0.104398 -0.214865 0.172353 
2.76983 -0.196382 2.79632 -1.23323 1.48727 -0.351325 0.339347 -0.881956 -0.715732 -0.315626 -0.103568 0.30433 
2.52535 -0.170213 2.22775 -0.265898 1.39512 -0.526908 -0.0998064 -1.02331 -1.34273 0.0231955 0.268813 0.186072 
2.83265 -0.151104 2.88358 -1.26777 1.29241 -0.545829 -0.243843 -0.522374 -0.222368 -0.133326 -0.0981449 0.247904 
2.80815 0.145299 2.5736 -1.53972 1.52163 -0.332912 -1.17597 0.0208085 -0.0410572 -0.332257 -0.0752778 0.12893 
2.79431 -0.21588 2.97587 -0.830467 1.25309 -0.745933 -0.0443661 -0.406658 -0.895944 0.2518 0.0741548 0.140913 
2.89578 -0.22686 1.92619 -1.10234 1.38452 -0.716024 -0.126313 -0.184167 -0.728298 0.169577 -0.0461413 0.136138 
2.91917 -0.388007 2.12001 -0.594904 0.978468 -0.776238 -0.0779395 -0.408751 0.180614 0.314274 -0.300585 0.112875 
2.95235 -0.00521002 2.54367 -0.64873 2.26266 -0.657942 -0.564816 -0.123514 -0.848636 -0.456926 0.0428668 0.190865 
2.57227 -0.247356 3.01353 -1.47309 1.51535 0.115513 -1.22122 -0.70188 -0.0955234 0.146587 -0.0958245 0.160392 
2.80242 -0.0207973 2.22616 -1.2161 1.33325 -0.585933 0.268431 -0.492891 -0.035323 0.561351 -0.1677 0.137962 
2.81627 -0.247277 3.41221 -0.941423 1.29664 -0.0143177 -0.0204518 -0.0485096 -1.09103 -0.350404 0.205877 0.143306 
2.65054 -0.32818 3.22842 -0.491909 1.12864 -0.682215 -0.290517 -1.26395 -0.689693 0.0259797 -0.0150323 0.218139 
2.7033 -0.454675 2.45305 -1.10744 1.74947 -0.938324 0.170149 0.383602 -0.367739 0.169186 -0.130369 0.18639 
3.88532 1.45066 4.87488 0.0156326 2.3545 0.0413043 0.259228 -1.477 -2.00512 -0.823662 -0.362308 -0.00698678 
4.52687 2.84812 5.34739 1.7906 1.42592 -0.830218 -1.06505 -1.59561 -1.58816 -0.510628 -0.461429 -0.18778 
4.93825 3.21823 5.3963 1.21457 1.8098 -0.833803 -0.856416 -1.99805 -1.4802 -0.118994 -0.459157 -0.106936 
5.17805 2.47188 5.38736 0.585361 1.81861 -0.835152 -1.45056 -1.46835 -1.45675 0.240205 -0.192967 -0.0994363 
4.50382 2.82769 4.83324 1.27308 1.6021 -0.490023 -0.699792 -1.17013 -0.664904 -0.251541 -0.248774 -0.0279157 
4.00456 2.52868 4.33146 2.16962 1.26065 -1.32779 -0.941539 -0.663774 -1.03251 -0.100025 -0.231634 -0.0822556 
3.7363 2.37852 4.25299 1.26701 2.17588 -0.180369 -0.990405 -0.857624 -0.973678 -0.444305 -0.184295 -0.100012 
4.05477 2.20091 3.97826 0.763271 1.95721 0.320578 0.454533 -0.130758 -0.687383 -0.371784 -0.226936 -0.0906977 
3.89248 1.78889 4.4191 2.02482 2.72508 -0.4016 0.0873578 -0.38121 -0.0600677 0.0270353 -0.346487 -0.0470502 
3.72887 1.36663 4.32869 0.164312 2.33548 0.210613 1.39406 0.0496576 -0.80418 -0.711226 -0.134747 0.150172 
3.36559 1.12867 3.72898 -0.505646 2.69659 -0.945538 -0.0277104 -0.11982 -1.09286 -1.04739 0.0823431 0.236794 
3.49555 0.474965 3.84743 0.728794 1.61292 -0.944623 -0.676718 -1.19277 -0.532763 -0.0832636 -0.0334461 0.155951 
3.5298 0.586387 3.46594 -1.099 1.34906 -1.07346 -0.758231 -0.491518 -0.703131 0.0556723 -0.0391491 0.135462 
3.59108 0.0897968 3.38621 -0.439271 -0.144044 -2.03741 0.176526 -0.122558 -0.833767 0.705239 0.250987 0.0886334 
3.73736 1.33258 2.69973 -0.558564 -0.00293828 -1.67591 -0.43779 -0.091712 -0.16777 0.350523 0.179186 0.0984276 
4.47234 2.89887 3.88545 0.430712 0.00789349 -1.52704 -1.29973 -1.36373 -0.981889 -0.0975197 -0.10236 -0.0149964 
4.50741 3.16776 3.34152 0.620241 -0.85534 -2.15667 -1.56472 -1.00361 -0.649259 -0.546537 -0.0504967 -0.00165407 
4.51059 3.25864 2.7934 0.0951428 -1.09986 -1.72018 -1.72202 -1.38198 -0.347836 -0.355107 -0.00864375 0.0195046 
4.761 3.29953 2.92651 -0.157475 -0.910709 -1.7255 -1.27433 -0.918753 -0.208301 0.0172276 0.0315176 0.0105955 
5.19194 2.55686 3.94978 -0.567141 -0.178729 -2.11848 -1.23061 -0.65826 0.404926 0.0975017 -0.114842 0.0547553 
4.53891 2.40131 4.32968 0.0551639 -0.517343 -2.10439 -1.29578 -0.641016 -0.509772 -0.0267649 -0.0457811 -0.0111557 
4.24251 1.79839 3.75059 -0.0800068 -0.242034 -1.75848 -1.60254 -0.748808 -1.51421 -0.0480407 0.0132089 -0.109474 
3.49429 0.747365 3.75384 -0.447363 0.692608 -1.83582 -0.993466 -0.369561 -0.830099 0.286522 0.176263 0.0533159 
3.52296 0.979081 3.54079 -0.544702 1.13353 -1.07106 -0.10915 -0.112126 -1.37331 -0.114854 0.0415275 -0.0123618 
3.20576 0.446958 3.91654 0.317018 0.686005 -1.25173 -0.367656 -0.713073 -0.859319 -0.369039 0.0831534 0.103235 
3.24824 0.342562 2.69822 -0.66299 1.68752 -0.73515 -0.564394 -1.2997 0.0232349 0.592428 -0.163254 0.0733831 
3.1945 -0.332139 3.14286 -0.255403 1.58367 -0.490952 -1.16813 -0.445317 -0.345342 0.526089 0.328763 0.0464026 
2.90782 -0.185957 2.6903 -0.434718 1.52863 -1.18287 -0.962999 -0.0227672 -0.384331 -0.0412888 -0.0856686 0.107947 
2.58912 -0.264461 2.5214 -0.169224 1.94921 -1.06538 -0.519657 -0.362131 -0.399499 0.246614 -0.0383203 0.093139 
2.98367 -0.323644 2.74579 -0.792765 1.34781 0.201273 0.371015 -0.131345 -0.387234 -0.0600487 -0.0322028 0.154114 
2.72171 0.0404796 2.85594 -0.475555 1.15653 -1.09939 -0.308025 -0.014612 -0.542123 0.466103 0.020398 0.0831402 
2.9666 -0.466633 2.65546 -0.304398 1.63462 -0.980007 -0.200319 -1.18191 -0.696249 0.20268 -0.0217522 0.231984 
3.10189 0.0796156 2.80682 -1.1596 1.44306 -0.475658 -0.752777 -0.37461 0.00324563 -0.159696 -0.0935152 0.161348 
2.94579 0.0747066 2.37075 -1.01937 0.684532 0.104199 -0.229449 -0.698296 0.00132696 -0.0685707 0.00613705 0.167011 
2.78268 0.200036 2.74166 -1.16325 1.73427 -1.04788 -0.515789 -0.500393 -0.559416 -0.349631 -0.0412638 0.236177 
2.75519 -0.0266009 2.62989 -0.473817 1.79486 -0.150779 -0.16446 -0.581867 -1.42374 0.0133353 0.04572 0.0589368 
2.59217 -0.0871658 2.91942 -0.328286 1.54661 -0.322628 -0.536429 -0.295608 -0.536767 0.0714572 -0.126401 0.07866 
2.77821 0.166162 2.50469 -1.32246 1.87369 -1.27251 -0.507143 0.256034 -0.412585 -0.282956 -0.159507 0.210028 
3.06003 -0.287832 2.65665 -0.692949 1.83676 -0.454936 0.259585 -0.834942 -0.862702 -0.0582422 -0.0717878 0.229121 
2.53861 -0.219084 2.17812 -0.54312 1.52264 -0.638923 0.119802 -0.915756 -0.625403 0.0279501 -0.227386 0.231934 
2.54345 -0.399456 2.57803 -0.185264 0.859159 -0.669742 0.292028 -0.730265 -1.03316 -0.0451329 0.0675634 0.217108 
2.74413 -0.247106 2.09262 -0.574813 0.82318 -1.09902 0.426078 -0.402729 -0.469487 0.0606932 -0.181311 0.1931 
2.46534 0.00677654 2.83486 -1.08426 1.45621 -1.23947 -0.636103 0.481865 -0.445876 -0.42441 -0.0569035 0.223277 
