3.01952 -0.390744 2.32975 -0.102003 1.8446 -0.860529 0.0970601 -0.483472 -0.332229 0.356618 -0.187566 0.187488 
2.84866 -0.0721939 3.43407 -1.10095 1.26292 -0.351491 0.239649 -0.90243 -0.603753 0.292213 -0.109001 0.262419 
2.6225 -0.259066 3.11435 -0.329629 1.73797 0.0533207 -0.73781 -0.685341 -0.420102 0.360608 0.203477 0.147608 
3.00211 -0.0541829 3.12512 -0.512613 1.82665 -0.498162 0.0337088 -0.840379 -0.839698 0.0953818 0.116338 0.271239 
2.65597 -0.470439 2.61292 -0.547544 0.978224 -0.260608 0.990982 0.654269 0.0514176 0.238899 -0.0588417 0.163342 
2.85122 0.152666 2.47755 -0.496117 2.90698 -0.294841 0.234882 0.114019 -0.163791 0.269474 -0.0165703 0.185129 
3.03069 -0.390334 2.14337 -0.454626 1.2206 -0.53965 0.833217 -0.264303 -0.435863 0.374336 -0.149669 0.173814 
3.05967 0.276507 2.98673 -1.45625 1.41953 -0.904428 0.421326 0.302402 -0.480596 0.210424 -0.104509 0.203109 
2.6422 0.00449157 2.9184 -0.977049 1.78167 -0.525745 -0.252617 -0.286185 -0.702357 0.0779468 0.0655908 0.223249 
2.62561 -0.175814 2.62426 -0.238497 1.5608 -1.05174 -0.0608172 0.309694 -0.175211 0.327144 -0.0387963 0.17465 
2.90582 0.0212349 3.07205 -0.247631 2.2011 -0.854708 -0.660994 -0.670321 -0.394214 0.261346 0.0669782 0.217902 
2.7714 0.0597667 3.3224 0.0319669 1.89667 0.126307 0.860741 -0.179586 -0.517393 0.206303 0.141577 0.165503 
3.49673 1.48402 4.32448 1.23497 3.23266 -0.119319 0.0974136 -1.0351 -0.707845 -0.517768 -0.333131 -0.0222823 
4.44256 2.36697 4.25834 2.10084 2.22751 -0.625538 -0.842638 -1.25414 -1.39172 -0.56414 -0.38944 -0.179305 
3.97331 3.1881 4.24837 2.05434 1.28826 -0.266666 -1.37353 -1.10582 -1.45779 -0.742634 -0.364508 -0.171449 
3.97858 2.87401 4.23074 2.24831 1.2466 -0.871461 -1.31728 -0.974793 -1.27187 -0.443988 -0.304899 -0.119186 
4.27656 2.59579 5.16468 0.714182 1.90731 -2.16221 -1.37549 -0.453092 -0.742708 -0.626149 -0.362455 0.00936776 
4.31496 2.73679 5.04624 0.911376 2.06895 -0.954367 -1.62133 -0.79612 -0.798888 -0.289977 -0.277398 -0.0903261 
3.8006 1.90018 4.26911 1.32593 1.78991 -0.110049 -0.641528 -0.2221 -1.0852 -0.227348 -0.103992 -0.129957 
3.63008 1.79767 4.7401 0.587035 2.3746 0.144948 -0.548793 -0.560814 -0.707735 -0.278697 -0.259003 -0.0978994 
3.65664 0.803177 4.40601 0.236241 2.56883 0.425348 0.269202 -0.134187 -0.430568 -0.0818656 -0.296365 0.00868974 
3.57369 0.887063 4.85459 0.307771 2.2823 -0.0731054 -0.084291 -0.665902 -0.513503 0.121809 -0.263918 0.0485627 
3.32228 0.73522 4.08795 0.111764 2.14303 0.385246 0.408184 0.178917 -0.783631 -0.336406 0.0212167 0.047679 
3.39345 -0.14483 3.69532 0.235272 2.41719 1.02962 0.395098 0.462554 -0.276523 0.0622772 0.0856365 0.0496626 
3.59784 0.779571 3.34252 -0.22957 2.04725 -0.661203 -0.716668 -0.377509 -0.0678478 0.201737 0.154999 0.184913 
3.33282 0.791962 4.12151 -0.251118 1.25565 -0.0609428 0.257286 -0.0259609 -0.123426 0.165699 0.144731 0.134914 
4.1932 2.62339 2.70368 -0.257317 0.327429 -0.19102 -0.887748 -1.28914 -1.35439 0.012513 -0.0531289 -0.0267725 
4.90305 3.3256 3.34119 0.504784 0.084666 -0.528734 -1.34924 -1.88184 -1.24919 -0.124582 -0.112891 -0.0125195 
5.63368 3.06461 2.17883 -1.19085 0.309582 -0.277487 -1.63818 -1.64749 -1.42207 -0.513489 -2.18831e-005 0.0202833 
5.01781 3.02575 1.46729 -0.933238 -0.394931 -0.584368 -1.02251 -1.56152 -1.61262 -0.258824 -0.027767 0.0443618 
4.75359 3.07996 1.73168 -0.777252 -0.55909 -0.540854 -0.769248 -1.44921 -1.09618 -0.0093112 -0.00230434 0.0444087 
5.00386 2.62414 2.1198 -0.288126 -0.194107 -0.796799 -0.964418 -1.09904 -0.646008 0.209423 0.0954489 0.0310967 
4.94749 1.73853 3.7653 -1.78165 1.33451 -1.08979 -2.23002 -0.803342 -0.763484 -0.219754 -0.165437 -0.0668698 
4.52593 2.01177 4.16704 0.636898 0.368405 -2.84753 -1.16313 -0.870604 -0.220503 0.11269 -0.228237 0.0753808 
4.34835 1.15703 4.18376 -0.621764 -0.364341 -1.95318 -0.606222 -0.743915 -0.514824 0.752778 0.0557145 0.0823705 
4.26116 1.25753 4.8065 -0.791542 0.514126 -1.7743 -1.41805 -0.381647 -1.00915 -0.192897 -0.151921 -0.0141121 
3.57187 1.07767 3.90793 -0.337863 2.57815 -0.450743 -0.507608 -0.532198 -0.878484 -0.398842 -0.197362 0.0512838 
3.48401 0.738913 3.61275 0.250422 1.53343 -0.533713 -0.169191 -0.292036 -0.132448 0.0861339 -0.205985 0.0235211 
3.43215 0.784908 3.78819 0.132226 1.4435 -1.36366 0.129752 -0.0570924 -0.631481 0.0795511 -0.00897549 0.15432 
3.21339 0.506368 3.47999 -1.14757 2.05464 -0.232702 -0.12432 0.257019 -0.469469 -0.0605993 0.0633872 0.16849 
3.11886 -0.0971454 3.26112 -0.829679 1.43103 -0.508121 0.419766 -0.0409381 -0.613629 0.448861 -0.0253054 0.155106 
2.98141 -0.0252669 2.9515 -0.964992 1.66033 0.130668 0.137324 0.00165227 -0.59939 -0.0469528 0.202322 0.208618 
2.71359 0.16251 2.77398 -1.36747 1.23894 -0.30517 -0.453766 0.592542 -0.869976 -0.299697 0.241981 0.159229 
2.93411 0.0460384 2.85767 -0.820704 1.91653 -0.227404 0.151147 0.116084 -0.701138 -0.0562891 0.0641989 0.183493 
2.7611 -0.176076 2.62191 -0.12115 1.5246 -0.872528 0.0236545 -0.0185215 -0.549643 0.055552 0.109607 0.213602 
2.66507 0.205773 3.51247 -0.625947 1.40345 -0.694744 0.0327473 -0.479151 -0.423698 0.210297 -0.0130255 0.215545 
2.80053 0.14419 2.67863 -1.02716 1.83721 -0.48668 -0.05018 -0.146118 -0.289651 -0.059012 0.053868 0.252868 
2.68225 -0.126549 2.66055 -0.46182 1.36243 -0.998711 0.399055 0.359885 -0.0339466 -0.265692 -0.180341 0.268252 
2.84267 -0.601648 2.8688 -0.789702 1.85158 0.42629 -0.281484 0.015907 -0.986963 -0.279603 0.238626 0.201645 
3.21473 -0.227513 2.7724 -0.621304 1.49457 -0.714556 0.376813 -0.615103 -0.542359 0.115612 -0.0749274 0.293888 
2.90524 0.686943 2.76076 -1.37643 1.61421 -0.836725 0.0744937 0.160123 -0.153128 0.165362 -0.0276477 0.19162 
2.72196 0.120891 2.42706 -0.38371 1.51817 -1.05506 0.0816316 -0.34903 0.0716085 -0.225287 -0.0174094 0.310094 
2.80762 -0.121155 3.57739 -0.801545 1.05991 -0.835532 -0.144118 0.609645 -0.7862 -0.100346 0.20692 0.174103 
2.80114 0.0139123 2.52691 -1.01885 1.39931 -0.194468 -0.443221 -0.706351 -0.150321 0.396923 0.0415576 0.208907 
2.85195 -0.336785 2.43727 -0.185989 1.31275 -0.803833 0.66455 -0.41806 -0.0426262 0.0913105 -0.166691 0.277224 
3.03366 -0.139806 3.36931 -0.497158 1.43475 -0.288259 -0.0328996 -0.759867 -0.369928 0.147189 0.107774 0.275796 
2.77206 -0.392702 2.47669 -0.0232279 1.8571 -0.898839 -0.538274 -0.492711 -0.549585 0.24166 0.0429852 0.203759 
2.96564 -0.239865 2.8423 -0.43812 2.36245 -0.976967 -0.997684 -0.277321 -0.32442 0.474056 0.0783409 0.183534 
2.98443 -0.105892 2.44943 -1.53442 0.86612 -0.228034 -0.310948 0.50927 -0.147177 -0.114491 -0.162768 0.133212 
3.00768 -0.18983 2.85284 -0.930304 1.30984 6.12675e-005 0.0163663 -0.0829612 -0.795791 -0.0144639 0.199899 0.193654 
