2.82798 -0.110396 2.56702 -0.404098 2.27249 -0.556244 -0.991785 0.0495001 -0.47388 -0.315005 0.119943 0.172788 
2.831 -0.0453118 2.48632 -0.782282 1.28476 -0.911366 -0.15169 -0.677964 -0.420583 0.362073 -0.0959603 0.200166 
2.7828 -0.457099 2.46846 -0.917676 2.45914 -0.557001 -0.572721 0.440853 -0.508755 -0.350246 0.0579859 0.25445 
2.72155 -0.195478 3.64501 -1.30314 1.28501 -0.41014 -0.89543 -0.0570998 -0.445284 0.277379 0.161753 0.155136 
2.8583 0.0495533 2.52373 -0.975881 1.9356 -0.452729 -0.056608 -0.578704 -0.692633 0.0278455 0.055266 0.235984 
3.01727 -0.68403 3.19976 -0.821844 1.24578 -0.763236 -0.00629723 -0.181648 -1.1551 0.175866 -0.0199255 0.185582 
2.90801 -0.173261 2.92093 -1.08835 1.32089 -0.72039 0.389768 0.31699 -1.32534 0.224707 0.0553869 0.108306 
2.98442 -0.0854585 2.20938 -0.818958 1.83352 -0.53918 -0.236729 -0.644153 -0.454151 0.397673 0.0373426 0.189063 
2.67015 0.0922992 3.25219 -0.958857 0.867857 -1.08372 0.171389 0.156987 -0.410419 0.028383 0.0836454 0.22524 
2.9244 -0.416288 2.41982 -0.820709 0.678102 -0.976661 0.378124 0.0832336 -0.512306 0.234185 -0.223291 0.157924 
3.284 0.865127 3.16708 -0.496288 2.56368 0.303778 -0.0527754 0.241705 -0.236658 0.0416929 -0.226506 -0.0592739 
3.77387 1.75155 4.20786 1.3331 3.01922 0.0974718 0.361332 -0.602593 -0.888581 -0.313642 -0.324756 -0.0946331 
4.20038 2.93854 4.01408 2.26368 1.83786 -0.817218 -0.738722 -1.03282 -1.39607 -0.694289 -0.376001 -0.155832 
4.28216 2.91892 4.35891 2.2539 1.50786 -0.61001 -1.3572 -0.992219 -1.08796 -0.498274 -0.292211 -0.121414 
4.29728 2.43851 4.10713 1.85328 1.99177 -0.705956 -0.508854 -1.12098 -0.937246 -0.25625 -0.227339 -0.0502587 
4.0241 2.29362 4.74229 1.42436 1.69115 -0.0285716 -0.712775 -0.715564 -1.47207 -0.52818 -0.219519 -0.175589 
4.03554 1.78426 4.97454 0.520964 2.06017 -0.0233867 0.422692 -0.863519 -1.08199 -0.411885 -0.404458 -0.0536934 
3.7841 1.52695 4.71286 1.3672 2.15199 0.533392 -0.153354 -0.646097 -0.467122 -0.428318 -0.292039 -0.0936289 
3.78709 1.64515 3.88248 0.332838 3.01379 0.216932 0.0954906 -0.425682 -1.24245 -0.33514 -0.213341 -0.0669491 
3.65902 0.755732 4.00816 -0.620693 1.83415 -0.874998 -0.109751 -0.0662158 -0.686689 0.231934 -0.0842718 0.118674 
3.48018 0.868948 3.91206 -0.35724 2.22172 -1.08793 -0.0238115 -0.245268 -1.27781 -0.266809 -0.104064 0.112589 
3.1573 0.413825 3.80596 -0.355443 1.80587 -0.156056 0.214617 -0.514889 -0.370859 0.0946567 -0.127349 0.130646 
2.86246 0.209252 3.30306 -0.157948 1.68151 -0.653699 0.558041 -0.664123 -1.01078 0.30173 0.178918 0.160039 
3.51239 0.455176 3.42486 -1.31283 1.01423 -0.938363 -0.739035 0.0481477 -0.0829825 0.714249 0.385268 0.159764 
4.13101 1.58239 3.14159 -1.01249 1.67639 -1.97573 -0.991631 0.212255 -0.219179 0.702164 0.0662238 0.0836204 
4.57604 2.68296 3.63056 0.265948 0.601684 -1.00848 -1.7439 -1.14934 -0.0453924 -0.172441 -0.0701784 0.00250858 
5.06996 2.53385 3.70113 0.385485 0.226545 -0.995052 -0.997105 -0.781121 -1.01178 0.0458348 0.0253346 -0.0390685 
5.64022 1.96112 4.17054 -0.771417 0.535141 -1.88189 -1.91601 -0.991123 -0.326595 0.0867352 -0.230088 -0.00122295 
5.58016 2.45692 4.53537 -1.20482 -0.0522072 -1.56733 -1.11069 -0.83408 -0.639043 0.289818 -0.102179 -0.00777001 
5.23337 2.51487 3.10912 -1.13825 0.0271569 -1.73188 -0.826669 -0.896593 -0.851572 0.418712 0.0288423 0.0213145 
4.54968 1.92477 4.09821 -0.476318 -0.349641 -2.16032 -1.15415 -0.052914 -0.0587377 -0.0619986 0.0200429 0.0527931 
4.58412 1.84891 4.17988 -0.158917 0.397424 -1.52759 -1.32289 -1.27752 -0.813742 0.550584 -0.091056 -0.0544491 
3.93987 1.37214 3.9707 0.00565462 -0.0127795 -1.89339 -0.464309 -0.717499 -0.264218 0.166462 -0.163501 0.0379869 
3.96236 1.07139 3.88301 -2.03815 0.631875 -1.5704 -0.247794 0.574646 -0.53109 0.262921 0.000200183 0.11082 
3.48824 1.04604 3.58538 -0.54665 0.551901 -1.42761 -0.0273036 -0.763598 -0.672712 -0.0591747 0.0839384 0.137568 
3.49522 0.612236 4.0807 -0.530389 1.68074 -0.743313 -0.365938 -0.552044 -0.642899 0.214782 -0.245848 0.0403403 
3.2406 0.591077 4.0544 -1.32657 0.577589 -0.442422 -0.383242 -0.385936 -0.595143 0.225649 0.0761163 0.0674761 
3.46749 -0.0734662 3.06899 -1.37889 1.97966 -0.356688 -0.237141 0.217688 -0.934715 0.337795 0.132202 0.111711 
3.05251 -0.0862534 3.127 -1.51801 1.46022 -0.218402 0.0711718 0.511737 -0.681151 -0.0872368 0.314104 0.207289 
2.90126 0.00218136 2.73199 -0.835317 1.40503 -0.500147 -0.504669 -0.203504 -0.331732 0.0776622 -0.115033 0.122807 
2.93257 0.379116 2.63177 -1.07238 1.13442 -0.56468 -0.295075 -0.185839 0.0681868 -0.219747 0.0290531 0.218913 
2.81115 -0.100099 2.41777 -1.35843 1.72849 -0.486521 0.198734 0.305846 -0.24912 0.0747235 -0.0754824 0.212308 
2.56676 -0.0332854 3.06869 -1.68847 1.70387 -0.403272 0.0410862 0.146681 -1.15301 -0.0629365 0.0801941 0.205977 
2.88459 -0.161333 3.51654 -0.565037 1.17839 -1.00257 0.389049 -0.61549 -1.32087 0.275395 0.150987 0.215709 
2.58022 -0.0868184 2.27947 -1.15535 1.48719 -0.500941 0.0657184 -0.747233 -0.847898 0.3433 -0.00608976 0.238198 
2.80468 -0.349041 3.21187 -0.839364 1.41421 -0.316942 0.257096 -0.263366 -0.722069 -0.167387 -0.099024 0.23546 
2.47326 -0.395483 2.69191 -0.0541625 2.55058 -0.38716 -0.116402 -0.470861 -0.447677 -0.219 -0.0967701 0.251954 
2.81764 -0.0558239 3.5324 -0.878908 1.11917 -0.776406 0.368394 -0.812528 -0.745786 -0.0638156 0.0346182 0.311416 
2.83961 -0.279203 2.93275 -0.69887 1.85832 -0.95144 -0.692293 -0.739351 -0.206658 0.552987 -0.0747528 0.218617 
2.85183 -0.0878652 2.51691 -0.220217 1.52586 -0.369603 0.1583 -0.693553 -0.432121 -0.316467 -0.0235169 0.257736 
2.90182 -0.361416 2.18862 -1.21492 1.31669 0.127704 -0.0395237 -0.0852394 -0.43059 0.31947 -0.0340423 0.122578 
2.77575 -0.0950152 2.81987 -0.939333 1.4175 -0.485843 0.354021 0.180604 -0.603829 -0.226046 -0.0372862 0.20467 
3.12071 -0.157147 2.90293 -0.231524 1.41983 -0.921873 0.361982 -0.939272 -0.775227 0.249911 0.0490466 0.250054 
2.93376 -0.115286 2.96397 -0.555439 0.89025 -0.230571 -0.121356 -0.417912 -0.499583 0.100961 -0.0258967 0.129245 
2.96354 -0.313017 2.19582 -0.910935 1.96854 0.261864 0.381559 0.169785 -0.483884 -0.0832694 -0.00510413 0.168428 
2.57071 -0.0977208 2.87532 -0.590593 2.02591 -0.381927 0.115393 -0.128564 -0.612967 -0.424217 0.197797 0.278402 
2.89782 -0.160069 2.95119 -0.822291 1.63581 -0.612263 -0.31107 -0.300616 -1.0972 0.237786 0.244837 0.175238 
2.88735 -0.0241039 2.65384 -0.989429 1.43324 -0.521378 -0.0382622 0.00109539 -0.19507 -0.576626 -0.157681 0.258294 
2.82515 0.180819 2.43064 -0.437411 1.23995 -1.08018 0.448104 0.10125 -0.706302 -0.130184 0.089637 0.211601 
2.54369 -0.389304 2.91036 -0.889751 1.41503 -0.0147141 -0.569205 -0.292621 -0.498816 -0.0952525 -0.0735217 0.18765 
