2.93268 -0.179653 2.14263 -2.426 1.88099 -0.789024 -0.490808 -0.422857 -0.438701 -0.112168 -0.300667 0.118377 
2.66385 -0.230943 2.43111 -1.28201 0.660033 -1.10895 0.703743 -0.748483 -1.41101 -0.0375635 -0.130755 0.11893 
2.57226 -0.642619 1.94547 -1.25006 0.740479 -1.66516 -1.00526 -1.28458 -0.924649 -0.299264 -0.104775 0.152456 
2.73176 -0.0474949 2.15879 -2.00661 1.67122 -0.792333 -0.559085 0.0150238 -0.70805 -0.380038 -0.0444865 0.118967 
2.47126 -0.0487871 3.02302 -0.952158 0.731263 -1.10162 -0.337288 -0.656284 -0.961563 -0.323751 -0.0860548 0.127155 
2.65595 -0.803315 2.5648 -1.26979 0.648749 -1.29241 -0.82448 -0.542925 -1.21909 -0.26966 -0.146718 0.0683279 
2.95296 -0.570964 2.35469 -0.998854 0.765218 -0.711064 -0.644991 -0.812326 -1.08712 0.0607751 -0.0749105 0.0489605 
2.64396 -0.305355 2.2263 -1.59652 1.20941 -1.36666 -1.15015 -0.703329 -0.751073 -0.141603 -0.211218 0.1255 
2.82606 -0.129463 2.79215 -1.35963 1.48231 -0.501353 0.0516873 -1.05656 -0.893664 0.0926595 -0.0886202 0.124039 
2.6182 0.0434965 2.72502 -0.795772 0.479663 -1.43807 -0.447908 -0.712296 -0.748176 -0.0809565 -0.151793 0.106888 
2.43467 -0.482533 2.19752 -1.18941 0.876111 -0.390382 -0.166535 -0.417843 -0.306794 -0.474348 0.0731365 0.160907 
2.74253 -0.436294 2.66095 -1.13348 1.31633 -0.590294 -0.152366 -0.602486 -0.85564 -0.173861 -0.0168691 0.0928443 
2.69884 -0.344532 2.22828 -1.52606 1.2615 -1.11655 -1.14162 -0.669294 -0.957345 -0.123218 -0.170045 0.0903653 
2.84985 0.267143 2.52853 -0.893918 1.44688 -0.646406 -0.0305625 -0.705417 -1.2289 -0.0917232 -0.120278 -0.0274392 
3.61046 2.20064 3.73781 2.05276 2.44119 -0.269226 -1.32223 -1.04496 -1.23769 -1.11969 -0.257771 -0.17954 
3.98083 3.15457 3.7457 1.99234 1.42235 0.0790742 -1.04215 -1.5734 -1.5306 -0.673246 -0.382525 -0.173419 
4.19271 3.21166 4.01471 2.40652 1.24032 -0.584256 -1.53367 -1.63469 -1.10285 -0.492324 -0.376825 -0.130578 
4.45786 3.28561 4.47598 1.4515 1.51853 -1.26885 -1.75568 -1.63476 -0.689783 -0.0634637 -0.243176 -0.014582 
3.90886 2.67931 3.83701 0.920706 1.67201 -0.330702 -1.61877 -1.46248 -1.35447 -0.44479 -0.265421 -0.14008 
3.98158 2.56538 4.49289 1.9913 1.74311 -0.510625 -1.38464 -1.01025 -0.895964 -0.295976 -0.314435 -0.137014 
4.41278 1.67959 4.15633 0.803019 2.81352 -0.239825 -0.250122 -0.783048 -1.5898 -0.39389 -0.318821 -0.123429 
3.90006 1.43392 4.46648 0.959363 2.50637 0.106664 0.64417 -0.850909 -1.59762 -0.302461 -0.206889 -0.0586776 
3.61892 0.862744 4.57859 -0.61746 1.52522 -0.798232 -0.944421 -0.705563 -0.807819 -0.138291 -0.232679 0.00937483 
3.43091 1.10206 3.69141 -0.528913 1.64302 -0.666421 -0.317541 0.0464134 -0.481175 -0.43524 0.165119 0.140457 
3.42765 0.316992 3.04277 -0.341258 1.49958 -0.502791 -0.459351 -0.615207 -0.940702 -0.17515 0.170315 0.113811 
3.37151 0.267867 3.0477 -0.806629 1.16146 -1.43471 -1.08258 -0.318997 -0.517916 -0.0644902 0.0460998 0.0976132 
3.41005 0.288093 2.92707 -1.67427 0.310426 -1.10055 -0.751783 -0.551296 -0.429394 0.47838 0.349409 0.1337 
4.00218 1.46444 3.6226 -0.873118 -0.615438 -1.89214 -0.0352758 -0.537569 -0.161325 0.25333 0.0422187 0.0884361 
5.21835 2.25787 4.20505 -0.292885 -0.13795 -0.153233 -1.39193 -1.55063 -1.0519 -0.0961914 -0.00821436 -0.030963 
4.93058 3.04356 3.55646 -0.143594 -0.838146 -1.77192 -1.54068 -1.29234 -1.11327 -0.443743 -0.113291 -0.033227 
5.16113 3.30193 2.77801 -0.799603 -0.50386 -1.58547 -1.09101 -1.46038 -1.45195 -0.262543 -0.137099 -0.0101617 
5.94002 2.84142 2.89982 -1.89215 -0.436045 -0.912664 -0.428437 -1.30088 -1.10898 -0.109783 -0.121019 0.0282094 
5.25697 2.60101 3.64122 -1.24058 -0.0105915 -1.5904 -0.778301 -0.29041 -0.502613 0.299377 -0.0179127 -0.0291619 
4.8613 2.40571 3.28348 -0.482686 0.0476971 -2.08666 -1.26468 -0.110671 -0.863136 0.00517409 0.052703 -0.00979878 
4.20556 2.33467 4.31341 -0.24049 0.0949166 -2.01387 -0.698274 -0.55577 -0.70189 0.259183 -0.0939788 -0.0131291 
4.39408 1.2323 3.87046 -0.215843 0.155869 -2.53299 -0.422758 -0.778969 -1.1103 0.286709 -0.0821616 0.057291 
3.98733 1.4727 4.64186 0.116503 0.916395 -1.61877 -1.91641 0.0939561 -0.721902 0.309869 0.0476603 -0.0852073 
3.47724 1.13609 3.70998 0.0980182 1.22853 -1.37878 -0.193887 -0.342022 -0.416827 -0.154938 -0.240419 -0.00131689 
3.68165 0.449619 3.74826 -0.430401 0.952356 -1.18548 -0.325416 -1.64539 -1.51404 -0.291756 -0.0504884 0.134301 
3.35947 0.265987 3.10315 -0.688755 0.563426 -1.71655 -0.347034 -1.63812 -0.601052 0.154047 -0.244616 0.0912673 
2.74284 0.00807747 2.77457 -0.626215 1.61032 -1.05813 -0.411996 -1.11285 -0.281134 0.305964 0.0473026 0.129594 
3.02259 0.00679229 3.24086 -1.41196 1.072 -0.315039 -0.677301 -0.930247 -1.17847 0.00992531 0.0673444 0.0487304 
2.85072 -0.241592 2.45202 -1.60189 1.05213 -1.48765 -0.796189 -0.218989 -0.646488 -0.311626 -0.156088 0.131434 
2.91075 -0.719422 2.665 -1.50342 0.674188 -0.989011 -0.925571 -0.728911 -0.632439 0.0294653 -0.0634679 0.0926935 
2.7109 -0.103194 2.38241 -1.22704 1.17644 -1.60404 -1.13235 -1.16671 -0.56103 -0.131327 -0.0718703 0.159175 
2.99452 -0.354647 2.12842 -1.02587 0.798687 -1.42289 -0.483648 -0.965542 -0.782657 0.08578 -0.131714 0.108542 
2.70892 -0.406176 2.60726 -1.22388 0.952581 -0.344509 -0.167176 -0.525438 -0.995752 -0.133206 -0.10013 0.0269667 
2.99691 0.430422 2.86495 -0.629485 0.782387 -1.46577 0.425286 -0.88857 -0.580956 0.398869 -0.106875 0.108877 
2.95196 0.247193 2.87395 -0.493554 1.02946 -1.05869 0.0728244 -1.24236 -0.760998 0.26272 0.0395521 0.178088 
2.90862 -0.517171 2.20251 -0.726389 1.30143 -1.08383 0.849159 0.12924 -0.602406 0.15645 -0.168143 0.169337 
2.538 -0.260202 2.26014 -1.40209 1.0171 -1.04934 -0.379074 -0.173249 -0.915365 -0.0956835 -0.0495789 0.111724 
2.48449 -0.369851 3.19051 -1.04417 1.8263 -1.39925 -1.26765 -0.947339 -0.995278 0.144406 0.155964 0.156708 
2.613 -0.658732 2.51495 -1.29158 1.15469 -0.694227 -0.22705 -0.419435 -0.96841 -0.261887 -0.0573402 0.14348 
2.69821 -0.419682 2.26841 -1.84916 1.0359 -0.959331 -0.989552 -0.257494 -0.876669 -0.614762 -0.066956 0.12734 
2.53033 -0.291156 2.27061 -1.405 1.07657 -1.38968 -0.0891259 -1.37478 -1.42184 -0.364652 0.0407658 0.244369 
2.66966 -0.498053 3.08744 -0.334439 1.76353 -0.711305 -0.404372 -0.742339 -0.94584 -0.251502 0.0432816 0.153656 
2.68035 -0.252592 2.38242 -1.30133 1.23769 -0.795034 -1.02544 -0.678786 -1.05626 -0.207337 -0.0291581 0.108061 
2.6575 -0.537426 2.46908 -1.86397 0.445294 -1.08457 -0.683938 -1.04708 -1.40935 -0.288985 -0.0937712 0.034794 
2.62907 -0.246248 2.8392 -1.43967 0.761482 -1.29752 -0.0417673 -0.132354 -1.45541 -0.205206 -0.0585073 0.0873575 
2.35004 0.0451126 2.52103 -1.65113 0.838149 -0.572155 -0.518567 -0.962729 -0.820999 -0.283935 -0.155628 0.170455 
