2.82293 -0.138123 2.10089 -0.637667 1.56166 -1.34837 -0.405987 -0.532724 -0.747692 -0.320141 -0.182122 0.152044 
2.73861 -0.475554 2.84089 -0.68267 1.05229 -0.517267 -0.212516 -0.535688 -0.476232 -0.248322 -0.348797 0.10663 
2.76696 -0.228596 2.70915 -1.2081 1.15062 -0.702321 -0.569032 -1.62664 -1.01692 0.178349 -0.0614097 0.153015 
2.74467 -0.151913 2.86952 -1.07386 1.18984 -1.24134 -0.455415 -0.257478 -1.02079 -0.762356 0.0138002 0.200572 
2.80866 -0.23147 2.74099 -0.918958 1.85319 -0.958644 -0.484142 -0.536913 -0.954665 -0.29065 0.12039 0.2474 
2.78157 -0.141656 2.00276 -1.39988 1.31747 -0.569228 -0.623937 -0.0525547 -0.419068 -0.4091 -0.0932949 0.141117 
2.74327 -0.359495 2.54918 -1.22508 0.961866 -0.518322 0.45829 0.140188 -0.740768 0.0870937 -0.202684 0.0342265 
2.70013 0.144214 2.45765 -1.54414 0.865035 -1.32926 0.285393 -0.815388 -1.0391 -0.0360374 -0.0934501 0.172593 
3.02633 -0.457805 2.75118 -1.00616 1.56707 -1.27675 -0.938982 -0.37632 -0.385019 -0.00288406 -0.164956 0.179853 
2.97948 0.153444 2.31596 -1.33842 1.42241 -1.42504 -0.801706 -0.388381 -0.400927 -0.404845 -0.13223 0.201001 
2.86595 -0.289385 3.07299 -1.23928 1.49335 -0.516541 -0.947772 -1.01549 -0.647899 -0.0401827 -0.0537052 0.173603 
3.68635 1.12416 4.6408 1.46225 1.83658 -0.756437 -0.352723 -1.15781 -1.03103 -0.533482 -0.269479 -0.0429031 
4.46223 2.70683 4.35519 0.412802 2.5362 0.580936 -0.657397 -1.5588 -1.04022 -1.03452 -0.420132 -0.105518 
4.32777 3.0475 4.73892 2.55962 1.77232 -0.785792 -1.27835 -1.30564 -1.20374 -0.477531 -0.426638 -0.161052 
4.26827 2.71451 4.62894 2.66448 1.64882 -0.652083 -1.29958 -1.1883 -1.05476 -0.389095 -0.3765 -0.156022 
4.25077 2.58548 5.33888 1.72119 1.79788 -0.488704 -0.758548 -0.880657 -1.4004 -0.197343 -0.315093 -0.170103 
4.30608 2.64056 4.66634 1.08304 2.36765 0.112512 -0.659934 -0.338997 -1.12284 -0.742463 -0.25241 -0.150736 
4.2578 1.71224 4.69682 0.849713 2.50313 -0.0121922 0.0613172 -0.780884 -1.27046 -0.12886 -0.284691 -0.086411 
3.59836 1.59222 4.85067 1.80395 2.58043 0.0251631 0.789633 -0.263519 -0.977485 -0.0197983 -0.242332 -0.10873 
3.58834 1.19437 4.20295 0.794773 2.1951 -0.375563 -0.359086 -0.776015 -0.317808 -0.136756 -0.2819 -0.006223 
3.25745 0.652888 4.12491 0.225029 2.71867 -0.0768942 0.00902591 0.216802 -0.62444 -0.176074 -0.182965 -0.0120416 
3.21521 0.422854 4.17974 0.179763 1.97261 -0.480465 0.490445 -0.317971 -0.651453 -0.282085 -0.0826258 0.15549 
3.39505 0.397579 3.34571 -0.852113 1.61109 -0.902147 -0.247446 -0.436154 -0.767353 -0.248322 -0.142286 0.142945 
2.94624 0.247758 3.94835 -0.731935 1.25123 -1.15054 -0.184457 -0.25898 -1.49104 -0.238206 0.202614 0.0789984 
3.11241 0.803665 2.8822 -0.0950073 0.673796 -0.418405 1.79478 -0.583872 0.166706 0.389859 0.178515 0.207461 
4.14154 1.51196 3.4618 0.771583 1.43325 -1.05724 -0.89939 -0.596874 -1.1383 -0.348648 -0.158602 -0.0980335 
4.79252 2.61048 4.23088 0.854134 0.938791 -1.06312 -0.928133 -1.33516 -0.841903 0.0769649 -0.188225 -0.0594757 
5.3311 2.74141 2.93282 -1.30802 0.0587084 -1.164 -1.18216 -1.23346 -0.677825 -0.0353972 -0.0659374 -0.00252832 
5.54346 2.65774 2.5264 -1.28501 0.676275 -1.53233 -0.220486 -0.45484 -1.66769 0.229783 -0.057373 -0.0257553 
5.49307 2.10246 2.90993 -2.08232 0.458655 -0.687644 -0.313656 -1.05719 -0.963657 0.334653 -0.121124 -0.00801 
5.06155 1.74283 3.19538 -1.39007 0.409452 -1.87338 -0.774882 -0.348624 -0.722751 0.476993 -0.0659058 -0.0298958 
4.6848 1.84249 3.77682 -1.28129 0.255412 -0.968972 -1.00471 -0.400346 -0.287662 0.371767 -0.0557077 -0.0661459 
4.30964 1.38659 3.80301 -1.09309 -0.129946 -2.05252 -1.45893 -0.368498 -0.399255 0.153538 -0.145705 -0.0661436 
3.95856 0.918341 3.87863 -0.477377 0.0528574 -2.75967 -1.09898 -0.438099 -0.0873007 0.0660632 -0.207122 0.124 
3.67441 0.748306 3.88567 -0.955147 -0.380595 -2.45964 -1.30892 -0.821272 -0.608405 0.0205673 -0.0980549 0.0810482 
3.59784 0.884657 3.21501 -1.1049 0.660975 -0.993951 -0.291644 -0.900243 -1.36764 -0.309282 -0.0165644 0.0293688 
3.10113 -0.0168853 3.15989 -0.841348 0.421356 -1.87431 -0.905951 -0.229002 -0.630098 -0.102669 -0.105384 0.0153885 
3.43994 -0.134252 3.75849 -1.3394 0.727166 -0.915963 -1.54551 -0.66021 -0.820478 -0.305772 -0.0670965 0.0445546 
3.0844 0.22156 2.70459 -1.31052 1.07254 -1.2242 -0.789747 -0.273206 -0.646609 0.318951 0.0330516 0.104366 
2.98799 -0.0828822 2.08835 -0.647969 1.27308 -0.521939 -0.0779937 -1.06719 -0.353703 -0.442534 -0.199021 0.183627 
2.58979 -0.48051 2.21806 -1.15462 1.80599 -0.440314 -0.103682 -0.558398 -0.6898 0.183405 -0.190011 0.100469 
2.83763 -0.364203 2.16167 -0.927609 2.16089 -1.22664 -0.656041 -0.573525 -0.695289 -0.35163 -0.0838592 0.294732 
2.65511 -0.237733 2.91206 -0.705438 1.82292 -1.23397 -0.297098 -0.487699 -1.27045 0.204206 0.0997973 0.177569 
2.84238 -0.273356 2.62596 -0.70348 1.44035 -0.718586 -0.00595589 -1.49398 -1.02519 -0.0935332 -0.0734364 0.232297 
2.54597 -0.31303 2.99982 -0.644278 1.98853 -0.428036 -0.383434 0.18926 -0.424789 -0.0825832 0.0573756 0.158424 
2.63305 0.0304381 2.90062 -1.12549 1.87412 -0.900397 -0.621313 -0.830361 -0.827646 -0.0261944 0.223443 0.271196 
2.61435 0.0846162 3.42503 -0.963906 1.20989 -0.607199 -0.240362 -0.492441 -0.973753 -0.213632 0.224948 0.176858 
3.04584 -0.227175 3.05605 -1.23076 1.36873 -1.33043 -0.0598723 -0.26477 -1.22732 -0.293591 -0.0978969 0.238791 
2.76202 -0.596029 2.72008 -0.364277 1.61161 -0.74176 -0.634693 0.0851826 -0.315944 -0.0196029 -0.142836 0.0985691 
2.74426 -0.554228 1.92927 -0.625024 1.88872 -0.895018 -0.888175 -1.20516 -0.866421 0.591181 -0.0545483 0.114441 
2.44039 -0.253572 2.43764 -1.37075 1.63 -0.783211 -0.586593 -0.731112 -0.926007 0.0691455 -0.143859 0.142214 
2.60757 -0.139328 2.64146 -0.91239 1.41205 -1.18284 0.0535483 -1.05076 -1.09299 -0.0216902 -0.0164014 0.248235 
2.63074 -0.337085 2.33259 -1.24909 1.28773 -0.719416 -0.180105 -0.506156 -1.04211 0.0487136 -0.0614406 0.124493 
2.65712 -0.511262 2.28564 -0.965264 1.12155 -0.448953 -0.506636 -0.458157 -1.24638 -0.312463 0.201899 0.184426 
2.83734 -0.435222 2.13448 -1.53165 1.38749 -0.378165 -0.661404 -1.26482 -0.686706 0.00611605 -0.213562 0.129506 
2.82846 -0.553643 2.97375 -1.23018 1.03933 -0.207384 -0.168359 -0.731746 -1.07237 -0.166436 0.0167073 0.230046 
3.00344 -0.189551 2.56054 -0.779487 1.41206 -1.10713 0.206632 -0.54568 -0.814795 0.134862 -0.169485 0.173943 
2.76368 -0.343271 2.51561 -0.56235 0.680174 -0.937964 -0.448319 -1.18591 -0.928759 0.0738348 0.13849 0.117547 
2.5179 -0.134942 2.47123 -0.41624 0.931047 -0.916 -0.258021 -0.74737 -0.846224 0.104243 -0.00930805 0.0795815 
2.57406 0.0887893 2.70396 -1.26517 1.22829 -1.15553 -0.829591 -0.315347 -0.555829 -0.0903468 -0.0808357 0.169154 
