3.03258 -0.103872 2.87972 -0.223935 1.95214 -0.0346528 0.271803 -0.326282 -0.424313 0.440366 -0.154036 0.0896207 
3.1254 0.092927 3.66876 0.072335 2.41279 -0.229721 0.413502 -0.763382 -1.03834 0.657869 -0.0214503 0.105238 
2.89024 0.516939 3.1572 0.189897 2.69994 0.0824915 0.296842 0.246267 -0.339285 0.0283939 0.00338637 0.101702 
2.96532 -0.0332272 3.10211 0.179847 2.28751 0.0902804 0.667049 0.0107906 -0.754787 -0.30109 -0.0218084 0.184461 
2.83782 -0.0533181 3.25667 -0.212836 1.72153 0.119713 1.05215 -0.301927 -0.590956 0.283836 -0.140703 0.144905 
2.79657 -0.130504 3.13835 -0.163155 2.54955 0.770248 0.709792 0.348475 -0.753631 0.240183 -0.0346345 0.0588416 
2.8388 0.29162 3.21067 -0.692419 1.80331 -0.548488 0.462442 -0.24151 -0.568717 -0.131392 -0.0679124 0.237372 
2.83603 0.508945 3.19418 0.0266791 2.19728 0.0470367 0.625825 0.165947 -0.384443 -0.589793 0.0160675 0.190647 
2.67291 -0.0338138 3.29489 0.44986 2.0783 -0.439525 0.105811 -0.626106 -0.0908511 0.546451 -0.00438676 0.148713 
3.01059 0.529258 3.27712 -0.156321 1.74801 -0.921846 -0.124676 -0.45823 -0.873431 0.267588 0.0322574 0.136491 
3.63521 1.42493 3.00736 0.917613 3.23628 0.56161 0.624047 -0.399832 -0.435815 -0.955753 -0.0902798 0.102626 
4.41984 1.98931 5.86504 1.68473 2.70538 -0.58048 -0.86759 -1.05479 -1.75746 -0.280351 -0.535772 -0.271348 
4.74942 3.35728 4.6846 2.62488 1.4209 -0.827108 -1.72975 -1.55745 -1.2278 -0.43383 -0.365771 -0.130695 
4.2782 3.73965 4.31702 2.26027 0.695725 -0.863856 -1.73032 -1.28053 -0.933533 -0.43245 -0.258287 -0.0505521 
4.07108 3.54541 4.30192 2.546 0.907089 -0.621133 -1.17999 -0.903089 -0.654487 -0.111299 -0.239237 -0.0395941 
4.48923 3.17427 4.87641 1.99149 1.03393 -0.359558 -1.04315 -0.535506 -0.966131 -0.559677 -0.219703 -0.109018 
4.14784 2.51219 4.39038 2.23461 1.08937 -0.912705 -1.06931 -1.07872 -1.29693 -0.188745 -0.269185 -0.128562 
4.51693 2.01865 4.62623 1.04958 1.94735 -0.118001 -0.33778 -0.66293 -0.761081 -0.601733 -0.382054 -0.111803 
4.60579 1.87586 4.48036 1.22578 1.48096 -0.536188 -0.100971 -1.36608 -0.593821 -0.0778922 -0.307083 -0.00160382 
3.96432 1.7765 5.02833 -0.365101 2.34203 0.0367352 -0.737542 -0.411246 -1.14096 -0.720178 -0.100895 0.0136891 
4.28956 1.46479 4.46851 0.815302 1.6573 -0.469432 -0.103526 -1.77568 -0.9361 -0.0513775 -0.2976 0.0505266 
3.66872 0.84411 3.85823 0.673711 2.48748 -0.772768 -0.54402 -0.391388 -1.23459 0.0197417 0.184199 0.107794 
3.51974 0.808491 3.93684 0.355998 2.2831 -0.96767 0.359402 -0.905594 -1.06969 0.20406 -0.038282 0.194371 
3.55529 0.9468 3.97723 0.309416 0.698174 -0.860764 -0.246232 -0.27997 -0.419561 0.176332 0.135172 0.120482 
3.77494 1.18912 3.54323 -0.622543 1.73095 -0.406008 -0.14327 0.261169 -0.0563309 0.4523 0.0806496 0.0951807 
4.83179 1.99249 4.79644 0.35546 0.816588 -0.644965 -0.889895 -1.23101 -0.83532 0.487623 -0.120795 -0.0916223 
4.78233 2.91657 4.65478 0.829485 1.10113 -2.07038 -1.08332 -1.22143 -1.02121 -0.0438436 -0.256134 -0.0103519 
5.14273 2.84831 4.63984 0.0776101 0.927132 -1.77858 -1.58474 -1.26411 -1.12114 -0.271381 -0.234837 -0.0300317 
5.03492 3.00856 4.04491 0.168681 0.204404 -1.60462 -1.81025 -0.974812 -1.05995 -0.0987535 -0.015803 -0.0279306 
5.08703 2.82006 4.3128 0.477123 0.148901 -2.1442 -1.59247 -0.66456 -0.397967 -0.234586 -0.0621865 0.0269064 
4.77732 2.55689 4.30594 0.0969959 1.01883 -0.787133 -0.843505 -1.48811 -0.920452 -0.135878 -0.292246 -0.0557158 
4.57318 2.67666 4.39989 0.284689 0.820109 -2.23109 -1.52564 -1.20335 -0.558223 0.159181 -0.199081 0.0280582 
4.38992 1.85173 4.46677 0.342888 0.978249 -1.61204 -0.959741 -0.876434 -0.446594 0.119114 -0.263599 0.000436033 
4.14178 1.2073 4.10265 0.886514 0.979005 -1.69981 -0.751393 0.10528 -0.404757 0.104556 -0.0394767 0.0279923 
3.76074 1.22051 4.51121 0.0157958 1.1128 -0.841144 -0.55636 -0.089607 -0.154767 0.266819 -0.0869136 0.0379365 
3.74876 1.39832 4.33356 -0.235343 1.09024 -0.638792 -0.196875 -0.151185 -0.185006 0.0113607 0.0119159 0.10669 
3.31288 1.02426 3.9415 0.605137 2.46951 -0.682065 0.616892 0.113654 -0.408441 0.462774 -0.00753771 0.105662 
3.52799 0.912415 4.04417 -0.361008 1.51433 -0.579463 -0.0503097 -0.331429 -0.642976 -0.0315705 0.0956419 0.176906 
3.39503 0.377501 3.76001 -0.774348 1.79305 -0.138315 0.00692033 -0.236962 -0.562389 -0.0636894 -0.0670679 0.17996 
3.35045 0.392011 3.5984 -0.64435 2.39529 0.373146 0.356624 0.0835305 -0.1751 0.0650167 -0.182898 0.136198 
3.33688 0.543086 3.32927 0.461308 1.91083 -0.789959 -0.0188824 -0.695495 -0.439929 -0.0205877 0.114552 0.228436 
3.26922 0.839465 3.96408 -0.751451 1.76385 -0.151434 0.20741 -0.312196 -0.768219 -0.16896 0.198669 0.227611 
3.21182 0.479925 3.74857 0.0821294 2.75929 -0.301612 -0.840988 -0.799055 -0.462245 0.625846 0.124349 0.10416 
2.97811 0.190487 3.56582 -0.944015 0.64308 -0.453828 0.126054 0.167068 -0.343025 -0.204286 0.148432 0.225126 
2.72508 -0.0755309 2.6429 -0.567355 1.23365 -0.393624 1.00449 -0.303491 -0.435306 0.308937 -0.000855428 0.218467 
2.92727 0.155765 3.45446 0.0914226 2.6799 0.104288 0.465744 1.00176 -0.22872 0.560778 0.332453 0.10239 
3.26094 0.590001 3.70818 -0.383387 2.26775 -0.483835 -0.307279 -0.326285 -1.20957 -0.0381127 0.215797 0.164155 
3.13907 0.410924 3.06799 0.278811 2.64909 -0.530285 0.517129 -0.0282978 -0.556708 0.219139 -0.109075 0.12564 
2.89606 0.217334 2.92712 -1.63462 1.84826 -0.43332 -0.534401 0.503297 -0.520809 -0.407419 -0.151193 0.163077 
3.00706 0.725102 4.1648 -0.892358 1.56594 -0.11493 0.0803506 -0.993941 -0.906997 0.446751 -0.0100519 0.156419 
3.02214 0.579087 3.16359 -0.25571 2.69006 0.0498333 0.351824 0.150302 -0.232112 0.0953241 0.137247 0.174168 
2.84296 0.0829051 3.16261 -0.0904456 2.15914 0.0877163 0.834708 -0.391719 -0.372435 -0.0944634 -0.175015 0.207079 
2.97111 0.266347 2.59133 -0.572909 2.42544 -0.0422688 -0.665368 -0.788342 -0.334794 0.0871884 0.15781 0.206737 
2.8538 0.196363 2.83973 -0.661465 1.87735 -0.383214 0.259311 -0.125768 -0.686372 0.109252 0.170346 0.210729 
2.93254 0.225966 2.81954 -0.0271816 1.96445 -0.645352 -0.0654854 -0.261886 -0.577619 0.356968 -0.00369293 0.120726 
3.20573 0.480655 3.4024 -0.577299 2.11637 -0.962264 -0.149921 -0.675799 -0.770917 0.0211349 -0.0457608 0.253288 
3.24909 -0.34716 3.19188 -0.649136 1.88764 0.0897739 -0.793357 -0.304192 -0.838476 0.160164 0.154914 0.104832 
3.12229 0.168801 3.05586 -0.525113 1.67074 -0.742004 0.240492 -0.216349 -0.724536 0.0450433 -0.118222 0.178281 
2.73311 0.0267265 2.98876 -0.820496 1.80697 0.0111957 -0.119159 -0.766591 -1.12369 0.0929309 0.215054 0.20836 
2.82644 -0.113654 2.75281 -0.295211 1.41793 -0.417378 0.101202 -0.0754768 -0.37099 0.2875 0.0308704 0.154396 
