2.60942 -0.283018 1.93046 -1.83492 -0.0835538 -1.17922 -0.220208 -1.20577 -0.389879 -0.30469 -0.332368 0.156985 
2.57439 -0.180143 1.89385 -1.27278 0.855896 -0.739459 -0.23941 -1.19381 -0.515407 -0.434404 -0.134717 0.222669 
2.6034 0.17753 2.43128 -0.419808 1.33302 -2.13845 -0.632906 -0.782925 -0.533324 0.0516475 -0.061999 0.198509 
2.90785 0.00164329 1.89225 -0.63755 1.11443 -1.55593 -0.533796 -0.743635 -0.831565 -0.605518 -0.0492378 0.196447 
2.77806 -0.427884 1.84186 -1.58676 1.03747 -0.893915 -0.679772 -0.711708 -0.556718 -0.0675532 -0.29264 0.146221 
2.71869 -0.377917 2.46194 -1.20791 1.59248 -0.898255 -0.20832 -0.984943 -1.0564 0.0213263 0.00379373 0.202336 
2.75031 -0.029537 2.51178 -0.896301 1.69979 -0.844509 -1.65774 -1.09995 -0.233032 -0.184454 0.0351858 0.131878 
2.88007 -0.509632 2.38608 -1.5411 1.34914 -1.27733 -0.915923 -0.795784 -1.42597 0.062234 -0.146474 0.0457782 
2.68526 -0.554731 2.68647 -1.05434 1.82642 -0.698166 -1.26226 -0.578185 -0.799173 -0.502748 0.0473497 0.214922 
2.62007 -0.226184 2.27522 -0.997157 1.95285 -1.08335 -0.610028 -0.336053 -1.20499 -0.0753223 -0.0464992 0.0910062 
2.74704 -0.520196 2.65901 -0.961663 1.44809 -0.530374 -1.30506 -1.51854 -1.07549 0.205326 0.231932 0.12033 
2.81805 -0.768343 2.66944 -1.39687 0.661498 -0.607256 -0.750034 -0.953325 -0.915213 -0.157111 -0.127982 0.0768279 
2.73978 0.00449764 2.56011 -1.48398 1.47738 -1.29144 -0.703332 -1.04736 -1.03716 -0.283451 0.0134928 0.213161 
2.62561 -0.487949 2.80914 -2.18315 1.37697 -0.3854 -0.38917 -0.690003 -1.38528 -0.324523 0.0237989 0.17184 
2.86811 -0.492848 2.61063 -1.79905 0.71565 -0.731719 0.498149 -0.7036 -1.13582 -0.0798473 -0.0732749 0.193825 
2.91285 -0.397154 2.78086 -1.90092 0.529264 -0.224277 -0.196202 -0.0910587 -0.833098 -0.326645 0.0104475 0.115168 
3.52057 0.495137 3.23879 -0.703845 1.49562 -0.673666 -0.0918671 -0.829332 -0.598573 -0.010959 -0.196836 0.0931959 
3.83369 1.51954 4.98494 1.55363 2.82377 -0.0504608 -0.579171 -1.05288 -0.79126 -0.83311 -0.417903 -0.0816385 
4.25656 3.10609 5.24352 1.4608 1.52965 0.261748 -1.08706 -1.49757 -1.30819 -0.574647 -0.426535 -0.179391 
4.22404 3.54802 4.99557 1.97998 2.14682 -0.402552 -1.38264 -1.63344 -0.87235 -0.37097 -0.441052 -0.119408 
4.11514 2.80011 4.06716 2.0453 0.972459 -0.256034 -0.814374 -0.768177 -0.737451 -0.410209 -0.127999 -0.0430142 
3.64902 2.74524 3.84194 1.84181 1.88275 -0.288838 -0.726727 -0.654599 -0.814525 -0.325733 -0.095858 -0.0391384 
4.1126 1.98283 4.40369 1.83325 1.74082 -0.586028 0.0797032 -0.850987 -1.06436 -0.446095 -0.257989 -0.0847951 
3.85711 1.55791 4.33525 1.77777 2.53357 -0.740693 -0.405467 -0.639071 -0.869698 -0.585419 -0.247748 -0.0341138 
4.00451 1.15064 4.67147 0.941272 2.65501 -0.100158 0.301572 -0.499255 -1.11517 -0.48607 -0.296437 -0.0010352 
3.42303 1.20322 4.36766 0.235 3.1909 -0.417188 -0.352083 -0.2035 -0.843906 -0.695344 -0.206868 0.0281988 
3.78178 0.829899 3.54897 -0.0707876 2.37383 0.263767 -0.2915 -0.448809 -0.775965 -0.603903 0.0239869 0.113144 
3.15304 0.967447 3.34418 0.199815 2.35038 -1.1188 0.0924696 -0.283668 -0.640862 0.0764311 0.0556692 0.131451 
3.14203 0.163799 3.73715 -0.351101 1.40529 -0.0375359 0.512524 0.574395 -0.422569 -0.468604 0.00221488 0.0988987 
3.19886 0.21467 3.03283 -1.13972 1.81026 -0.214853 -0.548819 0.0434247 0.0711576 -0.288642 -0.328938 0.0257607 
3.30699 0.270213 2.79919 -0.541464 1.77095 -0.60127 -0.43308 -1.54834 -0.594129 -0.147395 0.0178707 0.22076 
3.5995 2.15071 2.78809 0.596194 0.760134 0.0137141 -0.636389 -1.21869 -1.25804 -0.712487 -0.0439582 -0.0538958 
4.00171 3.00183 3.68821 1.41419 0.151254 -1.32917 -1.55639 -1.30586 -0.953849 -0.148872 -0.166116 -0.0296982 
4.3773 2.70145 2.77359 0.866011 0.426066 -1.33863 -1.80015 -0.888819 -1.13101 -0.578558 -0.13897 -0.0511251 
4.6198 2.92788 3.32945 0.232486 -0.38402 -2.39094 -2.25435 -1.09739 -0.63679 -0.621027 -0.085243 0.0114353 
4.85357 3.05679 3.20455 -0.0623981 -0.395697 -1.5134 -1.2488 -0.829436 -0.497334 -0.0519054 0.0249259 0.017168 
5.23955 1.92878 3.88931 -0.751499 0.101906 -1.62922 -0.769435 -0.492316 -0.243168 0.471935 -0.0658124 -0.0126615 
4.48998 1.89229 3.62402 -0.292396 0.709933 -2.50017 -0.92061 -1.18255 0.116324 0.647452 -0.315289 0.0351358 
4.32962 1.75132 4.15839 -0.243224 0.199686 -2.47992 -0.983434 -0.296597 -1.05628 -0.13834 -0.0907148 -0.00692653 
3.81903 1.15706 3.8337 -0.765023 0.583117 -1.83038 -0.953664 0.0795213 -1.06461 0.24221 0.0735144 -0.0458173 
3.74925 0.931283 3.25045 0.562848 0.898252 -0.836644 -0.73093 -0.559327 -0.137036 0.316162 0.000128069 0.00871244 
3.28375 0.414646 3.22139 0.0413574 1.14852 -1.12565 -0.245484 -0.137933 -0.494741 -0.466505 -0.111604 0.0488316 
3.28097 0.541322 3.48266 -0.366747 1.13416 -1.23753 0.0338807 -0.41812 -0.908064 -0.298972 -0.00939549 0.0702593 
3.11069 0.0234984 3.12784 -1.25455 1.70744 -0.727339 -0.751492 -0.231625 -0.685606 -0.15239 -0.271133 -0.00759366 
2.9508 0.0565613 2.51606 -0.46928 1.93477 -0.278685 -0.337428 -0.525448 -0.317691 -0.269142 -0.174244 0.0626416 
2.93958 -0.144679 3.08999 -0.289812 1.54618 -0.686587 -0.400069 -0.264249 -0.489556 0.0723632 -0.144052 0.0533915 
2.97636 0.29695 3.33511 -0.63488 1.68299 -0.701889 -0.200254 -0.559842 -0.441674 -0.169955 0.0417904 0.175783 
3.30085 -0.354711 2.64151 -1.58409 0.796922 -0.825548 -0.351414 -0.27345 -0.534961 0.32903 -0.337687 -0.00709218 
2.93126 -0.347035 2.52938 -0.129903 2.11211 -0.490466 -0.0338324 0.126423 -0.49639 -0.290316 -0.0817235 0.101229 
2.78061 -0.0672454 2.58317 -1.72663 1.4415 -0.576342 -0.31994 -0.873678 -0.942632 -0.165753 -0.153522 0.131481 
2.89126 -0.384979 3.05215 -1.5127 0.50148 -0.871433 -0.371865 -0.420937 -0.806545 -0.184502 -0.011655 0.158485 
2.73593 0.122089 1.94658 -1.55676 1.0249 -0.532341 -0.115601 -0.519713 0.0269797 -0.347796 -0.275779 0.141765 
2.9197 0.148909 2.22165 -0.720548 1.43586 -0.408654 -1.01234 -0.476597 -0.380217 -0.493526 -0.116084 -0.00425038 
2.61669 -0.397818 2.43489 -1.33057 1.11262 -1.06418 -0.75543 -0.291858 -1.00234 -0.260633 -0.0505299 0.118302 
2.82998 -0.218291 2.87542 -0.970655 0.438156 -1.14632 -0.521534 -0.605559 -0.898597 0.163706 0.077544 0.0777257 
2.58326 -0.397521 2.14057 -1.4881 0.37057 -0.748932 0.190808 -0.063275 -0.405296 -0.59442 -0.139777 0.155177 
2.6283 -0.249127 2.47584 -0.940065 1.353 -1.37156 -0.550919 -1.16004 -0.438514 -0.0055004 -0.277063 0.15305 
2.54238 -0.530597 1.96388 -1.15375 0.886449 -1.58633 -1.43012 -1.42344 -0.773823 -0.145691 -0.0918646 0.096613 
2.87617 -0.520444 2.28064 -0.986976 1.79165 -1.43566 -0.700169 -0.649278 -0.723889 -0.193146 -0.129377 0.213771 
2.5316 -0.671742 1.43068 -1.61375 0.723411 -1.53465 -0.133754 -0.594546 -0.943164 -0.0385577 -0.235504 0.0886957 
