2.60415 -0.216609 3.20563 -0.821416 2.00448 -0.390834 -0.0445555 -0.215198 -0.531456 0.214643 0.0476537 0.137241 
2.72048 -0.00188136 2.50565 -0.957611 1.27703 -0.106707 -0.0117239 -1.71268 -0.627175 -0.101785 -0.052746 0.260233 
2.65903 -0.136334 2.21595 -1.21875 1.77104 -0.508476 -0.694681 -0.719863 -0.594847 0.213514 0.080644 0.150647 
2.89516 -0.209743 1.93838 -0.682864 1.86259 -0.425426 -0.0683328 -0.243323 -0.791236 0.105467 -0.0467955 0.0884268 
2.4522 -0.0516054 2.64871 -1.45042 1.18114 -0.707487 0.0489807 0.512079 -0.330134 -0.0563315 -0.152677 0.114313 
2.91745 -0.356459 2.23253 -0.796695 1.33211 -1.50149 -0.0478099 -0.246171 -1.00838 0.0494188 -0.100585 0.191422 
2.71053 -0.264875 2.86568 -1.01715 1.4854 -0.554901 0.416032 -0.991977 -1.22108 0.14178 0.0285993 0.225477 
2.78271 -0.382087 1.93997 -1.16453 2.09341 -0.113546 -0.12445 -0.795772 -0.931115 0.0369923 -0.15744 0.172667 
2.74745 -0.386371 2.4037 -1.04138 1.0601 -0.897149 -0.255755 -0.516884 -0.718826 -0.350667 -0.121386 0.228651 
2.46929 0.354407 3.36806 -0.99387 1.02584 -0.854429 0.0674597 -0.763221 -0.176809 0.0435555 -0.209281 0.19779 
3.07689 -0.30207 2.19433 -0.921208 1.37054 -1.15966 -0.0441476 -0.0732734 -0.579446 -0.153059 -0.145517 0.210036 
2.80597 0.305163 2.68046 -1.92262 1.6293 -0.499541 -0.951384 -0.354085 -0.194495 -0.0860179 -0.0844199 0.152616 
2.76617 -0.230135 2.39636 -0.949664 2.16663 -1.16134 -0.945013 -0.344905 -0.568934 0.0473008 -0.101347 0.148976 
2.72093 -0.181823 1.99499 -0.669924 1.27968 -0.3595 0.495502 -0.495696 -0.732436 0.156639 -0.114511 0.0939168 
3.05234 -0.409997 2.16625 -0.92814 1.72511 -0.474302 -0.184702 -0.513937 -1.02741 0.0684424 -0.0471692 0.14797 
2.7636 -0.433698 3.06882 -1.27221 0.822961 -0.73813 -0.797398 -0.0310436 -0.852264 0.078037 0.0586789 0.100958 
3.21925 0.605587 3.51641 0.245389 1.4102 -0.00781444 0.765577 -1.19992 -0.749147 -0.354721 -0.246742 0.0322142 
4.27026 1.61248 4.82869 0.963018 2.64699 -0.152079 -0.868901 -1.52638 -1.96005 -0.843526 -0.415619 -0.174318 
3.84175 3.21454 4.39496 2.42455 1.30481 -0.0939627 -1.20247 -1.55693 -1.22159 -0.678133 -0.454003 -0.179368 
3.90758 3.39942 4.1076 2.54647 1.33683 -0.424943 -1.18862 -1.15113 -1.05296 -0.607812 -0.360154 -0.130188 
4.29954 3.17061 4.5437 1.79423 1.23269 -0.844761 -1.63238 -0.990834 -0.817402 -0.365095 -0.22347 -0.0618991 
4.32459 1.91354 5.13639 2.04311 1.47859 -0.63518 -0.320237 -1.29562 -0.831543 -0.295948 -0.384974 -0.0828678 
4.05747 2.54632 5.00179 1.1116 2.88326 -0.349448 -1.14339 -0.627688 -0.822077 -0.469758 -0.348892 -0.137835 
3.90933 2.38324 4.62063 1.42865 2.32457 -0.157709 -0.302391 -0.254312 -1.08477 -0.39932 -0.221577 -0.130587 
3.87525 1.53081 4.48446 1.23096 2.77197 0.58288 0.650197 -0.252292 -0.705765 -0.286454 -0.257273 -0.062249 
3.74808 1.19 3.81814 0.972995 2.85078 -0.127002 -0.626682 -0.391507 -0.847398 -0.314066 -0.00630301 -0.00574761 
3.30513 1.00467 3.60067 0.499396 2.61461 -0.193496 0.579119 -0.316471 0.133088 -0.283956 -0.201391 0.14312 
3.32617 0.426103 4.49357 0.393952 2.2044 -0.0677057 0.957968 -0.756729 -0.866703 0.155405 -0.120638 0.142534 
3.35029 0.75457 3.36151 -0.562064 2.0613 0.153167 1.24338 -0.243868 -0.730359 0.10615 -0.0800564 0.133658 
3.18968 0.458756 3.05597 -0.485326 2.16596 -0.680243 0.0467193 0.331801 -0.404575 0.0918483 0.126169 0.127548 
3.09813 0.356833 3.99968 1.0997 1.44749 -0.85624 -0.190843 -1.06519 -0.835269 0.189618 0.185834 0.0935598 
3.89667 0.984399 3.4143 0.322443 2.36712 0.334417 0.555474 -0.552429 -0.587057 -0.373382 -0.137803 0.0970088 
4.11074 3.05685 3.82218 1.49802 1.04712 -0.939322 -1.89599 -0.534889 0.0457705 0.150041 -0.115426 -0.0274548 
4.43858 2.94231 3.23425 0.0737275 -0.150169 -0.968837 -1.68912 -1.29735 -1.17824 -0.0942529 -0.0694443 -0.0302225 
5.43947 2.38496 3.77386 -0.657781 0.135521 -0.888056 -0.731817 -1.1446 -1.45305 0.276701 0.054863 -0.0454435 
5.15347 2.62966 2.46914 -0.349747 0.80659 -1.30396 -1.58601 -1.01137 -1.5365 0.259967 0.11866 -0.00243565 
4.62103 2.66567 3.27699 0.158175 -0.275743 -1.6029 -0.865027 -0.811884 -0.825808 0.276308 0.00933411 -0.0238924 
4.47598 1.91931 3.51655 -0.152582 0.62055 -1.44954 -1.1428 -1.21543 -0.989454 0.0191508 -0.161744 -0.0522441 
4.35711 1.90913 3.65735 -0.259396 0.369711 -2.5271 -1.04095 -0.662603 -1.09124 -0.183329 -0.211652 -0.0311414 
4.07104 1.24261 4.40722 -0.792375 -0.0216882 -1.78235 -0.624561 -0.805563 -0.822337 0.258716 -0.163618 0.0163033 
3.79919 1.02135 4.08494 -0.660967 0.633702 -1.76604 -0.805033 -0.135375 -0.293227 -0.0500016 -0.0597654 0.131632 
3.82014 0.41932 3.67922 -0.607421 0.652641 -0.730306 0.213262 -0.537557 -1.04192 -0.463181 -0.188374 0.0603015 
3.52117 0.335297 3.50259 -0.510863 0.917908 -1.23626 -0.637925 -0.546107 -1.00142 0.201222 -0.0827038 -0.00338812 
3.24304 0.550347 4.11368 -0.789023 1.07832 -0.685516 0.0144812 -0.0477752 -0.516558 0.355939 0.0922213 0.0939478 
3.20817 0.0861258 3.53706 -0.388581 1.25782 -0.615326 -0.475762 -0.846135 -0.596478 0.353927 0.0290373 0.0496212 
3.2467 0.549354 2.91937 -0.189337 2.18321 -1.47008 -0.500529 -0.602933 -0.583795 -0.0182345 0.0414018 0.185883 
2.93071 0.205058 2.56261 -1.02193 1.21187 -0.639189 0.020623 -0.0601936 -1.01434 0.156292 0.0506362 0.0582057 
2.78381 -0.226151 2.53325 -1.07957 1.56891 -0.854114 0.371168 -0.136919 -0.740679 0.35067 -0.133618 0.104489 
2.68766 -0.212656 2.47673 -0.358563 1.19591 -0.69431 0.49912 -0.990811 -0.516096 0.00297535 0.0198903 0.208204 
2.99541 0.136952 3.05572 -0.878802 1.90179 -1.00279 -0.449696 -0.551776 -0.866708 0.211939 -0.0403127 0.145218 
2.9664 -0.209977 2.54245 -0.365239 1.77062 -0.178045 0.725157 -0.481605 -0.872331 0.456695 0.0470602 0.0929132 
2.88305 -0.285902 3.03084 -0.868433 0.973695 -0.343254 0.574836 -0.319283 -1.13811 -0.355996 0.0509892 0.212571 
3.04835 -0.0838609 2.51167 -1.46746 1.26795 -0.419596 -0.358609 -0.806664 -0.345713 -0.481988 -0.122773 0.290398 
2.97328 -0.0928863 2.11939 -1.15084 1.74134 -0.461541 -0.466951 -0.327634 -0.533368 0.123603 -0.0205027 0.123451 
2.84902 -0.00707233 2.38318 -1.26505 1.13045 -0.803238 -0.184352 -0.390314 -0.981764 0.0806683 -0.102997 0.128264 
2.72451 -0.0608425 2.33795 -0.704585 1.45829 -0.511819 0.0279457 -0.752306 -0.308183 -0.0013506 -0.109485 0.201006 
2.9788 -0.338879 2.50746 -1.07097 0.798872 -0.358535 -0.438288 -0.313291 0.0382178 -0.603709 -0.0603642 0.290666 
2.649 -0.161597 2.69718 -1.09976 1.77233 -0.360373 -0.267143 -0.272245 -0.307242 0.143528 -0.0594276 0.158419 
2.78399 -0.22301 2.6209 -1.20903 1.5254 -0.465135 0.162339 -0.142704 -1.41975 -0.196149 0.164772 0.156657 
2.62212 0.0265817 3.00269 -1.73134 1.38707 -1.06121 -0.397361 0.396627 -0.813286 -0.291429 0.0234411 0.177383 
