2.55907 -0.203388 2.93063 -1.36005 1.66913 -0.334696 0.234095 -0.416964 -0.354233 0.210036 0.0457489 0.241914 
2.85725 -0.425868 2.37681 -1.22652 1.64309 -0.16284 -0.349821 -0.727109 -0.959325 -0.0735313 -0.0484947 0.208179 
2.73222 -0.0367561 3.04526 -0.234399 1.65104 -0.225373 -0.0507801 -1.01914 -0.544035 0.0815121 0.140094 0.182069 
2.84458 -0.172577 2.14859 -0.369648 1.39161 -1.03239 0.624162 -0.354022 -0.681429 0.343082 -0.200236 0.136576 
2.71162 0.0086437 2.65187 -1.40092 1.51664 -0.0605984 0.0933586 -1.45414 -0.677098 0.256522 -0.127679 0.249623 
2.75097 -0.0493062 3.02711 -1.55931 1.66277 -0.166039 -0.5199 -0.0406688 -1.08744 -0.291877 0.0729067 0.101895 
2.95481 -0.255658 2.91638 -1.39477 1.96671 -0.401713 -0.839028 -0.470949 -0.680044 0.176517 -0.0396084 0.159741 
2.59599 0.0708899 2.82541 -0.534949 1.75713 -0.0242404 -0.448394 -1.36826 -0.361028 -0.124956 0.188251 0.256052 
2.696 0.179554 2.95546 -0.837217 1.40426 -0.913117 -0.0829401 -0.602154 -0.73745 0.192747 0.155228 0.170179 
2.76133 -0.0904597 2.67254 -0.904521 1.73538 -0.763256 -0.137239 -1.02904 -0.616582 0.055368 -0.160006 0.248934 
2.78763 -0.221502 2.76614 -1.13377 1.41653 -0.209864 -0.102838 -0.579381 -0.322498 0.296323 -0.166963 0.157671 
2.59348 0.0600597 3.05337 -1.0511 0.927563 -1.03644 0.394642 0.0724951 -0.875601 -0.453743 0.0721076 0.255012 
2.87166 -0.247303 2.86839 -0.547398 0.865012 -0.736539 -0.147275 0.0268158 -0.429877 -0.0362653 -0.0920393 0.113416 
2.72608 -0.393805 2.94921 -0.835148 1.85376 -0.7315 -0.369144 -0.00289937 -0.771695 -0.133664 0.0255731 0.208315 
2.82571 -0.125791 2.81116 -0.787806 0.652584 -0.77618 -0.174585 -0.414832 -0.915627 0.336049 0.0278385 0.0874727 
2.32908 0.0393843 2.36185 -0.772599 1.57776 -0.365352 0.499426 -0.526478 -0.159667 0.0887395 -0.0285959 0.203222 
2.80988 -0.023612 2.4291 -1.49613 2.29559 0.0237557 -0.412816 0.123395 -0.351038 -0.192631 -0.136352 0.121145 
3.60086 1.07955 3.29587 -0.28121 1.72716 -0.530692 0.538262 0.0134651 -1.06016 -0.431675 -0.178541 -0.0108645 
3.57917 2.37178 4.36468 1.73612 2.48012 0.617082 -0.387598 -1.82082 -1.13844 -0.895078 -0.310074 -0.158262 
4.02203 3.30412 4.27304 2.39185 1.42777 -0.12566 -1.18232 -1.20598 -1.01659 -0.519923 -0.371964 -0.146686 
4.28292 3.02822 4.34564 2.46623 1.53634 -0.114102 -1.094 -1.24522 -0.949672 0.184602 -0.252555 -0.108347 
4.46555 1.91864 5.77925 1.16091 1.2797 -0.708336 0.148397 -0.678267 -1.24164 0.207441 -0.154423 -0.0480756 
3.91006 2.71564 4.16298 0.589778 1.91306 -0.407264 -0.511908 -1.41356 -0.617709 0.11921 -0.203639 0.0162729 
3.73888 2.05597 4.42521 1.54977 2.49022 -0.0289632 -0.185134 -0.356256 -1.17628 0.109305 -0.185652 -0.149627 
3.96143 1.06948 4.22585 1.23137 2.17311 -0.336228 0.309884 -0.893358 -0.730855 0.0230421 -0.289051 -0.0302507 
4.05666 1.04752 4.61488 0.368851 2.10558 0.277214 -0.14415 -0.83938 -0.988792 0.206425 -0.188532 -0.0759172 
3.39785 0.911748 3.6512 0.572426 2.64113 -0.694316 0.110054 -0.599142 -0.603097 -0.238156 -0.218253 0.0618251 
3.50152 0.673363 4.01768 -0.212068 2.52964 -0.532153 -0.86441 -0.953573 -0.0384398 0.22937 -0.228877 0.12841 
3.2381 0.800785 3.84951 -0.543083 2.06259 -0.314429 0.384354 -0.966437 -0.554954 0.186846 -0.173023 0.15803 
3.13897 0.131216 3.42792 -1.12802 2.21101 -0.152657 -0.253033 -0.300735 -1.16376 0.324019 -0.0851427 0.0130843 
3.52373 0.500778 2.56483 -0.00678016 1.36595 -1.76335 0.111101 -0.670483 -0.471754 0.219639 -0.0070772 0.215824 
3.47379 0.895254 3.23224 -0.229387 1.68339 -0.630731 -0.0617703 -0.911886 -0.61327 0.244239 0.143382 0.137952 
4.36149 1.95686 3.45628 -0.260207 0.8045 -0.875487 -0.938269 -1.5651 -1.40969 -0.163181 -0.0733451 -0.00508653 
4.60451 2.69045 4.52593 0.213668 0.113375 -1.73794 -1.29741 -1.56378 -1.07398 -0.10461 -0.176859 -0.0127945 
4.50916 2.49172 3.80493 0.956793 0.693221 -1.93143 -1.37885 -2.02896 -1.1077 -0.00134683 -0.25908 -0.0459846 
4.47476 3.03175 4.25573 0.313783 0.866657 -1.76984 -1.33892 -1.90059 -1.02781 -0.0347634 -0.269333 0.00133805 
4.48693 2.52324 4.79582 0.507214 0.829293 -1.0496 -1.65151 -1.26905 -0.593927 -0.467091 -0.28218 -0.0527683 
4.67922 2.29319 4.71425 -0.170832 0.307996 -1.71823 -1.77893 -1.24336 -0.629992 -0.261353 -0.204881 0.00401385 
4.40933 1.9785 4.26287 -0.0896231 1.04917 -1.39829 -1.57634 -1.11422 -0.902854 0.368351 -0.17823 -0.0955841 
3.95897 1.14517 4.12182 -0.743965 -0.0697412 -1.55846 -1.03755 -0.257074 -0.841605 -0.0366103 0.0528831 -0.017882 
3.97105 0.795185 4.07775 0.303289 0.0823169 -2.07674 0.164562 -0.169392 -1.06509 0.157198 -0.146602 -0.0747585 
3.53161 0.841028 3.81602 0.0349554 0.224602 -2.57016 -0.0557211 -0.353741 -1.43863 0.158691 0.0408156 -0.00606276 
3.44026 0.328524 3.62063 0.498803 0.108669 -1.5513 -0.380154 -1.21796 -1.09963 -0.379496 0.044425 0.0245105 
3.12202 0.0744897 4.03812 -0.174114 0.494091 -1.29137 -0.324851 -0.716205 -1.12909 0.0667978 0.0325726 -0.00546663 
3.15328 0.100021 3.85758 -0.245562 1.17782 -1.07615 0.46812 -0.794394 -1.83127 -0.101107 -0.10812 -0.00618893 
3.13851 0.2755 3.55409 -0.399517 1.21176 -1.27245 -0.386567 -0.259341 -0.554854 -0.209139 -0.216317 0.0286175 
3.38353 -0.127803 3.45825 -0.968548 0.830811 -0.553658 -0.649099 -0.490419 -0.204975 -0.13572 -0.282799 0.0940462 
2.73327 -0.00334013 3.56042 -0.386367 1.83832 -0.20434 -0.394381 0.0896451 -0.915249 -0.147891 0.0299252 -0.017788 
2.84287 -0.0300104 2.77206 -0.995629 1.81283 -0.728095 -0.281899 -0.387065 -0.571501 0.0650414 -0.145949 0.122784 
3.02948 0.0317206 2.93369 -1.96767 1.02782 -0.7464 -0.281473 0.342999 -0.676031 -0.436393 -0.0436578 0.191809 
2.92821 -0.138551 2.69434 -0.79964 1.58194 -1.02115 0.306119 0.124654 -0.639738 0.0101903 0.0183704 0.173599 
2.88687 -0.121049 2.44231 -1.12764 1.35045 -0.966582 0.293113 -0.169728 -0.65594 -0.139169 -0.0972348 0.241411 
3.1564 -0.15907 2.28251 -0.907181 1.37868 -0.713679 0.262689 -0.558946 -0.929389 -0.281805 -0.139579 0.2226 
2.81616 -0.135336 2.81731 -1.00379 1.0589 -0.491143 0.0538873 -0.490366 -1.09437 0.550946 0.0492202 0.0623781 
2.66198 -0.250562 2.62615 -1.28959 2.17094 -0.333813 -0.626567 0.0157589 -0.359715 -0.274829 0.207562 0.231627 
2.74025 -0.174381 2.88335 -1.30045 1.91053 -0.904041 -0.435279 0.0543904 -0.910089 -0.42357 -0.080812 0.236377 
2.94431 0.166186 2.54038 -0.515663 1.70107 -1.20266 0.123906 -0.50105 -0.216184 -0.158312 -0.206569 0.226831 
2.70896 -0.646191 2.66761 -0.950483 2.00663 -0.229863 -1.14302 -0.272986 -0.829047 0.0626804 0.0633872 0.124256 
2.71431 -0.161845 2.53632 -1.05012 1.55395 -0.625705 -0.0929691 -0.411021 -0.500931 -0.336425 -0.113409 0.278499 
2.9989 -0.337959 2.65294 -1.62554 1.70838 -0.447335 -0.917307 0.153544 -0.328625 -0.000598113 -0.123501 0.12801 
