2.9695 0.0964022 2.42512 -1.12795 1.4351 -1.4134 -0.632224 -0.393199 -0.487407 -0.0760743 -0.132152 0.159467 
2.83213 -0.0730304 2.31908 -1.05642 1.43227 -0.983722 -0.388565 -0.604109 -0.510386 -0.317079 -0.0722156 0.241862 
2.82656 -0.488825 1.95285 -1.1112 1.15822 -1.00036 -0.125359 -0.54551 -0.846364 0.338273 -0.195629 0.12307 
2.70101 0.010807 1.70171 -0.345844 1.83972 -0.700202 0.666587 -0.686083 -1.12254 0.0264103 -0.0173706 0.167995 
2.73157 -0.067498 2.46478 -1.01609 1.162 -1.29541 -0.561827 -0.583085 -0.385176 0.117935 -0.214068 0.152113 
2.78652 -0.380025 3.00253 -1.17175 0.79258 -1.08583 0.146309 -0.241082 -1.20173 -0.160382 -0.0348222 0.157668 
2.82914 -0.0138842 2.13673 -1.36223 1.08282 -0.719432 0.442097 -1.76839 -0.402483 0.088201 -0.354708 0.272611 
2.79102 -0.105553 2.38389 -1.20303 1.65927 -0.501949 -0.301649 -0.527482 -0.811888 0.147077 -0.0423258 0.113862 
2.6291 -0.324791 3.46461 -0.590735 1.29757 -0.69969 -0.915573 -1.2047 -0.535764 0.187596 0.0633008 0.144114 
2.8888 0.133066 1.66249 -1.90522 2.36455 -0.813459 -0.265734 -0.602231 -0.911352 -0.222743 -0.0700704 0.231999 
2.83142 0.0334599 2.60978 -1.5178 0.847268 -1.00379 -0.111718 -0.239838 -0.8398 -0.418543 -0.0878328 0.18922 
2.81604 -0.063912 2.20508 -0.321238 1.49397 -1.01198 -0.302134 -0.716385 -0.612543 0.180849 -0.0241373 0.0911391 
2.79854 0.0764012 2.27876 -0.633519 0.720928 -0.647489 -0.341265 -0.476901 -0.540695 -0.0736438 0.000755687 0.084095 
3.37587 0.821962 3.35232 -0.634848 1.97516 -0.849744 -0.331639 -0.512379 -0.204293 -0.412512 -0.110339 0.148653 
4.03014 2.17522 3.79246 1.71732 2.1162 -0.471891 -0.213668 -1.13046 -1.61246 -0.56302 -0.24676 -0.124983 
4.31526 2.68201 4.76071 1.76953 2.01847 0.100868 -0.893384 -1.66983 -1.68957 -0.456443 -0.438659 -0.234246 
5.10175 2.67777 5.52481 1.72779 2.45936 -0.666437 -1.44379 -1.57091 -1.18303 -0.12443 -0.421566 -0.158476 
5.14361 2.90939 5.1408 1.32849 2.09819 -0.856438 -1.50918 -2.10137 -1.08464 0.164298 -0.327325 -0.0760712 
4.64252 3.14757 4.31706 1.62835 1.31249 -0.888777 -1.12333 -1.08793 -1.09194 -0.114236 -0.167743 -0.048621 
4.0754 2.50505 4.00668 1.87121 1.28202 -0.139576 -0.564173 -0.903965 -0.999649 -0.380829 -0.132731 -0.0632524 
4.16297 2.26415 4.12214 0.775748 1.12632 -0.491129 -1.33303 -1.93041 -1.06447 -0.681505 -0.324745 -0.0844956 
3.94663 1.90263 3.85503 1.31998 2.53646 -0.489365 -1.28917 -1.11838 -0.251073 -0.411081 -0.16644 0.0063267 
3.76671 1.74978 3.75359 1.06942 2.99501 -0.401654 -0.986978 -0.0549957 -1.28119 -0.266746 -0.138503 -0.161415 
3.67563 1.16396 3.85843 0.892287 2.19206 0.270217 0.657259 -0.847204 -0.290689 -0.413263 -0.239285 0.0685524 
3.68562 0.645599 3.42793 -0.744649 1.71857 -0.706538 -0.563579 -0.515626 -0.831088 -0.391837 -0.0461967 0.147822 
3.37333 0.546409 3.71924 0.0667679 2.28599 -0.151734 0.087388 -0.37134 -1.05127 0.260259 0.0579417 0.0301742 
3.18055 0.602794 3.00955 -0.234812 2.1507 -0.424916 -0.143287 -0.457647 -0.96735 -0.532356 0.109711 0.103858 
3.36605 0.0636597 2.90513 -0.884933 1.53289 0.046525 -0.0329594 -0.589714 -0.661861 0.0101538 -0.0555561 0.0202571 
3.86365 2.04449 4.4533 0.968164 1.0146 -1.31913 -1.56918 -0.695949 -0.285726 0.256202 -0.234383 -0.0692196 
4.36551 2.95254 3.77031 1.05975 0.508769 -1.07812 -1.05941 -1.6217 -0.819211 0.43039 -0.109402 -0.0127996 
4.20359 2.6521 4.05626 1.00815 -0.5191 -1.82601 -1.75557 -1.19047 -0.33494 -0.23519 -0.122818 0.00379395 
4.51423 2.67218 4.1426 0.467723 0.485382 -2.38049 -2.11335 -0.598453 -0.503551 -0.220292 -0.0779474 0.0100461 
4.38662 2.40587 4.05895 0.321724 -0.0817864 -2.10121 -1.06547 -0.386777 -0.634384 0.327336 0.00929939 -0.0266022 
4.11391 2.30024 2.71083 -0.844002 0.511502 -1.32671 -0.906445 -0.304202 -0.0649875 0.628001 0.0111998 -0.0271128 
4.18942 1.71349 3.63704 -0.363404 0.154563 -1.82754 -0.768296 -1.31289 -0.229925 0.217099 -0.284413 -0.0024162 
3.95955 1.00464 3.11996 -0.566842 -0.291243 -1.23939 -0.837744 -0.803206 -0.626027 -0.279615 -0.0183815 0.0120317 
3.54897 0.250435 3.72466 0.00731177 0.398829 -2.28215 -0.397079 -0.571363 -0.918179 -0.070506 0.0872498 0.132155 
3.4703 0.334138 3.67283 -0.550233 0.159045 -1.04354 0.213387 -0.58086 -1.04942 -0.245345 -0.205353 -0.0560773 
3.55967 0.0435425 3.24665 -0.756323 0.608732 -1.14207 -0.536695 -0.164208 -1.06575 -0.442808 0.0253049 0.0182143 
3.27707 0.0817673 3.62334 -0.873064 1.05577 -1.30267 0.132189 -0.286347 -1.80523 -0.306251 0.0434848 0.0448056 
3.32571 -0.0447044 2.81649 -1.20435 0.654228 -1.32854 -0.271486 -0.312963 -0.874551 0.16648 0.182094 0.0844433 
2.7706 0.19204 2.76883 -1.34328 0.299751 -1.27189 0.674772 -0.921004 -0.420496 -0.389377 -0.12191 0.191871 
3.02177 -0.273931 2.89192 -1.36008 1.07856 -1.05936 -0.526213 -0.139324 -0.878737 0.0701526 0.126059 0.116838 
3.1226 0.250643 3.34588 -1.28862 1.22778 -0.777018 -0.514159 -0.587298 -0.308471 -0.338732 0.00761916 0.254952 
3.08304 0.181384 2.73568 -1.28762 0.732768 -0.242439 0.0187101 -0.699254 0.251861 -0.0656171 -0.0983296 0.205145 
3.46203 -0.421727 2.99978 -1.11926 2.22162 -0.268265 -0.47434 0.330727 -0.0818004 0.430442 -0.155042 0.0548911 
2.92511 -0.106572 3.96425 -1.26679 1.14843 -0.262652 -0.80052 -0.19815 -0.676147 -0.120951 0.0403585 0.0927361 
2.7719 0.135579 2.66918 -1.19298 1.41732 -0.772281 -0.911405 -0.434701 -0.695581 0.370168 0.0525152 0.102802 
2.70793 -0.227953 2.92915 -1.62777 0.994846 -0.531303 0.460442 -0.222446 -1.30152 -0.409196 0.0916274 0.21743 
2.64021 -0.436332 2.05113 -0.889715 1.76738 -0.829272 -0.495473 -0.34416 -0.391823 -0.0680706 -0.0980997 0.209452 
2.92436 -0.180799 2.7319 -0.346292 1.41926 -0.922014 0.235995 -1.04384 -0.234826 -0.317188 -0.264686 0.257331 
3.17845 -0.228132 2.42372 -1.10036 1.33811 0.0214141 -0.888605 -1.2567 -0.570952 -0.363738 0.185621 0.279895 
2.82996 -0.358327 2.90852 -0.519895 0.896876 -0.517353 -0.748849 -0.742022 -0.821823 -0.0705377 0.102059 0.133759 
2.74631 -0.334299 2.6197 -0.578084 1.1971 -1.00656 0.385918 -1.17281 -0.837557 0.222197 -0.147575 0.244098 
2.8353 -0.454207 1.5074 -1.17101 1.58652 -0.366219 -0.240137 -0.58023 0.0417816 -0.218587 -0.10353 0.243259 
2.93573 -0.426388 2.51219 -0.460059 0.910931 -1.55363 -0.667564 -0.360174 -0.717467 0.140717 -0.10604 0.115994 
2.72848 -0.0351893 2.86515 -1.03483 1.04471 -0.638811 -0.10481 -1.06443 -1.07743 0.483409 -0.00831314 0.110333 
2.53519 0.160279 2.57701 -0.713084 1.55979 -0.942547 0.16401 -0.964647 -0.826429 -0.153387 -0.0516933 0.192306 
2.5639 -0.315465 2.69664 -1.50143 1.37304 -0.460981 0.46654 0.225462 -0.376511 -0.313557 -0.210872 0.165902 
2.83406 -0.425048 2.09192 -1.65004 0.900904 -0.678481 -0.60508 0.312236 -0.284335 -0.149657 -0.00245534 0.114487 
