2.78911 0.309979 1.6154 -1.18054 1.62899 -0.398446 -0.0936686 -0.314873 0.0437469 0.00170149 -0.176788 0.213496 
2.75639 0.148054 3.04597 -0.25993 1.39529 -0.608077 0.214844 -0.670735 0.118187 0.286253 -0.0824398 0.237675 
2.94489 0.301802 2.4486 -1.27888 1.91381 -0.65817 -0.166993 -0.0742947 -0.443919 0.278325 -0.0377258 0.191571 
2.79758 -0.131231 3.044 -0.73613 1.97848 0.0704961 0.144075 -0.963189 -0.723717 0.396836 -0.0269409 0.207904 
2.7913 -0.0733598 2.4011 -0.632159 2.06534 -0.806513 0.729605 0.0699201 -0.758016 0.447153 -0.00699733 0.209048 
3.04096 -0.0913808 3.24334 -0.896329 1.64935 0.458719 0.897387 -0.0821167 -0.561472 0.40806 0.0916184 0.17774 
2.69616 -0.277911 3.27173 -1.20993 1.53838 -0.242155 -0.451687 -0.157449 -0.80288 0.335469 0.166656 0.174893 
3.18511 -0.485359 3.0366 -0.9138 1.89459 -0.209399 0.201354 -0.0417989 -1.31979 0.142126 0.0331264 0.167394 
2.85465 0.225695 2.19999 -1.33429 1.84194 -0.314187 0.618911 -0.0595573 -0.372392 0.5995 0.00886755 0.192467 
3.02463 -0.400501 2.74607 -0.634495 1.45464 0.110342 0.470817 -0.292634 -0.296752 -0.119642 -0.103928 0.256941 
2.84399 -0.280726 3.0286 -0.457613 1.8054 -0.163638 -0.617268 -0.791324 -0.633631 0.370937 0.182737 0.183993 
2.92256 0.202967 2.23295 -0.78584 2.19446 -0.405779 -0.472407 -0.403483 -0.457094 0.257614 0.0371623 0.175397 
2.83782 0.136565 3.09176 -0.815722 1.91911 -0.901997 -0.484526 0.43606 -0.474497 -0.338623 0.164846 0.25345 
2.86922 -0.438943 2.19628 -0.830989 2.11358 -0.24894 -0.104339 -0.287833 -0.52619 0.193232 -0.0201734 0.231554 
3.37048 1.22402 4.24084 0.233911 2.24949 0.730628 0.351491 -0.378905 -0.680874 -0.0209375 0.0573501 0.0507405 
3.77365 1.96911 4.69935 2.04025 2.29824 0.623226 -0.671177 -0.827368 -1.07643 -0.975954 -0.234651 -0.17098 
4.57516 2.8894 4.9191 1.49783 1.92091 -0.557702 -1.49193 -1.02081 -1.56365 -0.567154 -0.334536 -0.194234 
4.972 2.7137 5.40877 1.63335 2.1999 -0.498348 -0.809545 -0.993942 -1.5207 -0.202689 -0.321701 -0.180038 
4.16662 2.49752 5.11996 2.00054 2.82427 0.219549 -0.220913 -0.618337 -0.302523 -0.61228 -0.361881 -0.080441 
3.90429 1.87836 5.01562 1.45102 2.88189 0.638925 0.533569 -0.766073 -0.976724 -0.511603 -0.0952381 0.0372991 
3.98297 1.82693 5.09962 1.80244 2.77605 -0.0998926 -0.116377 -0.289972 -0.512268 -0.717465 -0.294641 -0.0220288 
4.02417 1.51236 4.29044 1.67471 1.76886 0.383619 0.629436 -0.920205 -0.528672 -0.281271 -0.179996 0.00171822 
4.14572 1.40667 4.34562 1.50919 2.99766 -0.169727 0.254497 0.185649 -0.978617 0.0652924 -0.170199 -0.0942126 
3.66865 1.6046 4.64223 0.447241 1.67443 -0.288223 0.961887 0.12086 -0.354657 -0.391542 -0.168216 0.0722179 
3.86873 1.27003 4.5816 0.0646643 2.17986 -0.115544 0.686295 -0.175932 -0.488167 -0.243709 -0.155354 0.17524 
3.47545 0.479455 3.66916 -0.671503 1.34492 -0.139322 0.805222 0.134995 -0.698901 0.232118 -0.0245228 0.112617 
3.14937 0.575427 3.39555 0.629714 2.31749 -0.178684 0.766029 -0.578457 -0.706325 0.190734 0.202825 0.184632 
3.14468 0.713549 3.97908 -0.370299 2.23648 -0.390297 -0.232051 0.0280326 -0.417259 0.0664871 0.2316 0.201297 
3.91956 0.842848 4.30191 -0.009716 2.10604 -0.481906 0.0233145 0.745195 -0.250407 0.151515 -0.105682 0.0473096 
4.86225 2.30353 4.36269 0.190681 0.916188 -1.29375 -1.58293 -1.3415 -1.30695 -0.148224 -0.18577 -0.0916105 
4.90104 2.9581 3.6165 0.315139 0.775519 -1.50242 -1.55148 -1.63088 -1.5778 -0.0996212 -0.165977 -0.0611518 
4.87262 3.44754 3.46173 -0.0849322 -0.209592 -1.26444 -1.5778 -1.67898 -0.887537 -0.329304 -0.105318 0.00603994 
4.62507 3.26067 3.57542 0.590615 -1.15101 -1.97274 -1.55173 -1.29421 -0.944881 -0.464299 -0.0582934 0.000638704 
4.64948 3.15741 3.18704 0.38015 -0.419696 -1.74422 -1.61632 -0.930193 -0.991551 -0.187062 -0.0404203 -0.00670442 
4.66119 2.4748 3.85091 0.962583 0.293799 -1.86062 -1.26335 -1.29588 -0.436734 -0.173615 -0.185447 -0.00218576 
4.77733 2.2015 4.45952 1.09335 -0.235759 -1.60754 -0.85225 -1.27135 -1.15918 0.367775 -0.034429 -0.0812901 
4.67514 1.94805 4.99882 0.160016 0.676277 -2.33306 -1.572 -0.39935 -0.972416 -0.0144691 -0.143381 -0.0201935 
4.46076 1.32336 4.36735 -0.0986132 1.14959 -1.46654 -0.675517 0.0990089 -1.50223 0.0817133 -0.0657258 -0.126835 
3.99916 1.29067 4.22045 0.755351 0.852486 -1.69677 -0.359265 -0.298321 -0.808533 0.85785 -0.0741868 -0.0623173 
3.52507 0.428585 4.46652 0.605447 2.03784 -0.0772701 0.0694208 -0.299609 -0.893743 0.193488 0.0135772 0.0420571 
3.57612 0.344378 3.70492 0.648206 2.16312 -0.395407 0.283884 -0.037585 -0.639568 0.00777906 -0.10478 0.087107 
3.27896 0.657681 3.58047 0.101917 1.26323 0.236278 1.81536 -0.652449 -0.825919 -0.100248 0.0319832 0.191973 
3.01751 0.229828 3.52201 0.697709 2.47155 -0.452343 0.200423 0.437301 0.228885 0.11041 -0.11061 0.149844 
3.18193 -0.294567 3.24764 -0.0239753 2.41288 -0.469238 0.538792 0.219161 -0.473123 0.234095 0.0645417 0.251529 
3.02769 0.179939 2.78684 -0.212442 1.64365 -0.607959 0.0764975 -0.35499 -0.328036 0.151412 -0.0300837 0.185248 
3.10959 0.229155 2.88047 -0.329006 2.27384 0.314357 0.358513 -0.226257 -0.104406 0.0872412 0.165318 0.232841 
3.17803 -0.00286907 2.39648 0.699872 1.84497 -0.904768 -0.0498179 -0.883471 -0.0982686 0.310025 0.0987921 0.225639 
3.06427 -0.118179 3.47453 -0.609031 1.82082 -0.221896 0.192429 -0.0531292 0.257199 0.20788 -0.181686 0.243855 
2.87984 0.254323 2.76329 -1.04997 1.24391 -0.57259 0.230107 -0.0731106 -0.337568 -0.1353 -0.0399484 0.238843 
2.99426 -0.05289 3.20856 -0.600659 2.38683 0.0435031 0.142913 -0.104086 -0.469309 0.334659 0.116676 0.193696 
2.90338 -0.329716 3.45334 -1.07034 2.60199 -0.52914 -1.14606 0.485994 -0.381687 0.14603 -0.0370182 0.13912 
2.74526 0.319878 3.29663 -0.0736295 1.18778 -1.36792 -0.156902 -0.046613 0.141491 0.0751714 0.135357 0.279186 
2.89074 0.0950818 2.52291 -0.750658 1.35145 -0.310571 0.473316 0.252434 0.18978 -0.425724 -0.275694 0.223629 
3.03206 0.348568 2.62084 -0.0901726 1.74329 -0.743747 -0.0513926 -0.142015 -0.164939 0.364449 -0.0794114 0.124314 
3.0059 0.24879 3.04221 -1.0079 1.91481 -0.583201 0.0202217 -0.875875 -0.660349 0.632908 0.00315509 0.229086 
3.22226 -0.287975 2.86387 -1.41514 0.808374 0.12187 0.237904 0.17764 -0.342327 0.0711514 0.0555936 0.192286 
2.83669 -0.0535667 2.80088 -0.736246 1.65084 -0.758225 1.1054 0.373774 -0.228046 0.523149 -0.22378 0.176241 
3.22077 0.0605027 3.49118 -1.10997 1.14961 -0.204692 0.156464 -0.212302 -0.339404 0.287241 -0.073088 0.182445 
2.96524 0.222143 2.29412 -0.453324 1.4603 -0.624961 -0.512413 -0.416407 -0.0228074 0.24486 -0.0659179 0.164436 
2.84494 0.29437 2.49611 -1.30118 1.47638 -0.257279 0.293953 0.271959 -0.684885 -0.167208 0.296486 0.245629 
