2.84291 -0.475007 2.35277 -0.153301 1.27744 -0.443984 0.506098 0.228148 -0.25856 0.356758 -0.0866444 0.0608026 
2.85317 -0.134719 2.83674 -1.08004 1.16133 -0.751894 -0.782683 0.237214 -0.325908 -0.453699 0.0353382 0.187491 
2.82958 0.00373195 2.64632 -0.761756 1.52481 -0.695707 0.31157 -0.482375 -0.526937 0.133934 -0.154549 0.178621 
3.08432 -0.0437274 1.9779 -1.18135 1.38302 -0.384832 0.0479674 -0.352512 0.306857 -0.369913 -0.185006 0.275939 
3.12323 -0.234097 2.44206 -0.609889 1.27523 -0.713992 0.242753 -0.955449 -1.07504 0.241067 0.0291018 0.202527 
2.81118 -0.135546 3.00441 -0.847414 1.4526 -1.13911 -0.400252 -0.467889 -0.395927 0.385128 -0.105432 0.175162 
2.79421 -0.329435 2.83777 -0.935902 1.56075 -0.52996 -0.549121 -0.112321 -0.699783 -0.162727 0.0712201 0.194637 
2.56979 0.0771265 2.78322 -0.295744 1.13258 -1.02801 0.221438 -0.746586 -0.243194 0.165315 -0.179492 0.199207 
2.86593 -0.392012 2.56448 -1.26375 0.941043 -0.829269 -0.18591 0.524112 -0.826203 0.297884 0.159927 0.0825424 
2.87491 -0.251538 2.84041 -0.820747 1.00673 -0.701394 0.432585 -0.128911 -0.479606 -0.0904481 -0.0727985 0.234425 
2.64277 -0.243809 2.92767 -0.657488 1.55935 -0.566274 -0.0673776 -0.468397 -0.948005 0.0761287 -0.0235135 0.175913 
2.51207 -0.238226 2.89873 -0.247035 1.89795 -1.01445 -1.04756 -0.0966164 -0.882673 -0.145033 0.259791 0.173601 
2.85043 -0.158009 2.54613 -0.535078 1.66544 -0.600198 -0.084657 -0.540418 -0.430141 -0.128002 0.053984 0.219077 
2.80972 -0.370168 2.30859 -0.751682 1.76716 -0.574297 0.137278 -0.440481 -0.954269 -0.172612 -0.0356406 0.260913 
3.07083 -0.274851 2.39799 -0.999252 0.582308 -0.165212 0.0686178 0.0732255 -0.367891 -0.0660498 -0.145273 0.098313 
3.067 -0.0273426 2.37825 -1.15517 1.02091 -0.651855 0.407164 -0.415795 -0.683753 0.269671 -0.00155548 0.169169 
3.64512 1.02614 4.03298 0.485997 1.97881 -0.629426 0.250859 -0.369357 -0.644051 -0.501449 -0.17048 0.0842385 
3.53502 2.87702 4.01329 2.42201 1.28993 0.0770916 -0.756574 -1.13346 -1.22658 -0.803954 -0.289538 -0.163738 
3.98883 3.1735 3.66383 2.33068 1.55386 -0.284238 -1.51456 -1.39337 -1.05183 -0.446743 -0.343549 -0.137579 
4.71896 3.01405 4.76085 0.935901 -0.0155341 -0.505064 -1.27237 -1.0992 -1.22283 -0.437675 -0.129398 -0.0667539 
4.28575 1.93146 5.50372 1.04566 1.66032 -0.797569 -0.261421 -1.50788 -1.15683 -0.280336 -0.530555 -0.0654768 
4.55743 2.19714 5.13272 0.496719 2.4776 -0.36205 -0.932326 -1.45221 -0.576634 -0.0710065 -0.501185 -0.0488344 
4.32188 1.74558 4.74371 0.896902 2.27737 -0.566558 -0.559543 -1.11214 -1.22723 0.0723317 -0.305104 -0.0959086 
3.86419 1.42874 4.17318 0.97641 2.34892 0.286553 0.34392 -1.46278 -1.26192 -0.51211 -0.198456 -0.000713854 
3.7683 1.06627 3.97031 -0.19736 1.68927 -0.34861 -0.0761116 -0.818851 -0.40846 -0.283366 -0.127421 0.155553 
3.58304 0.880269 3.26944 -0.269968 2.15656 -0.310257 -0.725556 -0.786614 -0.536225 0.347863 0.189251 0.112544 
3.46082 0.404503 4.07501 -1.08122 1.68703 -0.443425 -1.43728 -0.349235 -0.443883 -0.0526249 0.0734083 0.117394 
3.17601 0.29515 3.8226 0.09209 1.07276 -1.1289 -0.258386 -0.553537 -0.373794 0.0348067 -0.105013 0.136732 
3.46631 0.441247 2.76207 -1.17324 1.71838 -1.02927 -0.487087 -0.142534 -0.536472 -0.285807 0.18242 0.282313 
3.22829 -0.113385 3.26657 -0.866077 1.20247 -1.10336 -0.43113 -0.610375 -0.266597 0.254864 0.259565 0.336801 
4.12462 1.96024 3.10083 -0.194285 0.545066 -1.06818 -0.731807 -0.561792 -1.85155 -0.52497 0.036419 -0.0381712 
4.81283 2.87633 3.42162 0.292165 -0.213257 -0.905167 -1.5026 -1.71635 -0.690365 -0.50382 -0.135986 0.00229339 
4.838 3.17625 2.47305 -0.559055 -0.334375 -0.324314 -1.16474 -1.66296 -1.71428 -0.588022 -0.194315 -0.0237208 
4.92842 3.20591 2.56245 -0.627979 -0.716639 -1.13821 -1.29255 -1.89637 -1.00762 -0.265143 -0.0910567 0.0139898 
5.52348 2.97604 3.9425 -1.18528 -0.845709 -1.1595 -1.32718 -1.17384 -0.673185 -0.105122 -0.034626 0.00999795 
5.34421 2.48459 3.51374 -1.02681 0.0852548 -1.24449 -0.999656 -0.860333 -0.484382 0.142258 -0.0532978 -0.00579861 
5.16805 2.10373 4.33834 -0.801624 -0.0201029 -1.58628 -1.07925 -1.17014 -0.736005 0.351533 -0.14489 -0.0304799 
4.639 2.20135 3.32637 0.399541 0.527893 -2.02876 -0.779334 -1.21074 -1.33518 0.146394 -0.12629 -0.0481236 
4.13329 1.34039 4.49431 0.0857678 -0.341231 -1.90574 -1.7456 -0.379084 -1.11138 0.0375657 0.178082 -0.0373176 
4.11916 1.39425 4.23646 0.0704263 -0.233261 -2.02631 -0.456512 -1.61028 -1.0557 0.502439 -0.198641 -0.032311 
3.55067 0.813186 3.8127 -0.703316 0.574986 -1.63994 -0.194192 -1.03287 -0.7352 0.0849739 -0.055204 0.150165 
3.52809 0.338503 4.33687 -0.85957 1.45888 -1.12416 -1.36551 -0.642773 -0.985522 0.111678 0.0351131 0.0406472 
3.38117 0.533986 3.44429 -0.502511 1.72112 -1.37896 -0.381758 -1.00645 -1.25214 -0.0478083 0.035482 0.12816 
3.04014 0.563879 3.48855 -1.18329 1.50587 -0.390027 -0.410191 -0.691728 -0.846549 -0.0586069 -0.0380208 0.0459789 
2.75994 0.377786 3.7609 -0.615041 1.28643 -0.275303 -0.243887 -0.737155 -0.895391 0.031301 0.0268469 0.0454723 
3.13911 0.137798 2.94812 -0.0874928 1.65223 -0.804375 -0.416735 -0.649354 -0.627559 0.273597 0.0268792 0.0612511 
2.91156 -0.0673018 2.95369 -0.792862 1.37048 -0.804953 0.452369 0.0790473 -0.612713 -0.298394 -0.183111 0.161863 
2.68614 -0.09603 2.81033 -0.818421 1.74404 -0.533657 0.0425147 -0.312466 -1.25556 0.0903059 -0.0572468 0.107229 
2.5716 -0.293696 2.74247 -0.666971 0.997337 -0.593049 -0.0540305 -0.574991 -0.658682 0.027573 0.0488354 0.220998 
2.92912 -0.264613 2.83994 -0.931898 1.59631 -0.556481 0.0346627 -0.164992 -0.361338 0.106341 -0.0921756 0.181211 
3.01883 0.28384 2.62974 -1.44833 2.64505 -0.707544 -0.538252 0.0518479 -0.727946 -0.107032 -0.104072 0.163591 
3.00778 -0.31167 2.58334 -0.750688 1.04033 -0.493587 -0.126254 -0.588055 -0.668126 0.369319 -0.0854118 0.106705 
3.04644 -0.217303 3.03701 -0.274529 1.3908 -0.474018 0.435286 -1.1405 -0.434131 0.32559 -0.0338192 0.198338 
2.67438 0.134481 3.13633 -0.297429 1.46402 -1.082 0.368612 -0.694182 -0.962192 -0.060965 0.048991 0.205674 
3.09676 -0.0523747 2.79096 -0.799288 1.40417 -1.10472 -0.156958 0.256058 -0.859287 0.190544 -0.117718 0.0528631 
3.01085 0.168845 3.13532 -0.461005 1.9397 -1.24018 -0.0944644 -0.925515 -0.0331553 0.410693 -0.301196 0.220081 
2.58655 -0.35844 2.95661 -0.433509 1.22356 -0.612786 -0.205205 -0.903622 -0.607554 -0.194166 -0.0469629 0.266833 
2.78362 -0.246335 2.98757 -0.697546 1.81602 -0.379085 0.238814 -0.689897 -0.606009 0.25546 -0.181266 0.170274 
2.89977 -0.365419 2.66952 -0.628105 1.21004 -0.346857 -0.635667 -0.155215 -0.684799 0.191006 0.193526 0.0928205 
2.80657 -0.310785 2.25355 -0.511878 0.802886 -0.497144 -0.363445 -0.0726593 -0.138353 0.0416193 0.0759626 0.160083 
