2.81551 0.0292798 3.20276 -1.07533 1.70034 -0.587455 -0.221852 -0.441349 -0.485476 0.375675 0.0910698 0.211401 
2.86163 -0.136758 2.58736 -0.495378 0.899136 -0.463597 0.973874 -0.555835 -0.287858 -0.201455 -0.0661547 0.287136 
2.93549 -0.166554 2.86309 -1.61016 2.00784 -0.0213104 0.147586 -0.102311 -0.954961 -0.148712 0.0194195 0.25159 
2.80404 0.0335749 3.18378 -0.800062 1.35793 -0.946043 -0.502826 -0.133293 -0.21679 -0.0778154 -0.0568364 0.214755 
3.06517 -0.356187 3.19678 -0.234353 2.37703 -0.755654 -1.30392 -0.328372 -0.727826 0.112103 0.210668 0.155239 
2.96793 -0.777129 2.99881 -1.17359 1.4934 -0.448339 -0.204101 -0.0800388 -0.906124 0.0316607 0.0719907 0.263952 
2.74599 -0.683735 2.05173 -0.0607531 2.02781 -0.505135 0.301176 -0.232221 -0.0519873 0.174474 -0.149594 0.23138 
2.94621 0.053503 2.82813 -0.330721 1.2646 -1.01454 -0.264766 -0.499929 -0.17142 -0.0693686 0.037077 0.249438 
2.64119 -0.243964 3.02863 -0.803232 1.52472 -0.855592 -0.16796 -0.253807 -0.630554 0.0178114 0.0819999 0.26874 
2.92431 -0.0267505 3.32052 -1.31915 0.67483 -0.457921 0.414424 -0.00355184 -0.90434 -0.0389142 -0.0200417 0.161903 
2.94692 -0.00635214 3.17787 -1.20011 1.49947 0.023843 1.00719 0.194685 -0.604313 0.174185 0.0803195 0.190364 
3.40192 0.433422 3.07568 -0.296429 1.69095 -0.368306 0.533183 -0.987307 -0.811483 0.0796393 0.135113 0.237159 
3.67091 1.98474 4.21226 1.62229 2.92221 0.184766 -0.354704 -0.372756 -1.31701 -0.681782 -0.157168 -0.152442 
4.18868 3.15176 4.649 1.5508 1.3575 -0.27508 0.252967 -1.68492 -1.10034 -0.71719 -0.477135 -0.148622 
4.18445 3.35713 4.26036 2.06419 1.61815 -0.400592 -1.23277 -1.46505 -1.59754 -0.394733 -0.407262 -0.160751 
4.4316 2.90406 3.61725 1.73071 1.2727 -0.118579 -1.34628 -1.61214 -1.47456 -0.461153 -0.275368 -0.128677 
4.18286 2.90636 4.59613 1.59346 1.2202 -0.284988 -1.29046 -1.61115 -1.1279 -0.512849 -0.388212 -0.147419 
4.35872 2.87083 3.93935 1.53785 1.55551 -0.445069 -1.07351 -0.675614 -1.16527 -0.637235 -0.245781 -0.127054 
4.23721 1.94972 4.38985 0.888483 1.81653 0.116238 -0.92088 -0.652949 -1.41858 -0.825042 -0.151563 -0.12729 
3.91109 1.34284 4.0176 1.50822 2.53683 -0.62419 -0.228034 -1.37051 -0.634614 -0.438326 -0.323907 0.0196022 
3.63254 1.19797 4.30656 0.919949 1.46494 -0.416294 0.387451 -0.664028 -0.933175 -0.22976 -0.060746 0.0234703 
3.5597 0.649737 4.03845 0.0749892 2.3209 -0.083693 0.243633 -0.819863 -0.91939 -0.266993 -0.148419 0.117665 
3.568 0.88459 3.33861 -0.893082 2.31682 -0.500089 0.155309 -0.38754 -0.773761 0.160542 -0.187161 0.106967 
3.29136 0.629825 3.40542 -0.560704 1.9735 -0.89476 0.0147783 -0.0197641 -0.757671 -0.454773 0.0448424 0.214907 
3.10468 0.116839 2.11872 -1.2039 2.00426 -0.779748 -0.0233635 0.127014 -0.700788 -0.188371 0.0103474 0.224097 
3.16402 0.276229 3.22686 -1.44156 1.32313 -0.425122 0.00159658 -0.199932 -0.0532333 0.07489 0.0833887 0.285458 
3.81154 1.25305 4.15756 0.189774 1.30356 -1.23151 -0.810629 -0.231788 -0.175136 0.172113 0.0425113 0.0924949 
4.30868 2.83715 4.19024 1.41216 0.587456 -0.673337 -1.18806 -1.40977 -0.491253 0.331301 -0.162187 -0.0418087 
4.53074 3.05408 3.63163 1.18187 0.337212 -1.19786 -1.80622 -1.48609 -0.994859 0.132248 -0.099831 -0.0271353 
4.74653 3.01185 4.23021 0.682758 -0.0781457 -1.49757 -1.35877 -1.43209 -0.912464 -0.379479 -0.171659 -0.030959 
5.08201 2.5734 4.85406 -0.00066825 1.70821 -1.5111 -1.45711 -1.05216 -0.875301 -0.0414213 -0.337579 -0.0497516 
5.19557 2.37457 4.56689 -1.26746 0.573349 -0.919796 -1.78355 -0.876478 -0.66253 0.178383 0.0178857 -0.00661575 
4.67279 1.76732 3.85551 -0.0553077 0.581613 -2.18598 -0.745401 -0.867956 -0.32198 0.0554826 -0.290018 0.0386934 
4.29214 2.0783 4.44978 -1.02167 0.832097 -2.10992 -1.06065 -0.439344 -0.963729 -0.471207 -0.304583 -0.00281547 
4.3068 1.60149 3.94328 -0.613511 1.22997 -1.82759 -1.63535 -0.934701 -0.338772 0.0654071 -0.34012 -0.0136364 
3.56577 1.03823 4.13556 -0.204724 1.33256 -1.259 -0.701541 -0.764709 -0.713497 0.0813247 -0.0323932 0.0883201 
3.64269 0.659279 4.12938 0.425324 0.434558 -1.32554 -0.370011 -0.659583 -0.627331 0.237037 0.0429543 0.0798053 
3.33725 0.420966 4.64594 -0.246347 0.740372 -0.66148 0.00384984 -0.936426 -0.868406 0.263015 0.0926855 0.115369 
3.27042 0.618699 3.91364 -0.632401 1.6657 -1.06273 -0.414576 0.333908 -0.762627 -0.0988059 0.0960032 0.0867801 
3.12467 0.0952497 3.18825 -0.236549 1.77026 0.00453272 -0.332107 -0.124547 -0.181306 0.255738 -0.0777025 0.0268422 
3.18514 0.296358 3.52938 -0.266384 1.97736 -0.813481 -0.54649 0.340071 -0.436832 -0.175164 0.0139204 0.11172 
3.12964 0.146042 3.1488 -1.1339 1.94057 -0.685098 -0.0533887 0.410287 -0.61513 0.00725242 0.0099395 0.158935 
3.16999 0.179264 3.6925 -0.357914 2.32444 0.257391 -0.189247 -0.210703 -0.684103 0.00136942 -0.129387 0.0146196 
3.20292 -0.210178 2.94081 -0.686932 1.85405 -0.0939949 0.0458914 -0.305125 -0.348065 -0.0292251 -0.348045 0.1254 
3.14593 -0.0967979 3.37105 -0.416599 1.24252 -0.42129 -0.0186185 -0.877495 -0.072968 0.397497 0.017038 0.234308 
3.01603 0.0732508 1.92521 -0.500051 1.90394 -0.488539 -0.139805 -0.230895 -0.278861 -0.0609888 0.0273262 0.190955 
3.22857 -0.298567 3.41192 -1.15271 1.14769 -0.23645 0.585186 0.180453 -0.951423 0.253156 -0.0426272 0.101241 
3.04046 -0.25609 2.23749 -0.174496 1.69307 -1.27011 0.157727 -0.613052 -0.53947 0.290134 -0.0645313 0.245658 
2.74334 -0.242779 2.45546 -1.30715 1.1111 -0.662456 0.0758359 0.0163242 -0.487069 0.486175 -0.0805224 0.166796 
2.87134 -0.462908 2.53601 -1.18561 2.1896 0.0718936 0.222554 -0.0394089 -0.914602 0.215826 0.0196497 0.178336 
2.9288 -0.201333 3.2993 -1.33259 1.6262 -0.654554 -0.321551 -0.177992 -0.481643 0.0928496 -0.0159324 0.266419 
2.8759 -0.280334 2.54024 -1.05577 1.53229 -0.934175 -0.287886 0.019947 -0.512064 -0.199738 -0.0115493 0.292129 
2.66588 0.0737828 2.95447 -0.961925 1.04687 -0.860021 0.754677 -0.473105 -0.801142 0.255886 -0.00734537 0.233492 
2.70871 -0.327369 2.56834 -1.57054 1.08796 -0.641268 -0.277956 0.382333 0.0407279 0.0706681 -0.142603 0.23459 
2.64847 -0.374861 3.18849 -1.1683 1.88344 -0.366755 -0.543371 -0.395672 -0.580222 0.214367 0.0846546 0.236926 
2.79869 -0.0184158 3.02426 -1.02946 1.04556 -0.714184 -0.0254743 -0.700766 -0.486081 0.484923 -0.137333 0.187303 
2.88143 0.150472 2.8174 -1.55806 1.492 -0.118191 -0.10353 -0.533582 -0.856459 -0.129005 0.114187 0.252646 
3.04023 -0.117375 2.38169 -0.942899 1.72767 -0.887107 -0.0798268 0.158772 -0.395638 -0.401666 -0.0564999 0.284798 
2.59449 0.0430516 2.16353 -1.15507 2.36026 -0.554283 -0.329087 -0.0749117 -0.45097 -0.185858 0.143517 0.270677 
2.81006 -0.395012 2.80156 -0.0744059 1.22441 -1.23565 -0.309464 -0.298499 -0.837282 0.582174 -0.00208444 0.107408 
