2.66661 -0.113326 2.48076 -0.542316 1.91113 -0.498682 -0.486625 -0.797004 -0.567582 0.318205 -0.0582535 0.154848 
2.89958 -0.427095 2.86689 -0.864742 1.4512 -0.522766 -0.243484 -0.0709781 -0.504268 -0.155986 0.0327481 0.235089 
2.95996 -0.187218 2.47007 -0.249238 0.827801 -1.12913 0.804036 -0.134361 -0.993053 0.30045 -0.112002 0.0925677 
2.5728 -0.00823936 3.2923 -1.01003 1.97562 -0.0716439 -0.416316 -0.200215 -0.641746 -0.11942 0.094926 0.153693 
3.1643 -0.529236 2.99752 -0.442338 1.27214 -0.64601 -0.287369 -0.172439 -0.855532 0.182229 0.0528478 0.107571 
2.7992 0.200943 2.77808 -1.01732 1.38516 -0.484102 -0.098736 -0.532531 -1.02235 0.26316 0.0927031 0.137092 
2.87455 -0.381296 2.89438 -0.663253 2.17343 -0.052362 -0.140305 0.311116 -0.428142 0.259921 0.00870198 0.0884972 
2.66364 -0.111952 2.79809 -0.662802 1.17092 -0.578349 0.00564066 -0.274671 -0.514014 -0.295618 -0.0710093 0.197511 
2.82748 -0.103648 2.14997 -0.728536 0.885608 -0.92247 0.815327 0.222513 -0.454253 -0.15436 -0.24913 0.181073 
2.75768 0.069212 2.69327 -0.638495 2.31268 -0.648694 0.0595417 -0.00797376 -0.127411 0.107242 -0.0621379 0.19223 
2.86602 -0.0990427 1.85992 -0.451319 1.12149 -0.82813 0.422988 -0.994889 -0.722457 0.493684 -0.240767 0.132253 
2.53534 -0.248105 2.45025 -0.471783 1.97738 0.187191 0.864224 -0.240659 -0.00519617 0.268994 -0.064288 0.166367 
2.90067 -0.422308 2.99466 -0.387689 1.30446 -0.248148 0.268653 -0.702728 -0.277797 0.466192 -0.118749 0.125847 
2.71234 -0.163675 2.60616 -0.932159 1.3705 -0.518599 -0.797518 0.0729492 -0.828268 -0.100836 0.0921519 0.135215 
2.68705 -0.0328305 2.34668 -1.29934 1.33661 0.468766 -0.752421 0.0218001 0.0587008 0.106061 -0.0399997 0.0946191 
2.94979 -0.00475548 2.81766 -1.2574 1.00902 0.267929 0.105486 -0.56439 -0.196586 0.0309855 -0.0101043 0.201968 
2.91498 -0.299801 2.84504 -0.417314 0.909468 -0.695587 0.235604 -0.509574 -0.946217 0.338041 -0.0402538 0.10938 
2.67878 -0.120436 3.06924 -1.44794 0.765766 -0.510277 0.197106 0.340127 -0.288197 -0.172439 -0.0946775 0.202034 
2.69797 -0.158157 2.85373 -1.42652 1.60963 -0.276624 -0.161327 -0.700404 -0.439581 -0.00183483 -0.115076 0.270532 
2.72475 0.315726 3.23119 -0.988763 1.64529 -0.360798 -0.269565 -0.193094 -0.879466 -0.0488185 0.13394 0.115774 
3.09665 0.45239 3.46473 0.254632 1.70804 -0.915519 -0.102658 -0.481591 -0.603955 0.0116139 -0.149513 0.0447232 
3.79338 2.19301 4.46011 1.23439 2.42605 -0.836806 -0.531727 -0.975966 -1.62674 -1.11414 -0.33735 -0.124203 
4.41208 3.21472 5.00028 2.54439 1.41945 -0.456284 -1.13757 -1.59295 -1.5117 -0.366206 -0.458481 -0.195174 
4.47942 3.38501 4.61754 2.20688 1.33687 -0.885859 -1.51395 -1.2484 -1.3682 -0.443294 -0.344971 -0.128483 
4.59838 3.25929 4.53962 2.06208 1.00649 -0.895735 -1.5948 -1.10554 -1.12636 -0.152881 -0.182761 -0.0591139 
4.59476 2.51897 4.97835 1.32254 1.77525 -1.11088 -0.782866 -1.58521 -0.705097 -0.216331 -0.433805 -0.0266299 
4.34468 2.49255 5.43197 1.95994 1.32065 -1.34768 -0.515274 -0.492729 -1.22837 -0.453233 -0.279603 -0.107457 
3.92938 2.20888 3.89483 0.967936 2.31686 0.101684 0.376781 -0.718587 -0.433375 -0.448633 -0.255302 -0.0209209 
4.06395 1.67508 4.22841 1.27713 2.83707 0.0213599 0.276661 -0.0588688 -0.957334 -0.844854 -0.279616 -0.0539999 
3.69107 1.22477 4.63043 0.188101 2.61829 -0.520976 -0.835435 -1.15449 -1.25875 -0.338324 -0.23689 -0.010247 
3.4468 0.910366 4.92806 0.17048 2.33944 0.61253 0.614493 -0.578566 -1.18052 0.312213 -0.0351957 0.00507101 
3.29627 0.748039 3.61926 -0.817673 2.3325 -0.064966 0.930496 0.324721 -0.995346 0.0507332 -0.00898933 0.107415 
3.2659 0.573656 3.36794 0.68737 2.04217 -0.668957 -0.0625483 -0.189543 -0.858419 0.0299515 0.151161 0.0695219 
2.93345 0.714687 2.919 -0.510809 2.96121 -0.169469 0.13332 -0.697404 -0.113048 0.103865 0.0926657 0.209194 
3.27663 0.278461 3.0653 -0.371691 0.746616 -1.7636 -0.040978 -0.723257 -1.26077 0.483481 0.238893 0.164046 
3.37187 1.32342 3.70657 -0.513485 0.998243 -0.929801 -0.89804 -1.26295 -1.27874 0.328577 0.141745 0.0160259 
3.94208 2.83281 3.48644 1.19369 0.134999 -1.41685 -1.65519 -1.50837 -0.836611 0.000742602 -0.154181 -0.0223391 
4.5212 3.11158 3.43548 1.12759 -0.548596 -1.88113 -1.80313 -1.28036 -0.917617 -0.238423 -0.0817776 0.000633027 
4.74272 3.01846 4.35612 1.04012 -0.223981 -2.1001 -1.57317 -0.852177 -0.879953 -0.539306 -0.0973948 -0.0122322 
4.64127 2.99158 3.87711 0.15156 -0.322354 -2.44214 -2.23992 -0.675897 0.111009 -0.5561 -0.00518426 0.0540771 
4.77492 2.90305 3.69053 -0.89423 -0.17135 -2.26946 -1.18172 -0.393868 0.105582 0.0379352 -0.0173347 0.0259321 
4.3624 2.36449 4.10185 0.248016 0.136677 -2.22879 -0.954029 -0.939157 -0.899886 0.484096 -0.127198 -0.0378395 
4.13673 2.21621 4.5918 0.0318612 0.288393 -2.20023 -0.65126 -0.492058 -1.30864 -0.0615111 -0.206672 -0.091749 
3.98188 1.34363 4.19671 0.689881 -0.163505 -2.21496 -0.322238 -0.0805448 -0.830649 -0.178635 -0.206873 -0.0885808 
3.65694 0.534935 4.12147 -0.697728 0.247825 -1.56589 -1.30314 -0.546234 -1.26654 -0.225526 0.0977321 -0.00822926 
3.32924 0.606508 4.36707 -0.532862 0.590118 -1.13441 -0.187233 -1.05316 -1.34797 -0.343434 -0.162946 0.00751321 
3.26567 0.493523 4.07211 -0.854656 0.909041 -0.526256 -0.168168 -0.170402 -0.81388 -0.289789 -0.103254 -7.49948e-005 
3.16944 0.466817 3.41809 -0.68426 1.97631 -0.658054 0.29512 0.0964699 -0.746053 -0.299583 -0.178531 0.0833589 
3.08041 0.168122 2.68412 -1.38923 1.89447 -0.650151 -0.81107 -0.172184 -0.690487 -0.0215456 -0.0741362 0.116309 
2.73905 -0.0777395 3.22167 -1.42706 1.55129 -0.0945641 0.292382 0.171119 -0.462621 0.0256543 -0.145277 0.115521 
2.76989 -0.0749739 3.11692 -1.2448 1.45948 -0.0611847 -0.442089 -0.0499716 -0.669468 -0.0893549 0.0390072 0.125876 
2.53115 -0.333884 2.84773 -0.25057 1.40486 -1.12667 0.389643 -0.573018 -0.682772 -0.161381 -0.125406 0.303801 
2.82033 -0.466387 2.46649 -0.596799 0.681247 -0.42754 0.802522 -0.132001 -0.999774 0.0025514 0.119391 0.194513 
2.81284 -0.0136939 2.94253 -1.20104 1.63998 -0.425301 -0.36904 -0.355941 -0.87623 0.022957 0.117435 0.190217 
2.74775 -0.372325 2.6897 -0.282527 1.54724 -0.905582 0.324554 -0.674829 -0.87003 0.581909 0.0180711 0.161408 
2.59737 -0.279765 2.5863 -0.372333 1.38289 -0.773433 -0.258391 -0.453664 -0.00219969 0.0402519 0.0108471 0.248751 
2.80216 -0.0438016 2.46764 -0.890013 0.605605 -1.24819 0.774937 -0.0618626 -0.646026 -0.0652134 -0.0267545 0.25397 
2.59904 -0.767258 2.08263 -0.704957 1.51939 -0.162866 0.74971 -1.03177 -0.613163 0.668723 -0.128729 0.227485 
2.97384 -0.603435 3.13887 -0.551133 1.20345 -0.800406 -0.308122 0.115964 -0.898222 0.225086 -0.0652435 0.0847854 
2.30523 -0.0709899 2.87892 -1.25475 1.36471 -0.303676 0.693886 -0.111705 -0.835767 -0.0685599 0.105105 0.238345 
