2.86658 -0.192065 2.13116 -1.64835 1.61705 -0.455613 -0.0665625 0.631378 -0.365351 -0.0775717 0.125965 0.222324 
2.73584 -0.468796 3.57952 -0.784423 1.6406 -0.365058 -0.602469 0.0680066 -0.203607 0.511798 0.188543 0.140396 
2.73586 -0.294465 2.26092 -1.04221 2.38552 -0.416521 0.084361 -0.472381 -0.0582587 0.238242 -0.0450816 0.294044 
2.68748 -0.253986 2.79944 -1.18657 1.76191 -0.543685 -0.545537 0.304401 -0.911567 -0.00928455 0.120681 0.164797 
2.87379 -0.18345 2.97853 -0.969016 1.6652 -0.47374 -0.506756 -0.323266 -0.453133 0.372107 0.042784 0.158631 
2.78127 -0.237803 3.14169 -1.15126 1.32916 -0.321924 -0.0410293 0.425515 -0.143452 -0.110531 -0.0648083 0.1934 
2.80252 0.254157 2.31771 -0.673132 1.19277 -0.880081 0.724119 -0.222745 -0.0425779 -0.185313 -0.136078 0.247207 
2.87578 -0.390416 3.45832 -0.777895 1.34808 -0.470567 0.381383 -0.0953822 -0.819916 0.0448318 0.0586462 0.227691 
2.58116 -0.0633176 3.08678 -0.33134 1.74363 -0.61169 0.555728 -0.218452 0.0709406 0.55978 0.0964871 0.210569 
2.74114 0.199762 2.37128 -1.49306 2.57487 -0.0933626 -0.546351 -0.56498 -0.723037 0.00553259 0.150847 0.232398 
2.90439 -0.402466 2.90461 -0.679363 1.73124 -0.954273 -0.380397 -0.187175 -0.550633 -0.0210973 0.0831016 0.285022 
2.81846 -0.550903 3.04522 -0.68545 1.87765 -0.497389 -0.212157 -0.57931 -0.417737 0.299012 -0.116725 0.232751 
2.78146 -0.32899 3.36856 -0.212671 1.77026 -0.434212 -0.102628 0.302093 0.0412062 0.410893 -0.00533562 0.1182 
2.737 -0.20004 2.93643 -0.808137 1.42205 -0.54307 0.517855 -0.385494 -0.71973 0.248537 0.0470645 0.224247 
2.73301 -0.0981746 2.58267 -0.58829 2.05508 -0.982005 -0.350167 -0.54481 -0.440076 0.271551 -0.0573336 0.226407 
3.11521 -0.505641 3.10702 -1.23057 1.64511 0.61292 -0.471469 -0.186429 -0.968577 0.145006 0.246768 0.0980938 
3.85766 1.11169 2.60362 -1.98488 1.00543 -0.296795 0.602796 0.899891 0.398145 0.0196276 -0.508912 -0.14236 
4.50465 1.51578 2.94628 -1.11785 1.09904 0.811517 1.00416 1.53772 0.546603 0.159456 -0.403577 -0.282553 
4.91338 1.94071 1.47171 -1.22145 0.519369 0.506411 1.54697 1.04341 -0.0400019 0.0558875 -0.390805 -0.252562 
4.98759 2.06143 1.31664 -2.21643 0.206247 0.938178 1.64557 0.990158 -0.30827 -0.010275 -0.360052 -0.209995 
4.65057 1.52644 2.19147 -1.56825 0.853703 -0.829112 0.196646 0.0473157 0.071942 0.323083 -0.462668 -0.2123 
4.94661 1.69376 2.92002 -0.527762 1.65392 1.02345 0.679229 0.762635 0.985621 0.296453 -0.226819 -0.103318 
4.46567 1.25152 3.43953 -1.04562 2.06076 0.280974 0.437056 1.82673 1.13584 0.581917 0.00589482 0.023345 
4.22032 1.02784 3.60966 -0.436323 1.32556 0.0101138 1.13702 1.81465 0.523839 0.132935 -0.00418951 0.04847 
4.14076 0.946831 3.92856 0.0515047 1.78851 0.0773014 0.911022 0.897386 -0.150153 1.01937 0.0510997 -0.0643599 
3.83977 1.05419 3.90784 -0.297219 2.35681 0.683037 1.44348 2.03232 0.898841 0.222937 -0.189143 0.030495 
3.62319 1.05887 3.61772 -0.128503 2.1943 0.235687 1.92345 1.01162 0.844951 0.550381 -0.203239 0.144802 
3.26233 1.51263 2.7467 1.10052 1.65724 1.09233 1.4836 1.21843 0.0719927 0.46414 0.128219 0.00405876 
3.882 2.18569 1.68347 0.0601508 1.8688 1.83031 2.15917 2.07586 0.979359 0.461176 -0.282522 -0.151455 
4.14835 1.84708 1.65269 -0.656607 1.52127 2.22529 2.71657 2.36854 0.180671 0.534696 -0.214307 -0.152579 
4.58743 1.74615 0.214787 -1.19649 1.5095 2.58644 3.71277 1.85217 -0.467003 0.225971 -0.155608 -0.0158613 
4.4267 1.60187 0.846259 -2.11594 1.77395 3.18253 3.4286 1.71905 -0.534025 0.0547813 -0.148603 0.0294453 
4.45643 0.769924 0.772293 -2.63028 1.67961 2.18312 3.77696 2.07876 -0.369819 0.0756699 -0.255795 -0.0112657 
3.98947 1.3867 1.60507 -1.22361 1.59601 1.98825 2.46747 2.36252 0.0135338 0.38578 0.028311 -0.0503599 
3.73521 1.2855 1.45108 -0.755806 1.89594 2.01175 2.78208 2.21705 0.468437 0.162043 -0.00865797 0.0274562 
4.00094 1.02495 3.11668 -1.09107 2.35926 1.08012 2.41036 1.93578 0.882485 0.221925 -0.308291 0.0795645 
3.85986 0.978016 2.37698 -1.13598 1.61157 1.31912 2.38767 1.56913 0.573036 0.0370758 -0.196638 0.0135883 
3.64887 0.544361 2.62795 -0.156625 2.39712 2.43517 2.02521 1.80111 0.266031 0.166947 -0.0661569 -0.0342797 
3.73188 0.796557 2.56061 0.417213 1.79661 1.1957 1.8064 0.629427 0.324459 0.0512696 0.0252794 0.0932091 
3.62037 1.56427 3.02897 0.648486 2.12708 1.19352 1.40089 0.519501 0.558144 -0.100922 -0.0565498 0.0490958 
3.23067 1.32184 3.56023 1.28602 2.86912 0.673379 1.37772 0.369737 0.190972 0.478595 -0.155491 0.00200472 
3.32795 0.512032 3.70493 1.19477 2.80579 0.264037 0.0828108 -0.0421609 0.396711 -0.021016 -0.0841567 0.0663044 
3.69101 1.25013 4.1327 0.683124 2.62943 0.466341 0.645325 -0.439566 -0.126885 0.137418 -0.117179 0.0749196 
3.48075 1.15535 3.48834 0.875092 2.68297 0.124625 1.07588 -0.395759 -0.565449 0.32337 0.0141549 0.0587889 
3.32948 0.820984 3.0951 -0.0229779 2.43063 0.218926 0.959022 -0.0920257 -0.396485 0.664908 -0.0117981 0.0543382 
3.33084 0.596675 4.05534 0.431171 2.59114 0.187953 0.841 0.209415 -0.361719 0.385147 0.0657634 0.0944497 
3.13362 0.7829 3.90269 -0.491249 1.82098 0.191597 1.05803 -0.0962524 -0.22794 0.431928 -0.01561 0.0992463 
3.06742 0.235894 3.90776 -0.630885 2.68652 0.747043 0.963512 0.287951 -0.778893 0.173556 0.0606159 0.115796 
2.78185 -0.233866 3.54793 -0.360062 1.78585 -0.169788 0.14167 -0.556858 -0.749815 0.838835 0.190056 0.0922373 
3.14517 -0.0130111 4.1808 0.461656 1.86315 -0.239157 0.0505451 -1.01595 -0.588855 0.292189 0.187222 0.176287 
2.66448 -0.429565 3.10715 -0.78564 1.63932 0.0840804 -0.197781 -0.682045 -0.914492 0.0400168 0.204548 0.219838 
2.62822 0.187689 3.65368 0.20135 1.44178 -0.277681 0.848577 -0.850252 -0.138499 0.409958 0.105074 0.157556 
3.06683 -0.5085 3.32881 -1.40431 2.01624 -0.0872994 -0.45831 1.24886 -0.371449 -0.114718 0.141196 0.106792 
2.86923 -0.0222249 3.1017 -1.49932 1.42225 0.0405578 -0.322703 -0.0262173 -0.694567 0.0186197 0.0231545 0.136242 
2.72418 -0.490136 3.12032 -1.34024 2.08801 -0.298896 -0.0852713 0.692499 -0.633357 -0.352052 -0.0105458 0.246966 
2.86475 -0.599435 2.73805 -0.640961 1.72784 -0.75016 -0.184074 -0.0471319 -0.855472 -0.0620048 -0.0852902 0.226289 
2.68916 -0.53043 2.5969 -0.552979 1.34417 -1.40439 0.527389 0.141476 -0.475785 0.223742 -0.0329961 0.296912 
2.85044 -0.374479 3.31166 -0.722096 1.1116 -0.654131 0.164548 0.186977 -0.243133 0.0555775 -0.00357898 0.224784 
2.95091 -0.283225 3.26887 0.206788 1.41624 -0.691252 0.45856 -0.400669 -0.521001 0.597273 -0.034043 0.0885326 
2.75152 0.117825 2.9994 -0.553227 1.37029 0.0129781 1.19197 -0.748502 -0.516111 0.0114038 0.119114 0.251489 
