2.5843 -0.340047 2.04941 -0.867337 1.27618 -0.943564 -0.0911208 -0.510592 -0.703241 0.0645397 -0.0325419 0.166585 
2.64605 -0.198869 2.90575 -1.5877 0.915411 -0.858246 0.502497 -0.544726 -0.944687 -0.015873 0.0618957 0.214532 
2.80798 -0.443166 2.34518 -1.85809 1.48992 -1.0349 -0.495288 -0.533241 -0.716672 -0.174018 -0.183644 0.220263 
2.63619 -0.254578 2.27258 -1.038 0.885509 -0.977323 -0.256946 -1.3896 -1.25523 0.0375368 -0.0613249 0.118479 
2.49484 -0.473708 2.31535 -1.03436 1.37183 -0.412433 -0.224949 -0.939995 -0.76006 0.0178655 -0.0399648 0.165935 
2.7765 -0.328982 1.80293 -1.12737 1.55405 -0.487378 -0.490397 -0.939249 -1.49371 0.273235 0.0912761 0.116846 
2.63149 -0.575427 2.05786 -0.875928 1.4233 -0.259933 -1.1598 -0.324536 -0.577984 -0.39646 0.0512646 0.160559 
2.55913 -0.248734 2.31785 -0.746816 2.0348 -1.20213 -0.602261 -0.266705 -0.659202 0.0686158 -0.211566 0.0699171 
2.5905 -0.263207 2.74047 -1.0867 1.43018 -0.652137 0.157483 -0.764825 -0.424436 0.101578 -0.108297 0.259264 
2.57185 -0.309846 3.25005 0.205801 1.5097 -0.636901 0.226406 -1.08693 -0.934164 0.25698 0.175798 0.17915 
3.16155 0.0803521 3.68352 -0.184071 2.84083 -0.0627795 0.120831 -0.0119537 -0.0398346 0.745099 0.106531 0.171839 
3.15252 0.341957 2.95609 -0.689427 2.29437 -0.661143 0.0283577 0.099326 -0.460901 -0.101137 0.0620824 0.213944 
2.88574 -0.152975 2.39459 -1.10103 1.63374 -0.660615 -0.494739 -0.381299 -0.311897 0.0498184 -0.187261 0.176562 
2.82697 -0.283228 2.34688 -1.86182 0.64941 -0.0181378 0.0283343 -1.19532 -0.617424 0.199455 -0.0333372 0.142035 
2.76588 -0.34342 1.85773 -1.85225 1.27606 -0.495516 -0.0445982 -0.307524 -0.927716 -0.132165 -0.231556 0.0588915 
2.73083 -0.0107432 3.04278 -1.17864 1.26412 -1.0644 0.259411 -0.400748 -1.43381 0.100878 0.0591987 0.151699 
2.61906 -0.114094 2.22548 -0.564615 1.80934 -0.665547 0.54121 -0.0715406 -0.8551 -0.133166 0.112959 0.135995 
2.94171 -0.321188 1.97077 -1.19192 1.65037 -0.78129 -0.268661 -0.722012 -0.701557 0.223217 -0.155982 0.0882633 
2.66342 -0.0198929 2.65546 -1.73342 1.30851 -1.15133 -0.599599 -0.917586 -0.827185 0.0531242 -0.139776 0.170276 
2.82657 -0.438525 2.51803 -1.51297 1.0564 -0.441503 -0.317839 -0.669118 -0.92316 -0.216722 0.0563605 0.192761 
2.67856 -0.643405 2.60972 -1.04532 0.785659 -0.950672 0.435993 -0.658588 -1.00075 -0.24143 -0.0687308 0.153032 
3.49091 0.307159 2.95969 -0.912548 2.38576 0.157813 0.477147 0.39322 -0.656362 0.121819 0.00893279 0.117694 
4.32757 0.941905 1.17447 -1.98546 0.634484 0.304017 1.2685 0.696371 -0.431478 -0.0306801 -0.49863 -0.299988 
5.17129 2.17492 1.14531 -1.9654 0.588434 3.27094 2.58451 1.02726 0.000311585 -0.316355 -0.378337 -0.118448 
5.05853 2.4077 1.96286 -1.36125 1.58898 1.56668 2.27255 1.50333 -0.631628 -0.000658472 -0.235341 -0.0996369 
4.9204 1.97268 2.09104 -1.19029 1.31647 2.14459 2.00937 1.62875 0.363364 0.2963 0.0177689 -0.0238071 
4.20275 2.27679 2.41588 0.243221 1.63183 1.75618 2.09181 1.20868 0.502732 0.410904 0.0661919 0.0446683 
3.93846 2.72135 2.87617 1.15762 1.49389 0.907105 1.85162 1.68505 0.72511 0.514157 0.10123 0.0215936 
3.46206 2.28392 2.89987 1.04831 1.6744 0.950125 1.47906 1.33238 0.175814 1.06138 0.209788 0.0587762 
3.58223 1.94589 2.94215 1.98773 1.70805 1.45882 1.97126 0.873781 0.40866 0.998979 0.172767 0.0392134 
3.54885 1.92002 3.7383 1.33804 2.62458 1.17349 1.80027 1.11633 0.26428 0.614123 0.173392 0.0794331 
4.97356 1.48994 1.22963 -1.2577 0.899476 3.11039 2.88576 1.79773 0.602613 0.273242 0.0224231 0.0298838 
4.39228 1.79798 -0.313122 -1.54207 0.890096 3.39456 4.16346 2.01281 -0.074153 0.247376 -0.153372 0.0317278 
4.17414 1.89177 -0.139814 -1.18273 0.845622 3.0241 3.85925 2.11471 0.153716 0.422475 -0.166158 -0.00760422 
3.84741 2.10315 0.752306 -0.139241 1.84015 3.16648 3.083 1.73931 0.488463 0.342599 -0.200031 -0.0118067 
3.94641 1.72943 0.586613 -0.845491 1.06617 2.684 3.22614 1.99459 0.241413 0.258955 -0.203574 -0.0507879 
4.02164 1.20496 0.444211 -1.49945 1.34384 2.4714 3.2872 2.70704 0.0541793 0.173008 -0.0323408 -0.0126895 
3.9844 1.5917 1.71926 -2.04981 1.926 1.81068 2.5357 2.59289 0.548948 -0.00568993 -0.00768687 0.0239877 
4.35699 1.31779 2.65316 -1.1985 0.752303 0.595403 3.68261 1.48822 0.00394664 0.301223 -0.0970082 0.122067 
4.30599 0.853422 3.10191 -1.29397 2.12145 1.16554 2.25425 2.19279 0.0662363 0.113567 -0.0940586 0.0534587 
4.3391 1.40857 3.62272 -0.503594 2.64166 1.01755 1.83068 1.74083 0.577191 0.00125407 -0.211402 0.0801732 
4.29628 1.14255 3.61429 0.00120323 1.63845 0.366901 1.14155 0.487601 0.33128 -0.138974 -0.054314 0.188787 
3.77828 1.83074 3.76651 0.00947825 1.67121 -0.86657 0.795286 0.337147 -0.471635 0.119941 0.0966404 0.116673 
4.16175 1.39355 3.42151 -0.170419 1.23709 0.543865 1.44113 0.230003 0.1648 -0.0649093 -0.111852 0.0859576 
3.93563 1.56612 3.1772 -0.206272 1.42281 -0.214186 1.00769 0.981393 -0.132079 0.0243039 -0.0275334 -0.00766773 
3.70617 2.05487 4.42792 0.739204 1.31202 0.974689 0.459986 0.978627 -0.252411 -0.291748 0.0438809 -0.0850688 
3.52666 1.2093 3.51256 2.15831 1.7222 0.616514 0.951176 0.59428 0.131779 -0.109223 -0.110245 -0.0402413 
3.38116 1.51445 4.25878 1.06271 2.68545 0.889045 0.67667 0.336315 0.00559841 -0.0357241 -0.0653714 0.000669066 
3.47407 0.624231 2.93829 0.784075 2.3298 0.432795 1.49602 0.132992 -0.518631 0.11395 0.0804728 0.0889418 
3.41637 0.916494 4.54505 0.159627 2.07758 0.0913049 0.236098 -0.160778 -0.907981 0.544894 0.158637 0.00830442 
3.29918 0.381145 3.73079 -0.393593 2.09948 -0.448518 0.133477 -0.28918 -0.546923 0.0756183 0.111159 0.190067 
2.96302 0.0712503 3.74133 -0.398515 2.15085 0.0167168 0.424029 0.0412257 0.0349225 0.653083 0.128499 0.119255 
3.02656 0.327895 3.84883 0.0238945 1.87989 0.162344 0.619493 -1.10035 -0.523523 0.598779 0.21956 0.161608 
2.97773 0.0706903 3.44748 -0.695103 1.17335 0.0557948 0.794552 0.00709299 -0.641948 0.0777235 0.108756 0.0871309 
2.95305 -0.0494733 3.67291 -1.09619 1.60509 -0.628078 0.425573 -0.119688 -0.807164 0.486878 0.108723 0.118381 
2.84293 -0.5491 2.93248 -0.765958 -0.215048 -0.89952 0.534074 0.043999 -0.800418 0.309735 -0.293825 -0.121557 
2.87766 -0.417197 2.96404 -0.0801059 0.721474 -1.13069 0.410447 -0.907901 -1.49288 0.341129 0.116653 0.0668276 
2.95998 -0.489113 2.95955 -1.1324 1.52823 -0.501465 -0.303961 -0.489999 -1.04207 -0.054268 0.0685036 0.14763 
2.6583 0.00393786 2.86639 -1.24074 1.319 -0.380814 0.282735 -0.31087 -0.514285 -0.282628 -0.0625924 0.156196 
2.61186 0.106145 4.46115 0.124349 2.13329 -1.5384 -1.05981 -0.431724 -0.637705 0.330626 -0.159027 0.0601348 
