2.79033 -0.485898 2.36556 -1.63147 0.765445 -0.498848 0.199995 -0.0978766 -0.643981 0.190054 -0.135139 0.104477 
2.36627 -0.184176 2.795 -1.22586 0.91724 -0.599194 0.368053 -0.362209 -0.00713841 0.387912 0.0589693 0.153518 
2.63367 -0.373198 1.81791 -0.799803 1.44266 -0.443755 0.530776 -1.43768 0.0104277 -0.261457 -0.0995299 0.290896 
2.49068 -0.21544 2.53592 -2.20753 1.08791 0.0187134 0.403214 0.26178 -1.06085 0.117596 0.105768 0.0353594 
2.42372 -0.841865 2.44228 -1.76784 1.3755 -0.0192212 0.44849 0.623857 -0.663626 0.195692 0.324244 0.128852 
2.59569 -0.335048 2.65377 -1.86162 1.79573 0.539928 0.650514 0.0676784 0.0860744 0.101772 -0.0310063 0.145664 
2.57316 -0.894235 3.05057 -1.35845 0.838891 0.274561 0.541185 1.01328 -0.227623 0.0578238 0.116278 0.0232324 
2.34693 -0.72539 2.12477 -0.887156 1.46745 -0.251492 0.90338 -0.0922717 -0.516564 0.213588 0.0830228 0.123421 
2.44104 -0.289339 2.32515 -1.32282 1.67656 -0.469877 -0.125737 0.469438 -0.355347 -0.0811514 0.135601 0.106442 
2.49291 -0.327082 1.72942 -1.64989 1.80951 -0.653451 0.0832663 -0.289673 0.238811 0.395562 -0.380197 0.0897904 
2.3624 0.109229 1.86942 -1.15908 2.11179 -1.68565 -0.216672 0.160474 -0.682326 -0.175195 -0.0350961 0.189734 
2.46582 -0.341676 1.99439 -0.898874 1.27008 -1.17279 -0.103577 -0.554336 -0.271555 0.283096 -0.158414 0.199638 
2.48797 -0.393326 2.38054 -1.14363 1.2161 -0.809324 0.278895 0.918773 -1.02133 -0.190744 0.0227236 0.067328 
2.77149 -0.519737 2.12773 -1.76418 1.16236 -0.500333 -0.140575 0.377811 -0.254338 -0.0576587 -0.0414618 0.153003 
2.26868 -0.660099 2.75275 -0.731333 2.39304 -0.773938 -0.319899 -0.30766 -0.515167 -0.242108 -0.0489972 0.196832 
2.35245 -0.510888 2.75857 -1.6249 1.86122 -0.835897 -0.178436 0.94817 -0.419568 0.133211 0.0229231 0.0682242 
2.65943 -0.446975 1.80115 -1.65387 2.21969 -0.466502 -0.147253 0.65635 0.0230831 0.030521 -0.275239 0.0713711 
2.67275 -0.585657 2.25818 -1.38294 1.54613 -0.097938 0.195733 0.346413 -0.0740249 0.111781 -0.298174 0.0248667 
2.59797 -0.46246 2.07412 -1.21857 1.50952 -0.194434 -0.0957752 -0.886932 -0.395638 0.309772 -0.0379049 0.174834 
2.74027 -0.371989 2.10055 -0.638697 1.02268 -0.829005 0.419569 -0.67002 -0.356923 0.174601 -0.226066 0.0878607 
2.55059 -0.772638 1.68448 -1.43695 1.27831 -0.642137 0.333169 -0.494913 -0.689073 0.673035 -0.0950847 0.118091 
2.62612 -0.535842 1.86994 -0.729764 1.33554 -0.215234 0.68145 -0.913881 -0.509436 0.0912444 -0.0384123 0.191284 
2.61379 -0.707495 3.4282 -0.777751 1.0953 -0.124011 -0.223264 0.405795 -0.122251 -0.0142415 0.115687 0.0983617 
2.84666 -0.48813 2.54018 -1.39784 1.00988 -0.348697 -0.181148 -0.219667 -0.392274 -0.298538 -0.110917 0.193331 
2.57032 -0.528592 2.37982 -1.44026 1.59726 -0.43711 -0.689118 -0.28643 -0.740878 -0.0240878 0.117947 0.131854 
2.13483 -0.208213 1.83855 -1.02263 2.46111 -0.709274 0.430015 0.0369921 -1.00998 -0.112986 -0.13837 0.194879 
2.74216 -0.730896 2.63975 -0.850076 0.925488 -0.641558 0.110223 0.339567 -0.455618 0.352982 -0.0102027 0.0559305 
2.64257 -0.193959 2.34874 -1.28309 1.39383 -0.661494 0.522758 -0.655707 -0.920797 0.184905 -0.0124356 0.204131 
3.83826 0.518115 3.56027 -0.105895 2.72795 0.714059 0.164176 0.479234 -0.885421 -0.476848 -0.336754 -0.141173 
5.41622 0.663784 0.557988 -2.47651 2.1612 2.68521 2.86284 0.0667262 -1.53999 -0.315808 -0.416342 -0.1364 
5.98519 1.13988 -0.667079 -1.88987 2.78146 2.80496 2.72583 0.184137 -1.36798 -0.685545 -0.272435 -0.0267397 
5.49895 1.67344 -0.456639 -2.18131 2.25998 3.10308 2.11842 0.371874 -0.405963 -0.275725 -0.0281226 0.00823719 
5.0462 1.72701 0.709598 -1.51578 1.89805 2.95945 2.81899 0.841676 -0.214079 0.412483 0.016042 -0.00971588 
4.79647 1.348 0.699438 -1.82547 2.47564 3.38808 2.26812 1.44546 0.259002 0.414556 0.170179 0.0182709 
4.65369 1.50638 1.49383 -0.858565 2.28182 2.9213 2.32708 2.01804 0.126553 0.559992 0.113451 -0.049272 
4.47306 1.62409 2.61065 -0.647923 3.37524 2.97834 2.74675 0.968825 0.120261 0.730194 -0.00475476 0.0845087 
4.29151 1.13915 2.52392 0.198128 3.70115 2.52726 2.8587 1.04625 -0.176667 0.825295 0.0308883 0.0728963 
3.92899 1.30117 3.1837 1.09442 2.28777 2.05981 1.86645 1.60214 0.951278 0.490884 -0.00593135 0.00709014 
3.23896 1.04003 2.68009 0.446835 2.3215 1.06414 1.96787 1.47418 0.538772 0.836772 0.111973 0.0432286 
3.48713 1.73418 1.59971 0.145959 1.62238 2.70942 2.6209 1.64447 0.142838 0.0671593 -0.0209802 0.04804 
3.94125 1.56529 -0.216129 -1.2674 1.87769 3.75333 3.43005 1.50408 -0.414118 -0.113772 -0.0875214 0.114229 
3.59304 1.72371 1.36773 0.575774 3.09528 3.80987 2.98806 1.20421 -0.322941 -0.0175728 -0.0359663 0.136871 
3.80244 1.53651 1.19864 0.441224 2.70719 3.56479 2.83516 1.44369 -0.22775 0.0487605 -0.0830487 0.0653533 
3.37506 1.33619 2.14476 1.00819 2.82995 2.46444 3.18415 1.25034 -0.201042 -0.315115 -0.0600062 0.113538 
3.4209 0.744098 1.5182 -0.66916 2.93369 1.7466 3.31054 1.70173 -0.192274 0.112999 -0.136724 0.110118 
3.66076 0.0202203 2.71642 -0.0582854 2.87184 2.03374 2.92663 1.43566 0.528506 0.130634 -0.24909 0.182999 
3.91096 0.747089 3.4037 -0.283831 3.42704 2.42173 2.39904 1.91937 -0.422805 0.0675543 -0.0190478 0.0471596 
3.53103 1.36379 4.24373 1.48098 3.212 1.18979 1.75978 0.695398 0.550484 0.323575 -0.129197 0.0803382 
3.79153 1.26366 3.47167 0.989594 2.35804 0.220695 1.02625 0.168137 0.136798 0.316031 0.0824904 0.114765 
3.32222 1.35884 4.82782 0.645048 2.57661 0.010207 1.06298 1.00155 -0.240464 0.149561 0.116746 0.0944367 
3.61526 1.30763 4.00448 0.389654 2.10383 -1.09538 0.23156 0.0479913 -0.254236 0.596956 -0.012868 0.0858524 
3.9582 1.63061 3.5817 0.279963 2.07286 -1.16734 0.0701808 0.842816 0.889372 0.732952 -0.198011 0.00806823 
3.63624 1.22305 3.79427 -0.336231 0.6066 -0.591334 0.416286 1.02181 0.395571 0.456781 0.0132365 -0.0406712 
3.29264 1.04899 3.2224 -0.215212 0.804442 -0.0603732 1.10457 0.421391 0.246415 0.102694 0.119635 0.0496444 
3.62722 0.780336 4.30952 0.378993 1.54971 -0.686226 0.956926 0.745466 0.227765 0.747237 -0.0649293 0.0697137 
3.06491 0.828793 3.99279 0.775359 2.23 0.0184744 1.80645 0.748459 -0.0466144 0.1818 -0.101775 0.0822935 
3.06552 0.151758 4.1169 -0.313348 1.81182 0.194681 1.93018 0.948036 -0.16521 0.684641 0.0502944 0.126879 
2.77541 0.205231 2.96079 -0.499211 1.90655 0.441675 1.35661 -0.0369621 0.03921 0.176798 -0.219333 0.0733288 
3.01064 0.308687 2.95443 -0.642366 2.06372 0.00436637 1.32806 0.0488758 -0.187198 0.383599 -0.0488265 0.0975856 
2.83497 -0.010672 3.53004 -0.720615 1.26919 -0.0492595 1.45475 0.378166 -0.777049 0.428587 -0.0241657 -0.0304542 
