2.81209 -0.290195 3.06124 -0.688084 1.39516 -0.730574 -0.473874 0.010706 -0.225898 -0.0724743 -0.0681076 0.226124 
2.7838 -0.130239 2.85442 -1.19012 2.25861 0.15327 0.21968 0.217879 -0.828437 0.0134439 0.126026 0.179992 
2.79636 -0.512963 3.34786 -0.714686 1.75082 -0.749951 -0.991152 0.276729 -0.238413 -0.190167 -0.100833 0.21518 
2.43393 -0.123001 3.16138 -1.02093 1.81829 -0.251786 0.156356 -0.211519 -0.713919 0.226288 0.152872 0.211366 
3.26905 -0.0813742 1.99263 -0.19701 1.64066 -0.7815 -0.183522 0.152728 -0.212603 0.0577921 -0.106518 0.126983 
2.9378 -0.211123 2.75268 -0.990136 0.99508 -0.129009 -0.0843135 0.301263 -0.485192 -0.226517 0.0620598 0.175797 
3.14361 -0.360873 2.40841 -1.31831 1.69498 0.0402401 -0.167775 -0.0938506 -0.553648 0.420304 0.0740552 0.134245 
2.88678 0.0271519 2.43014 -1.29245 1.58193 0.331909 -0.0070859 -0.665979 -0.198546 0.29787 -0.0835094 0.18185 
2.63676 0.122864 2.38091 -1.42988 1.95526 -0.452201 0.683347 0.0811933 -0.589203 0.100068 -0.0920727 0.232043 
2.89128 -0.382478 3.03179 -1.4881 1.54526 0.0521918 -0.738466 0.0149207 -0.552488 -0.103491 0.168888 0.211425 
2.62278 -0.578367 2.97015 -0.552777 2.25852 -0.615987 -0.743305 -0.616633 -0.999707 0.587068 0.136695 0.157925 
2.81824 0.127105 2.7729 -0.616141 1.89007 -0.648409 0.0562591 -0.91925 -0.0982156 0.617703 -0.0565056 0.212933 
3.49362 0.973179 2.55587 -0.447932 1.26954 0.131142 1.08214 -0.0903484 -0.34367 0.15383 -0.436179 -0.137679 
4.69851 1.77863 2.36366 -0.641425 0.814684 0.584348 1.61783 0.947875 0.439444 0.46447 -0.376858 -0.262585 
5.1649 2.03198 2.41433 -2.16536 1.32742 1.16497 1.5839 0.966583 0.322552 0.357817 -0.312635 -0.15486 
5.49374 1.80633 2.57852 -2.57235 0.718646 1.71408 2.01694 1.60529 -0.0997171 0.285973 -0.157905 -0.167779 
4.87056 1.41125 2.66894 -1.87881 0.599482 0.0236879 1.08121 0.772117 0.384342 0.281415 -0.315122 -0.0736286 
4.26691 1.70528 3.36857 -0.324311 1.32948 -0.430821 1.12856 1.07988 0.499979 0.421691 -0.215966 -0.0553609 
4.16816 1.79554 3.92171 0.0736441 1.35408 0.730569 1.45607 1.99605 0.612199 0.330877 -0.192901 -0.170599 
4.05123 1.80923 3.96395 0.893997 2.30128 0.619662 1.40614 0.95563 0.610203 -0.0794113 -0.205844 0.0206349 
3.7964 1.32616 3.8176 1.1121 2.64469 0.748604 1.06835 1.5181 0.466501 0.150923 0.0543729 0.0523008 
3.4886 0.862351 4.35599 -0.216679 3.13303 1.0211 0.830294 1.44211 0.429449 0.215109 0.030677 0.114016 
3.72211 0.913477 3.22659 0.289196 1.04782 0.122709 1.49866 0.859588 0.692499 0.408952 0.00763426 0.0553575 
4.28549 1.34572 1.27391 -1.20712 1.43576 1.01339 2.39404 2.14841 0.28346 0.627309 -0.0906068 -0.124896 
4.60936 2.27537 0.848081 -1.41284 1.84664 3.0493 3.36505 1.65766 0.0963368 0.304218 -0.217061 -0.0396976 
4.45289 1.81643 0.95889 -0.687355 1.8087 2.99139 3.56597 1.63254 0.109115 0.426594 -0.164602 -0.0346583 
4.17178 1.79342 1.46126 -0.211183 1.44497 2.46257 3.01585 2.0161 0.547803 0.50651 -0.19828 -0.103323 
3.70375 1.32804 1.32827 -0.935222 2.165 2.25852 2.49577 1.7198 0.495859 0.117621 -0.062329 0.0217422 
3.74992 1.1342 2.40281 -0.142285 2.17761 1.39512 2.87263 2.00046 0.862653 0.161721 -0.218978 0.0252134 
3.62178 1.50331 2.66669 0.155163 1.70821 1.28526 2.42178 2.10081 0.485916 0.431506 0.0424783 0.00235458 
3.71437 1.34683 2.44317 -0.286644 2.52727 1.50035 1.67452 1.63096 0.452783 0.356486 0.0178362 0.00944995 
3.79495 0.834559 4.52077 -0.106209 1.88754 0.968187 1.88752 1.51972 0.566193 0.399211 -0.132787 0.070251 
4.06166 1.26396 3.33584 0.191835 2.79795 1.5801 1.65254 0.942879 0.842805 0.533527 -0.140769 0.0385179 
3.76622 0.972035 3.96637 0.676791 3.6747 1.29716 1.34682 1.07143 0.0889323 -0.0591894 -0.015533 0.140123 
3.76934 1.01311 5.02773 0.706875 2.57623 0.352588 1.26472 1.20738 -0.293672 0.168729 -0.0802803 0.0318838 
3.64909 1.84883 4.29765 1.32398 2.56263 0.721396 0.412841 0.283181 0.112667 0.219442 -0.0498248 -0.0183186 
3.61371 1.67983 4.43462 1.60155 2.45956 -0.0555675 -0.162522 0.793161 -0.338463 0.252921 0.101678 -0.0314804 
3.40472 1.21892 4.24396 0.485877 2.30858 0.422425 0.744039 0.680832 -0.324586 -0.101202 0.120594 0.0555772 
3.3568 1.11431 4.029 0.487557 2.3574 0.289944 0.50534 0.0543522 0.0972684 0.68862 -0.0493493 0.0281275 
3.7126 0.237703 3.83721 0.0375902 2.50815 1.04437 0.88519 0.141879 -0.539477 0.072908 -0.0168482 0.072202 
3.2011 0.148188 4.08492 0.264752 2.29105 -0.161337 1.14036 -0.229954 -1.0724 0.492792 -0.00746025 0.0979247 
3.40146 0.189151 3.78358 -0.126424 1.36989 -0.716836 0.458744 0.0112166 -0.895992 0.637161 -0.0572878 0.00855123 
2.90957 0.266976 4.02677 0.00471605 1.68415 -0.397085 0.0827051 -1.32376 -0.802548 0.918714 0.104411 0.10392 
2.85211 -0.214908 3.62985 -0.291037 2.52922 0.556142 0.0442897 -0.152003 -0.679648 0.664529 0.0835926 0.0135504 
2.82001 -0.0559229 3.14362 -1.15474 1.16761 -0.426711 0.948184 0.0738775 -0.570792 0.155671 -0.131718 0.193354 
2.98973 -0.146978 2.95224 -0.273721 1.14731 -0.726676 0.612298 -0.287851 -0.697356 0.143178 0.0163975 0.19646 
3.12715 -0.255515 3.21335 -1.10678 1.50081 0.446991 0.60293 0.166296 -0.100723 0.398771 -0.0515331 0.131752 
2.99446 -0.119194 3.36391 -0.816563 1.11874 -0.310002 0.151476 -0.294002 -0.587145 0.183806 -0.0318004 0.159531 
2.53014 -0.498009 3.0257 -0.600315 2.39652 -0.377652 -0.265276 -0.536137 -0.739306 0.382097 0.131829 0.221716 
2.95686 -0.62678 3.17537 -0.874475 1.12231 -0.0181088 0.168059 0.156152 -0.862122 -0.038029 0.150681 0.174512 
2.67334 -0.328311 2.80965 -0.665871 1.70655 -0.576854 -0.36252 -0.204785 -0.736872 0.443204 0.18688 0.164186 
2.70139 -0.20522 2.93704 -1.08484 1.37819 -0.444384 0.214637 -0.276769 -0.587884 0.0057001 0.0215308 0.263345 
2.76955 -0.219348 3.5937 -0.916994 1.57674 -0.613417 0.232799 0.0686493 -0.623702 0.330895 0.0384742 0.201968 
2.65201 -0.2112 2.46928 -1.57522 2.06786 -0.335807 -0.0318087 0.491663 -0.758427 -0.088367 0.0729228 0.219411 
2.66888 -0.265377 3.00641 -0.527411 1.56528 -0.111278 -0.357733 -1.14671 -0.764559 0.487162 0.19617 0.18898 
3.15195 -0.44968 2.2981 -0.880367 1.92195 -0.705983 0.302934 -0.620583 -0.751293 0.559628 -0.0539917 0.24086 
2.73956 0.203448 2.86387 -0.771927 2.03124 -0.570372 -0.819724 0.470781 -0.0220397 -0.346184 0.175957 0.197892 
2.68406 -0.0155739 2.59099 -0.151965 1.74355 -0.480287 -0.138152 -1.0519 -0.10102 0.21958 0.126229 0.242273 
2.72094 0.0324577 2.45615 -0.28223 1.39738 -0.388676 0.524988 -0.556005 -0.187535 0.431688 0.0419438 0.176379 
2.87299 -0.489412 2.14093 -0.811894 2.0826 -0.60638 -0.0104544 0.208461 -0.914254 0.264948 0.0535204 0.180886 
