2.84918 -0.0752164 3.16759 -0.614116 2.35372 -0.477822 -0.0589345 -0.49369 -0.410385 0.223288 -0.0812135 0.217077 
2.84081 0.208162 2.04018 -0.960576 1.78771 -0.184682 0.378716 -0.400152 -0.551635 0.0258124 0.114551 0.227777 
2.96497 0.268262 3.11527 -0.997027 0.59765 -0.885207 1.00829 0.126489 -0.680267 0.34179 0.0332913 0.143674 
2.80728 -0.334556 2.93321 -0.996689 1.19643 0.239274 0.24024 -0.288756 -0.684652 0.29743 0.138304 0.150051 
2.76137 0.017172 2.65151 -0.669514 2.10436 -0.78222 -0.703228 -0.234928 -0.332209 -0.196052 0.108533 0.25816 
3.38843 0.269256 3.62883 0.387574 2.44865 -0.145918 -0.462352 -1.11117 -0.513364 -0.241649 -0.290807 0.0505792 
3.9046 1.23521 3.51363 -0.361336 2.23129 -0.410906 0.670776 0.719563 -0.575889 -0.46412 -0.551953 -0.112784 
4.98872 1.71851 3.53032 -0.398489 0.763082 -0.713853 1.38276 1.14433 0.142084 -0.0681266 -0.501031 -0.173249 
4.98886 2.80554 2.71748 -1.17732 -0.501322 0.0834535 0.897805 1.15625 0.655337 -0.0436036 -0.265894 -0.192571 
5.10519 3.33842 2.52777 -1.38824 -0.00141237 -0.521424 0.775862 1.3403 0.38402 -0.0947704 -0.30303 -0.212112 
4.96434 2.12025 3.19097 -0.859004 0.0887592 -0.238553 1.59468 0.98745 0.249133 0.351442 -0.295677 -0.184374 
4.94907 2.3952 3.66493 -0.583307 1.15313 -0.932926 1.27203 1.19871 0.60579 -0.0104707 -0.441503 -0.0862853 
4.42816 1.78334 3.89391 -0.744093 1.1668 0.800939 0.606076 0.765696 0.123881 0.472963 0.0305793 -0.0416121 
4.22324 1.63443 3.30791 0.182863 1.73639 0.317163 1.35494 0.675243 0.838763 0.365353 -0.300988 -0.0389822 
3.92261 2.01294 4.63778 0.273905 0.99468 0.255181 1.79708 0.737761 0.340725 0.133777 -0.05651 0.046797 
4.07234 1.3524 4.06326 0.16464 2.26121 0.26813 0.57339 0.776677 0.693191 0.397558 -0.0516558 0.0967574 
3.68912 0.759541 3.51606 1.01294 2.85564 0.610813 1.01815 0.911176 -0.00391759 0.244864 0.0722164 0.0637383 
3.43444 1.777 3.45184 0.337995 1.62132 1.21295 1.4943 0.732043 0.293712 0.0976264 -0.0676825 -0.0105464 
4.01901 1.67791 2.96425 0.950186 1.85894 1.79922 2.40335 2.02656 0.761089 0.649745 -0.108815 -0.0923769 
4.25118 1.72816 3.30515 0.359402 2.76544 1.24229 2.77943 2.25225 1.06353 0.859758 -0.210741 -0.0411825 
3.88818 1.66326 3.49285 1.41335 2.95347 1.05294 2.40419 2.53439 0.739459 0.660193 -0.0563789 -0.00542212 
3.83692 1.83732 3.22917 0.937198 2.52759 1.60063 1.98766 1.45155 0.524957 0.73936 -0.00381614 -0.0112948 
3.55154 1.44861 2.65488 0.53265 2.36179 0.889929 1.24232 1.88505 0.242868 0.715675 0.181203 -0.00121939 
3.31197 1.32826 2.90925 -0.0218495 2.4991 1.40305 2.35987 2.03999 0.519566 0.0466168 0.00804473 0.0667686 
3.78225 1.60833 3.5851 -0.622753 1.93496 1.11241 2.31977 1.64226 0.54832 0.621439 -0.0406495 0.0434253 
4.05075 1.14922 3.28987 -0.0980026 2.09721 0.995658 2.45943 2.45977 0.967049 0.513602 -0.330713 -0.115273 
3.71878 1.19793 3.23942 -0.746687 1.60437 1.1194 1.85458 2.44249 1.06265 -0.16668 -0.201605 -0.0580097 
3.58383 1.64713 3.34771 0.742789 2.11294 1.56899 1.35328 1.48028 0.977818 0.35176 -0.0426484 -0.00700071 
3.50704 1.61545 2.89478 0.383833 1.90503 0.907434 1.52021 1.39243 0.662255 0.186893 -0.00354469 0.0223292 
3.52732 1.15858 3.66818 1.29766 2.27294 0.56486 1.92565 0.204611 0.00328858 0.274375 -0.0944237 0.0452935 
3.43568 1.3261 4.08435 1.39004 2.7379 0.85949 1.3569 0.320912 -0.102813 -0.103618 -0.0164373 0.0514101 
3.84612 0.944368 3.99219 0.711006 2.12294 0.0553202 0.516534 -0.381797 -0.482626 -0.0490813 0.00727139 0.108384 
3.67723 0.901445 3.88267 1.35865 2.33481 -0.284328 1.38851 0.365525 -0.267693 0.142705 -0.119204 0.0546832 
3.37739 1.01182 3.76759 0.269884 3.05862 1.10962 0.672391 -0.393411 -0.421143 0.635606 -0.034957 -0.00384535 
3.15184 0.666894 3.37396 0.140118 2.72744 0.070517 0.691884 0.826293 0.000331893 -0.139645 -0.106432 0.064714 
3.4021 0.359857 4.24103 0.521292 2.53327 -0.265409 -0.241817 0.371348 -0.273213 0.310399 0.0864087 0.0734747 
3.22952 0.21571 4.32468 0.634959 1.77387 0.22405 1.02232 0.179303 -0.20686 0.616846 -0.183966 -0.014111 
3.13815 0.432791 3.70727 -0.288717 2.52452 0.417038 0.339969 -0.553062 -0.277796 0.262984 -0.01332 0.158128 
3.01574 0.13971 3.19103 -0.376774 1.7123 -0.549318 0.744041 -0.641622 -0.588418 0.521099 -0.0364614 0.167588 
2.9453 0.150118 2.91609 -1.21604 1.75442 0.072777 0.127292 -0.0430943 -0.223602 0.182981 0.0505853 0.170122 
3.01051 -0.0429386 3.13697 -0.352932 1.56168 -0.117267 1.2014 -0.537349 -0.644192 0.319909 -0.0185952 0.183431 
2.70012 0.100744 3.03132 -1.27645 2.34842 0.602247 -0.439367 -0.995718 -0.408844 -0.110421 0.143685 0.256081 
2.90532 -0.12928 3.12979 -1.43728 1.20985 0.10828 0.373355 -0.457853 -0.822519 0.463069 -0.00688289 0.143521 
3.06276 -0.260372 3.45202 -0.910387 1.9029 0.150722 0.16844 -0.149589 -0.256836 0.136551 -0.146937 0.176812 
2.58355 -0.589361 2.9856 -0.836725 1.43618 -0.315609 -0.0414748 -0.66802 -0.740198 0.120855 0.0325493 0.277893 
2.80352 -0.511961 2.88602 -0.712899 1.11964 -0.182059 -0.190218 -0.285187 -1.04607 0.117224 0.341591 0.18817 
2.9867 -0.188016 3.20453 -0.701544 1.59513 0.00567706 -0.329896 -0.102245 -0.281532 0.202501 0.0154315 0.112668 
2.87057 -0.409545 3.36996 -0.880646 1.40319 -0.0556674 0.0921582 -0.490885 -0.549025 -0.027516 0.000188304 0.25285 
2.81964 0.0800399 3.1232 -0.368686 1.73235 -0.60944 0.340833 0.321527 -0.438647 0.294177 0.0826912 0.107566 
2.78326 -0.583566 2.8554 -0.288001 1.80612 -0.771562 0.484914 -0.294531 -0.39208 0.18475 -0.018779 0.296635 
2.92396 -0.373269 3.23098 -0.9658 1.63405 0.0863756 0.0954199 -0.154724 -0.491948 0.467728 0.000981624 0.12793 
3.11717 -0.333723 2.62304 -0.541283 1.92469 -0.140622 -0.0636694 -1.14308 -0.501839 0.151304 -0.0133019 0.270472 
3.01948 0.216451 2.63708 -1.2209 0.637387 -0.466608 -0.278479 0.616797 -0.279331 -0.320528 -0.0307927 0.121788 
2.62307 -0.31498 2.41825 -0.586413 1.70324 0.181419 0.346884 -0.112815 -0.105466 0.434751 -0.0235463 0.123919 
2.66073 -0.395238 1.98488 -0.82688 2.15212 -0.537484 0.0772369 -0.120354 -0.09678 -0.00903329 -0.176544 0.272147 
3.08757 -0.31267 3.22677 -0.981696 1.46031 -0.392799 -1.11984 0.519431 -0.332213 -0.172213 0.135841 0.130736 
2.506 -0.423725 2.7313 -0.50691 2.63995 -0.244289 0.319887 -0.162315 -0.0726134 0.203508 0.047306 0.269952 
2.69181 -0.265259 3.22014 -0.239183 2.07596 -0.778052 -0.364461 -0.591326 -0.417221 0.0652182 0.0607676 0.260248 
2.46239 -0.315989 3.38238 -1.49872 1.46498 -0.253017 -0.625271 0.177133 -0.726272 0.148751 0.191604 0.172176 
3.08121 -0.438385 2.8026 -0.256047 1.36953 -0.861317 -0.441517 0.460178 -0.554744 0.238132 0.0233249 0.0716111 
