2.61097 -0.126189 2.99768 -1.39512 1.886 -0.731979 -0.107854 0.227089 -0.620307 -0.362826 -0.103538 0.233417 
2.78375 -0.218961 3.14261 -0.895026 2.17438 0.0382843 -0.029547 -0.21653 -1.05162 -0.0550727 0.0805351 0.142578 
2.72459 0.0946253 2.16143 -1.27723 1.7917 -0.454985 -0.145863 -0.572989 -0.381575 -0.462026 0.102392 0.284054 
2.83375 -0.245761 2.72695 -1.12835 1.60141 -0.492276 -0.390668 -0.470125 -1.21605 0.262116 0.126578 0.122854 
2.6537 -0.0197105 2.96945 -0.742705 2.35504 -0.799449 -0.212615 -0.395664 -0.838731 -0.241831 -0.00121774 0.215584 
2.43854 -0.302844 2.83263 -0.756911 1.6059 -0.204157 -0.513249 -0.576703 -0.504322 -0.0434025 0.149764 0.217429 
2.53376 -0.573188 2.68997 -0.609346 2.22536 -0.865225 -0.477459 0.212907 -0.557396 0.0991222 -0.0474955 0.170133 
3.2045 -0.339143 2.6642 -0.629462 2.32615 -0.390009 -0.430604 -0.658445 -0.349254 -0.281501 -0.259141 0.20824 
4.29213 0.541744 1.72326 -2.16484 0.319343 0.448133 1.40589 0.368491 0.383209 -0.129797 -0.707767 -0.232676 
5.15262 0.966011 0.796667 -1.43158 1.21599 2.75086 1.64921 1.08818 -0.734771 -0.262834 -0.19029 -0.258392 
5.24794 1.60144 0.497617 -1.98375 2.10733 2.09825 2.02168 0.648796 -0.411077 0.0643411 -0.265714 -0.187376 
5.00188 1.15918 1.10927 -2.14062 2.72008 2.0865 1.38071 0.126549 -0.516748 0.454509 -0.177425 -0.175152 
5.02392 0.672586 1.39502 -1.87758 1.70806 1.74885 1.9835 0.165719 -0.377977 0.510278 -0.303342 -0.175808 
4.70281 1.39026 2.4462 -1.01591 1.65602 1.25609 2.17661 1.22124 -0.0948319 0.379873 -0.387065 -0.226533 
4.37323 1.80845 3.5146 -0.610397 2.16345 1.11811 1.46562 0.941384 0.465386 0.0798264 -0.397829 -0.0951715 
3.96274 1.4991 3.41029 0.0283367 2.42442 1.3394 2.00145 1.23631 0.567745 0.136635 -0.380981 -0.0622404 
3.46909 1.1595 2.97951 -0.0185657 1.83247 -0.0282716 1.20328 1.4524 1.46444 0.153095 -0.141041 0.0657372 
3.65953 0.943098 3.16634 -0.865498 1.90789 1.21113 1.87465 1.27326 0.183744 0.341552 -0.200353 -0.0440311 
4.05633 1.13094 0.234963 -1.50249 1.95235 3.08371 2.34854 1.37446 -0.48974 -0.123722 -0.0468204 0.00663054 
3.8464 1.38254 -0.334506 -1.29878 1.94411 3.81309 3.51477 1.44184 -0.463193 0.149359 -0.0628546 0.0991558 
3.94817 1.60875 -0.149328 -0.556772 1.92388 4.1722 3.68129 1.12644 -0.628285 0.121621 -0.0965215 0.128122 
3.6995 1.50684 0.464747 -0.571154 2.33551 3.30333 2.58644 1.64934 -0.414308 0.0215366 -0.0134229 0.0767596 
3.67062 0.867097 0.527032 -0.88199 1.47482 3.00056 2.66868 1.606 -0.0263767 -0.181833 -0.0347499 0.0297011 
4.06221 0.752025 3.01077 -0.982389 2.74517 2.24212 2.48887 1.79173 -0.172888 -0.26615 -0.124587 0.101167 
3.98975 0.895615 2.91563 -0.226208 2.46141 2.40291 2.69039 1.83874 0.138814 0.147788 -0.0873225 0.0191937 
3.72311 1.33301 2.34514 -0.196989 2.97518 1.66436 2.30999 1.77008 0.760019 0.0310791 -0.222005 0.0247734 
3.85434 0.934137 2.99585 -0.310222 2.66557 1.21365 2.56807 1.53335 -0.135974 -0.010932 -0.2411 0.0471391 
3.48314 1.61283 3.1196 0.654449 2.68021 0.987134 0.82546 0.302879 0.488386 0.11144 0.139296 0.0994154 
3.73106 2.07192 3.71369 0.545596 1.77175 0.383655 0.428154 0.771901 -0.0769108 0.121753 0.234442 0.0602507 
4.0641 1.79468 3.26515 0.560113 1.44821 0.0803797 1.11907 0.761115 -0.103297 0.29593 -0.0159919 -0.0330336 
3.75157 1.70629 3.49673 0.413434 1.68475 -0.94253 -0.0434764 -0.357458 0.217171 0.691415 -0.0844314 0.032482 
3.66455 1.45533 3.89681 0.398937 2.93359 0.231468 0.173783 -0.0804636 -0.0853329 0.361836 -0.043737 0.0504529 
3.08158 0.705706 3.65633 0.275107 2.50054 0.670997 0.558551 -0.32661 -0.135857 0.310493 0.0185622 0.0312676 
3.45783 0.904879 4.25066 0.681187 1.84042 -0.770158 -0.137029 0.0974115 -0.298183 -0.140737 -0.00709616 0.0680223 
3.33398 0.106261 4.15133 0.189038 2.22131 -0.0740674 0.341044 0.284329 -0.507199 0.214598 -0.0591978 0.0163309 
3.42942 0.261432 3.82021 -0.319392 2.4159 -0.3912 -0.0327687 0.396106 -0.524375 0.275238 0.095298 0.0853655 
3.50136 0.22056 3.95797 0.584522 2.00641 -0.176935 0.355345 -0.227282 -0.911769 0.413398 0.0518456 -0.0279238 
2.62121 0.112858 3.66786 0.0463578 1.99507 0.451524 0.691607 -0.450383 -0.395001 0.515638 0.0209208 -0.00288777 
3.15841 0.0293882 4.59684 0.286632 2.04901 -0.76441 0.0533764 -0.00667896 -0.731304 0.189755 0.0327067 0.095227 
3.24103 0.0246709 3.88721 -0.576113 1.3454 -0.133118 0.747096 -0.141784 -1.00213 0.610508 0.119598 0.014657 
2.90462 -0.158968 3.38532 -1.04686 0.952871 -0.596342 0.457256 -0.464425 -0.709702 0.223293 -0.0680803 0.178436 
2.78856 0.053446 3.01368 -0.456861 2.5612 -0.656044 -0.455914 -0.596538 -0.927638 -0.233518 0.160559 0.215509 
2.7401 -0.511274 2.95685 -1.14494 1.34824 -0.0256113 0.995893 0.0911614 -0.510768 0.245467 0.0909432 0.186348 
2.80619 -0.50015 2.0037 -0.288012 1.13322 -0.542894 0.230022 -0.72473 -0.849646 0.113149 -0.116746 0.173011 
2.81072 -0.491801 3.08208 -1.31238 1.03273 -0.995692 -0.246378 0.274257 -0.131951 0.257532 -0.367007 0.156287 
2.80391 -0.410983 2.80234 -1.18004 1.31874 -0.165576 0.258636 -0.588093 -1.02474 0.00114751 0.100348 0.22809 
2.91875 -0.376906 2.99784 -0.527591 1.80635 -0.513781 -0.0682052 -0.102465 -0.941221 0.117759 0.139204 0.131532 
2.71782 -0.404928 2.42115 -0.988579 2.02946 -0.108294 0.0687734 0.550819 -0.190962 0.199395 0.077275 0.0948641 
2.54915 -0.0673748 2.75544 -1.1434 1.69067 -0.818128 -0.548515 -0.611459 -0.542286 -0.251598 -0.0120034 0.260053 
2.85371 -0.319704 3.17858 -0.962341 2.11795 -0.0358436 -0.911011 -0.38594 -0.401582 -0.0657471 0.194885 0.182431 
2.83354 0.0883557 2.82098 -0.58394 2.24077 -1.03551 -0.0945262 -0.51254 -0.777679 -0.114011 0.0296817 0.236127 
2.66648 0.0990599 3.24089 -0.987973 1.41397 -0.514153 -0.189505 -0.191923 -1.09397 -0.0431936 0.188733 0.137228 
2.62791 -0.0325108 2.59295 -1.03371 1.97394 -0.33076 -0.223878 -0.0818491 -0.509578 0.0505657 -0.0252286 0.119979 
2.6557 -0.366263 2.97979 -0.899444 1.48009 -0.394739 -1.02842 -0.324161 -0.764938 0.0456337 0.0925347 0.129949 
2.74682 -0.154202 2.81039 -1.11653 1.05285 -0.464007 0.089499 -0.1307 -0.346916 0.35028 -0.0766353 0.117958 
2.88956 -0.102321 2.07524 -0.804298 1.62231 -0.745789 0.0362664 -0.848264 0.0627378 0.323066 -0.271499 0.183898 
2.84083 -0.0570186 2.78705 -0.680151 1.74388 -0.397355 -0.346538 -0.000126625 -0.597713 -0.231201 0.149966 0.156936 
2.80668 -0.101305 1.91704 -0.089542 1.31732 -0.211652 0.522426 -0.686284 -0.478346 -0.12389 -0.117532 0.164422 
3.02492 -0.314741 2.32453 -0.324126 1.60657 -1.16321 0.317717 -1.13444 -0.318279 -0.154622 -0.255492 0.336277 
2.66062 -0.0211809 2.73227 -0.868184 0.881345 -0.152606 0.481801 -0.694657 -0.635568 0.0998802 -0.0588235 0.156277 
