2.67654 -0.301525 3.15013 -0.666838 1.92375 -0.657205 -0.544149 -0.658539 -0.70149 0.582107 0.126449 0.202037 
2.79388 -0.252022 3.34259 -0.954002 2.05954 -0.0533529 0.00452006 -0.916369 -0.824215 0.280133 0.0780025 0.280592 
2.84008 -0.146467 2.75292 -0.596226 1.59314 -0.144046 -0.261095 0.194032 -0.419917 0.100415 0.0447679 0.132968 
2.65511 -0.116066 2.77738 -1.44238 1.89449 -0.271145 -0.347599 0.368798 -0.272768 -0.138812 -0.084376 0.215683 
2.82311 -0.162903 3.25228 -0.853397 1.42781 -0.0458164 0.473742 0.126159 -0.255572 0.686879 0.0459105 0.125957 
2.79963 -0.134688 2.38482 -0.954798 1.93712 0.0190957 0.215605 0.928482 -0.120602 0.334806 0.192783 0.120583 
3.00661 -0.529199 2.15489 -0.345287 2.13595 -0.236265 -0.828086 -0.249469 -0.391891 -0.212025 0.0865236 0.246475 
2.81022 -0.26151 2.66372 -1.03603 2.08283 -0.720297 -0.588618 0.262395 -0.149776 -0.129847 -0.0527731 0.263773 
2.71538 -0.106888 3.23969 -0.841955 1.82358 -0.0689606 0.439605 -0.492311 -0.397176 0.345697 0.0985414 0.260345 
2.92692 -0.142863 3.1042 -0.993618 1.62086 0.0863372 -0.438277 -0.266775 -0.591906 0.120815 0.183443 0.187292 
2.72501 -0.0371156 2.75214 -0.15244 2.44895 -0.173832 0.2842 -0.236198 -0.272923 0.223446 0.091219 0.21171 
2.80449 -0.21731 2.67487 -0.673383 1.65359 -0.751283 -0.203734 0.346083 -0.40903 0.00266333 0.0738691 0.219954 
2.95935 -0.582229 2.4257 -1.17722 1.89271 0.117445 -0.793439 -0.176974 -0.375956 0.359132 0.0915172 0.154622 
3.04901 -0.0821664 2.93183 -0.855854 1.53999 -0.574989 0.20078 0.224246 -0.21433 0.272022 -0.112335 0.173789 
2.96134 0.207578 2.21173 -1.3092 2.15828 -0.595273 0.0359707 0.663476 -0.275782 0.419243 0.0524518 0.150187 
2.79057 -0.0549187 3.01451 -0.567665 1.66051 -0.441344 0.382036 -0.459555 -0.863476 0.133964 0.0455922 0.223119 
2.97799 -0.501245 2.23926 -0.827125 2.51453 0.238555 -0.217336 -0.254352 -0.559979 0.0503455 0.0278957 0.221515 
3.67908 0.491053 3.66122 0.0929965 2.48506 -0.134475 0.482205 0.235531 -0.816526 -0.160502 -0.21704 0.0672684 
5.38931 1.30948 0.463824 -3.13268 0.26133 1.4421 2.49139 0.702146 -1.2866 -0.486515 -0.461663 -0.201649 
5.54941 1.92335 1.22976 -3.53604 1.08121 2.52769 2.02008 1.36036 -0.489989 -0.473535 -0.304762 -0.155209 
5.42357 1.53128 1.55201 -2.66435 0.843599 1.34213 2.68551 1.67039 -0.503546 0.26407 -0.223309 -0.14879 
4.77212 1.65134 1.54805 -2.18323 0.645406 1.21234 1.79005 1.39516 -0.105973 0.395163 -0.165127 -0.173548 
4.35989 1.50608 2.3025 -1.625 0.572584 2.18381 1.7878 0.857727 0.470414 0.291593 -0.167389 -0.0607438 
4.23378 1.64743 3.13415 -0.473134 1.43886 1.03705 1.11855 1.80476 0.37095 0.31548 0.075675 -0.0594826 
3.96375 1.59453 3.21646 -0.139843 1.66664 1.31646 1.98991 0.964474 0.531899 0.660045 -0.130923 -0.0280895 
3.58126 1.8406 3.73138 0.285988 1.81449 1.31689 1.5069 1.74509 0.62797 0.818942 -0.0537806 -0.0745865 
3.42638 1.26907 4.24921 0.371537 1.84342 1.08736 0.769086 0.983231 0.156634 0.295733 0.115708 -0.000538937 
3.4821 0.790039 3.89968 0.480974 2.3918 0.549524 0.84042 0.348375 0.193081 0.388256 0.0197222 0.114847 
3.97993 1.33389 3.09236 -0.518689 2.18276 1.46551 2.15356 2.55745 0.873704 0.555067 -0.15166 -0.102722 
4.5388 1.57206 2.25298 0.150871 2.06811 2.09765 2.88006 1.85937 0.832132 0.257928 -0.231178 -0.0676788 
4.30184 2.11215 1.48281 -0.896983 2.64097 2.99855 2.74583 2.2311 0.291739 0.262097 -0.174851 -0.0681759 
4.25242 2.00615 0.721707 -0.442219 1.93918 3.22387 3.51512 1.71573 -0.0745622 0.303015 -0.161088 0.0149751 
3.98731 1.78329 1.35225 -0.701923 2.4972 3.68871 3.14319 1.3462 -0.292634 0.0752877 -0.152692 0.0608033 
3.98581 1.00145 1.51369 -0.641089 2.76647 2.00205 3.0157 1.28384 0.454617 -0.181899 -0.14914 0.165833 
3.74296 0.684377 1.63285 -0.313448 2.53994 1.70143 3.45693 1.93989 -0.0475917 0.0931986 -0.0716673 0.110893 
3.67415 1.32757 2.99031 -0.458182 2.39472 1.96782 2.4353 2.29383 0.591643 -0.385514 -0.0713579 0.0639122 
3.78235 1.11659 2.41545 0.453408 2.17404 1.84847 1.90681 1.26556 0.147824 -0.472455 0.00970509 0.0892714 
3.67543 1.04637 3.04798 0.80979 1.81642 1.9701 2.23171 0.969594 0.891909 0.241296 -0.170431 0.0232773 
3.8808 1.10315 3.58896 0.165539 2.501 1.66753 1.9365 1.69484 0.15295 0.584146 0.0127711 -0.0345152 
3.39351 0.97264 3.67083 0.936962 2.95383 0.983469 1.78555 1.46953 0.32024 0.140607 -0.0412553 0.082419 
3.75352 1.06501 4.26915 -0.0304512 2.53277 0.250559 0.839142 1.43255 0.222936 -0.0649537 -0.0712874 0.0844309 
3.6262 1.22262 4.37942 -0.100477 2.99628 1.00037 0.487908 1.13887 0.813231 0.136837 -0.0901044 0.0851743 
3.52526 0.757515 4.10055 0.339138 2.63979 1.01072 0.941718 0.499375 0.243412 -0.171359 -0.00936901 0.174324 
3.43531 1.04094 4.65358 1.19491 2.59667 -0.29873 0.450467 -0.217217 0.27295 -0.356149 -0.0545631 0.262539 
3.76215 1.10031 3.27326 -0.191704 3.27128 0.484868 0.549955 0.730389 0.386994 0.192168 -0.181794 0.0546301 
3.49068 0.503129 4.52637 0.390406 3.16533 0.437218 0.668235 0.278688 -0.27812 0.15782 -0.0316445 0.187457 
3.46063 0.650607 4.51436 0.0160477 2.96609 0.460865 0.714627 0.99437 -0.431101 -0.0878469 0.135987 0.163718 
3.11617 0.67981 3.9448 -0.467729 2.76198 -0.0312864 0.125036 -0.0790291 -0.487237 0.254542 0.177672 0.20116 
3.32754 0.636329 3.25976 -0.45372 2.13037 0.19733 1.21277 0.927689 -0.109902 0.474127 -0.101198 0.0519258 
3.16086 0.465937 2.81305 -0.237582 1.60902 -0.322828 0.790558 -0.443284 -0.733933 0.352772 0.05672 0.155021 
3.00315 -0.116494 3.04843 -0.527612 0.938166 -0.385509 0.903929 0.110458 -0.205844 0.338624 -0.0333756 0.172516 
2.89321 -0.0258031 3.74465 -1.51083 1.14305 0.472811 0.824159 0.519398 -0.623342 0.0596043 0.147243 0.158727 
2.86167 -0.091321 3.49124 -1.22077 0.866186 -0.395208 0.645237 -0.496222 -1.19766 0.677461 0.0455128 0.146065 
3.09964 -0.424396 2.55315 -1.23203 2.0385 -0.129648 -0.333159 -0.202355 -0.770469 0.487013 0.127111 0.172091 
2.97899 -0.0374257 2.57616 -0.472661 1.51693 -0.347975 0.369032 0.111313 -0.516105 0.419125 -0.0565857 0.0984777 
2.854 0.256623 2.90712 -1.66957 1.10365 -0.549578 1.03036 0.448942 -0.122688 0.355783 -0.0855597 0.210872 
2.60515 0.0361667 2.72142 -1.03537 1.71337 -0.349025 0.721663 -0.46908 -1.22919 0.105691 0.0910748 0.254162 
2.8547 -0.065751 3.55125 -0.615024 1.68139 0.124699 0.452205 0.0964701 -0.4165 -0.120693 0.0606553 0.21789 
2.95799 -0.235078 3.42112 -0.163373 1.30215 -0.733975 0.270537 -0.0191762 -0.576632 0.420474 0.0492468 0.152636 
2.90243 -0.269221 2.63898 -0.564162 2.06251 -0.356704 -0.360288 -0.59812 -0.601077 0.588751 0.135345 0.174328 
