2.79884 -0.451447 2.75735 -0.66562 1.92289 -0.425943 -0.614326 -0.537289 -0.301186 0.256775 0.119211 0.255972 
2.90908 0.00382749 2.75119 -0.727625 1.90941 -0.624132 -0.716322 0.409403 -0.00696929 0.202745 0.0455094 0.143074 
2.96372 -0.0950502 2.54188 -1.1399 1.5747 -0.54023 0.0963712 0.0764275 -0.200701 0.0863702 -0.142436 0.214774 
3.03382 -0.156264 2.53206 -1.83175 2.7798 0.128307 -0.175515 0.203974 -0.444747 0.0821742 0.0112038 0.246316 
2.70037 -0.311516 3.26447 -0.700303 2.28347 -0.224191 0.297833 0.463035 -0.580474 0.204056 -0.0385718 0.162201 
2.4475 0.113287 2.99505 -0.992907 2.40208 -0.47157 -0.419233 0.00653696 -0.134136 0.0768026 0.121781 0.232038 
2.64207 -0.307357 2.44057 -0.549218 1.6738 -0.422329 -0.495733 -0.643592 -0.073432 0.104587 -0.0871146 0.250516 
3.01492 -0.156864 2.62988 -1.18396 1.52105 -0.318602 -0.459496 -0.466629 -0.128943 0.363959 -0.190689 0.170074 
2.66896 -0.088607 2.73553 -1.07543 1.34294 -0.63586 0.316736 -0.0868908 -0.231039 0.23132 -0.132846 0.234992 
2.677 -0.0380098 3.19668 -0.442323 1.53598 -0.769452 0.416604 0.306108 -0.216067 0.293103 -0.052184 0.178462 
2.42954 -0.12061 2.81084 -0.41396 2.52992 -0.0975845 -0.233534 0.102118 -0.728974 -0.302267 0.283875 0.213793 
2.97385 -0.309787 2.75112 -0.757353 2.0455 -0.173727 -0.449094 0.478173 -0.0386412 0.0991979 0.119308 0.172211 
2.7376 -0.0948512 3.14506 -1.15804 1.59792 -0.884595 0.486151 0.418573 -0.580412 0.0633242 -0.0221526 0.25798 
2.94195 -0.461158 3.0697 -0.691694 1.10046 0.0715477 -0.216252 -0.654165 -0.235924 -0.0200835 0.162653 0.298194 
2.54831 -0.370855 2.86183 -0.416751 1.06085 -0.266647 0.181036 0.395077 -0.360975 0.249014 0.122719 0.138165 
2.748 -0.101092 2.37679 -0.971104 2.31087 0.218769 0.511677 -0.174726 0.128008 0.359109 0.0980312 0.245135 
2.70529 0.10602 2.26128 -0.303249 1.81044 -0.77622 -0.131516 0.256127 -0.722696 -0.443004 0.195282 0.246155 
4.10593 1.07793 3.95856 -1.03532 0.991598 0.687721 0.696819 1.43275 0.480196 -0.0767551 -0.509586 -0.265563 
4.69847 2.10012 2.26665 -0.868073 0.666367 0.620663 1.30504 1.51483 0.329174 0.117241 -0.371967 -0.285317 
4.91915 2.40025 1.23644 -0.861321 0.645032 1.44773 2.00534 1.46225 -0.158406 0.233691 -0.327296 -0.240479 
5.06524 2.35245 0.500061 -1.20147 1.01951 2.49351 2.3683 0.950341 -0.291061 0.21064 -0.175144 -0.121759 
4.97321 2.21409 1.02119 -1.00933 1.35152 2.31071 2.14947 1.03849 -0.0519448 0.715329 0.118589 -0.0190618 
5.04615 1.73843 1.57054 -0.762792 0.948787 1.389 1.77815 0.660414 0.556378 0.741662 0.0166271 -0.0765343 
4.58114 1.74372 2.48698 -0.191837 1.03214 1.15171 1.5218 0.802701 -0.333057 0.235684 -0.0339393 -0.0748395 
4.45178 1.74816 3.2078 -0.979902 1.82008 -0.425883 0.448822 0.283352 0.429583 0.46424 -0.250763 0.000637002 
4.19857 1.56901 3.84724 0.279336 1.98495 0.360741 0.53002 0.616855 0.0829521 0.352506 -0.19264 -0.104856 
3.94006 1.5968 3.53253 0.367188 1.4033 -0.0360255 0.376518 0.654531 0.871897 0.399591 0.013334 0.0495274 
3.30927 1.2408 3.87994 0.461224 1.40725 -0.0714569 1.35826 0.413182 0.197297 0.666039 0.0957761 0.0753277 
3.9976 1.25607 2.17413 -0.957567 1.4732 1.44602 2.21938 2.15892 0.422476 0.130875 -0.105278 -0.0696877 
4.47031 1.80838 1.01167 -1.90524 1.84593 3.25955 2.77114 1.65268 0.269951 0.0671395 -0.111679 -0.000896539 
4.56131 1.761 1.64825 -1.45543 1.76424 3.46845 3.28952 2.10324 0.199935 0.421864 -0.175113 -0.0816207 
4.66784 1.63094 1.40732 -1.92284 2.5386 3.3414 3.03093 2.03152 0.198934 0.325479 -0.103598 -0.0395725 
4.69016 1.19675 1.24125 -2.11805 2.00296 2.39641 2.56518 2.48409 0.205917 0.0955073 -0.133298 -0.106196 
4.08726 1.04556 1.83697 -1.86116 1.45737 1.92623 2.66874 1.86656 0.659332 0.198482 -0.177305 -0.0166497 
3.77412 1.34271 1.39682 -1.04798 2.32259 1.60109 2.43023 2.81493 0.764991 0.0789464 -0.178263 -0.0739058 
3.83794 1.62689 2.64611 -0.498556 3.21089 1.47012 2.32667 2.74409 0.987039 -0.0548265 -0.278061 -0.0335548 
3.3777 1.44504 2.67344 0.623355 2.98567 1.62934 2.44151 1.77758 0.85713 -0.156549 -0.204585 0.0515581 
3.30491 1.0603 2.38583 0.659334 2.11595 1.70411 2.09994 1.40803 0.480547 0.029142 -0.111267 0.00486696 
3.90625 1.2203 4.02422 0.129857 2.28618 0.475919 1.57343 1.32139 -0.243117 0.180973 0.157698 0.128822 
3.69187 0.992831 3.71255 0.522811 2.71304 0.689709 1.21028 0.666603 0.374247 0.241881 0.0584373 0.166183 
3.5162 0.903809 3.96798 0.835623 2.98671 0.436856 1.03271 0.144691 -0.0789449 0.211377 -0.108837 0.0908031 
3.65403 0.820524 3.821 1.32356 2.64478 0.205985 0.350365 0.140578 -0.113351 0.144682 -0.069019 0.00530023 
3.80682 0.707001 4.30206 0.837179 2.98121 0.575265 0.78803 -0.762455 -0.786422 -0.260629 -0.221327 0.107669 
3.3926 0.850979 4.14658 1.09327 3.40034 0.648507 1.18264 0.276741 -0.314414 0.0572338 -0.217303 0.0388585 
3.50112 0.577657 3.49989 0.559826 2.68803 0.463255 0.897538 0.565862 -0.512163 -0.281507 0.0648036 0.132123 
3.38009 0.570468 4.00555 0.829517 2.05247 0.360099 1.04021 -0.812951 -0.42363 0.216794 0.211529 0.215971 
3.45907 0.413969 4.39041 -0.378477 2.43926 0.187396 0.249255 -0.202834 -0.502164 0.490431 0.216338 0.236841 
2.95543 0.619966 4.07289 -0.393097 1.85533 -0.00528192 0.516576 0.428945 -0.226522 0.384806 0.193714 0.128617 
2.81806 0.265928 3.45343 -0.793519 1.77238 -0.2466 0.522256 -0.113411 -0.305185 0.0345346 -0.0234248 0.21955 
2.81183 -0.00172576 3.90515 -0.60566 1.37822 -0.0630952 0.527703 -0.294197 -0.882665 0.723042 0.1481 0.0923281 
2.66764 0.0629028 3.30197 0.207418 1.41725 -0.411938 1.14071 -0.363511 -0.170706 0.265675 0.0222103 0.204107 
2.80593 0.157872 4.5252 0.100879 1.8701 -0.366847 -0.0585981 -0.919413 -0.398919 0.513523 0.0784867 0.187382 
2.81781 -0.116698 3.23442 -0.855622 1.70787 0.00906613 0.0544015 -0.93902 -1.06963 0.32561 0.324643 0.240063 
2.54722 -0.0171665 2.65796 -0.688262 2.41113 -0.570393 -0.0401087 0.165402 -0.861238 0.364525 0.175898 0.162023 
2.44846 -0.0222504 2.81632 -0.276908 1.30134 0.0588369 0.984806 -0.58312 -0.438516 -0.0372736 0.0639685 0.23834 
2.59535 -0.0314454 2.67431 -0.438511 1.92411 -0.48919 -0.832686 -0.0475689 -0.368825 -0.0886075 0.0633946 0.177873 
2.78405 -0.290316 2.67633 -0.725254 1.50317 -0.273835 0.81071 -0.264737 -0.144129 0.392595 0.0971178 0.267006 
2.77387 -0.275677 2.9904 -0.382369 1.85457 -0.315971 -0.311444 -0.309508 -1.05957 0.034083 0.257284 0.18683 
2.6015 -0.0638225 2.76582 -0.656881 1.3297 -0.269187 0.000455922 -0.276845 -0.546598 0.0841958 0.137151 0.209277 
2.59847 -0.0480323 2.80713 -0.663155 1.13207 -0.937389 0.74463 -0.114251 -0.505668 0.0966755 -0.0379419 0.258055 
