2.65618 -0.302761 2.84645 -0.0082665 1.846 -0.658903 -0.459874 -0.21359 -0.827955 0.288472 0.0999523 0.122812 
2.53853 -0.172348 2.9333 -1.31614 1.93212 -0.710149 -0.391069 0.176615 -0.613889 -0.335462 0.110472 0.30688 
2.71108 -0.0396133 2.82277 -0.728287 1.24841 -0.893514 1.29305 -0.617522 -0.809812 0.286992 -0.0784797 0.273428 
2.99152 -0.0662652 3.18991 -0.637064 1.20407 -0.486464 0.0525662 0.373057 -0.55497 -0.0358672 0.0315422 0.132597 
3.08154 -0.203791 1.92911 -1.14452 1.17191 -0.382694 0.255572 -0.181701 0.107405 0.167361 -0.283078 0.181535 
2.90543 -0.310735 3.32043 -0.737751 1.98181 -0.445697 -0.77612 -0.0976994 -0.414506 0.0948505 -0.0132397 0.174961 
2.75657 0.14127 1.99868 -1.03087 2.27485 -0.194414 -0.233917 -0.618245 -0.290204 0.0901376 -0.153848 0.200227 
2.34762 0.0803779 2.50092 -0.617599 1.48646 -0.635334 -0.15367 -0.358796 -0.472349 -0.0294993 0.0504371 0.239774 
2.86302 -0.520663 2.22649 -0.0388662 1.12541 -0.381462 0.232447 -0.637397 -0.8102 0.130602 0.250419 0.23949 
3.02494 0.186629 2.47831 -1.24326 1.72012 -0.450658 0.0364214 -0.227629 -0.294391 -0.278027 -0.0113576 0.285267 
2.9794 -0.0222263 2.3552 -1.38735 1.76059 -0.230924 -0.372797 0.215788 0.00822369 -0.0500526 -0.242663 0.142989 
3.0905 -0.355342 2.75534 -0.861507 1.87779 0.0142204 -0.87363 0.0266269 -0.59616 0.277497 0.0291404 0.0418931 
2.61926 -0.429867 2.50123 -0.147644 1.79924 -0.385253 0.270206 -0.57882 -0.495985 -0.00430542 0.0435727 0.268492 
2.7692 -0.121577 2.69846 -1.24576 1.96872 -0.312663 -0.419629 -0.112723 -0.28007 0.197568 -0.0673473 0.190901 
3.02829 -0.325916 3.43591 -1.44375 1.16605 0.0120832 -0.507608 -0.141106 -0.573504 0.223902 -0.11492 0.104158 
2.98768 0.0791236 2.70904 -0.543049 1.94081 -0.4116 -0.248294 -0.149251 -0.512366 -0.29814 0.110321 0.238616 
2.72875 -0.133799 2.71316 -0.469394 1.44282 -0.318599 0.285165 -0.621133 -0.588964 0.249472 -0.071033 0.180981 
2.99352 -0.412356 2.89654 -0.0729184 0.654757 -0.938786 0.0841952 0.373818 -0.392915 0.114783 -0.0200468 0.1291 
2.96328 -0.0956047 2.75665 -1.01749 1.92505 -0.554196 0.217679 0.154246 -0.277126 0.132856 -0.118516 0.215736 
3.03443 -0.0563056 2.35727 -0.747645 1.67971 -0.587239 0.550885 0.643242 -0.475985 0.132058 -0.160226 0.108968 
3.85042 0.540136 2.72894 -0.766454 0.843953 -0.623939 0.405961 0.978046 0.201518 -0.22086 -0.377054 -0.0523581 
4.54254 1.18062 2.60773 -2.07733 0.978426 0.169267 0.237602 0.642525 0.651199 0.134991 -0.575464 -0.260006 
5.34068 1.67149 2.52696 -1.49235 0.514251 0.651269 1.15425 1.2602 0.690229 -0.00618505 -0.423844 -0.237099 
4.93319 2.59571 3.56213 -2.17774 0.354258 -0.177551 1.42599 0.667744 0.856563 0.318945 -0.466483 -0.0826234 
4.87429 1.72075 2.88633 -1.91382 0.465756 -0.886793 1.2795 0.849369 0.135178 0.465322 -0.419133 -0.125998 
4.93885 1.88421 3.37087 -1.33925 1.26683 -0.0993032 1.41083 0.947883 1.03899 0.531118 -0.431729 -0.0422987 
4.52422 1.58122 3.56254 -0.884945 1.69778 -0.109483 1.297 1.39228 1.37038 0.552591 -0.263818 0.0723772 
4.29361 1.15738 3.56579 -0.321451 1.76418 0.202668 1.71512 1.51727 1.15437 0.886229 -0.193662 0.0264194 
3.95114 1.42886 4.09112 -1.01412 2.24209 0.476572 0.940051 1.8416 0.842763 0.687691 -0.0219439 0.0282233 
3.50261 1.08678 3.32624 -0.40312 2.44944 0.0670825 1.37372 0.932476 0.527941 0.515601 -0.0809376 0.119984 
3.71234 1.05902 3.12015 -1.2071 1.90762 0.333745 1.33085 1.44553 0.57042 0.768632 0.10261 0.0849949 
4.79835 0.971044 1.81191 -2.27419 1.3329 1.27362 3.04489 1.86303 0.337127 0.77554 -0.278485 -0.114865 
4.80275 1.72363 1.23264 -1.53197 1.1071 1.75932 3.17273 2.60766 0.351173 0.422034 -0.135262 -0.108562 
4.56609 1.84124 0.762462 -1.50269 1.7207 3.63224 3.34674 2.27984 -0.0974224 0.242839 -0.147234 -0.0416393 
4.65269 1.71372 0.114863 -1.33782 1.68436 3.27709 4.13581 1.95021 -0.269733 0.225463 -0.162724 0.00299347 
5.14757 1.13563 0.739706 -2.46381 1.35624 2.42167 3.99842 2.15032 -0.210301 0.0613653 -0.319992 -0.0884264 
4.49074 0.923669 2.16115 -1.4456 1.51333 1.29408 2.52831 2.52785 0.658922 0.342876 -0.169262 -0.0875487 
4.25616 0.948744 1.46634 -1.38249 2.10844 2.66774 2.41572 1.9615 0.874971 0.14517 -0.124353 -0.0223041 
3.55375 1.25029 1.83224 -0.506978 1.78859 1.75433 3.0433 1.93144 0.398517 -0.0884032 -0.112309 0.0307942 
3.96945 1.65992 2.4085 -0.407697 1.11326 0.945239 2.00746 1.7499 0.464635 -0.0466038 0.0244868 0.01756 
4.42485 1.35046 3.08355 -0.612072 1.44407 0.856183 1.89646 1.63377 0.197483 -0.417827 -0.0818695 0.0929556 
4.34075 0.917207 4.21379 -1.14684 1.24192 -0.312042 1.10468 0.932738 -0.8115 0.291398 0.0816092 0.116608 
4.32871 1.32221 3.31522 -0.0794034 1.55226 -0.895096 0.372159 -0.161833 -0.111319 0.51897 0.063578 0.156108 
3.85218 1.31719 3.90538 -0.26956 1.5826 0.250724 0.552916 0.0435977 -0.178834 0.185734 0.0157543 0.0619081 
3.74216 1.8354 3.93778 -0.255319 2.01632 -0.164792 -0.199154 -0.35767 0.781966 0.0249044 -0.0712512 0.137174 
3.769 1.58065 4.41732 0.576382 2.61053 -0.485288 0.241914 0.703195 -0.295663 0.248448 -0.0811385 0.00967127 
3.59394 1.41214 3.47541 -0.290708 2.22774 0.389474 0.57235 0.824874 -0.189521 -0.143592 -0.0548637 -0.0226794 
3.51642 0.809472 4.29413 0.516921 2.25335 0.280209 0.454786 0.438688 -0.0828628 0.32606 0.0891926 0.0641968 
3.30028 0.100082 3.98898 -0.688866 2.4119 0.87541 0.574085 0.733065 -0.434167 0.263706 0.171895 0.0717338 
3.17909 0.673256 4.75938 0.41786 1.98547 -0.481916 0.185738 0.254528 -0.534548 -0.15248 0.146497 0.126727 
2.87984 0.425499 3.68723 -0.177981 2.17169 0.297296 0.208135 -0.0374646 -1.0292 0.383361 0.265505 0.024099 
2.98273 0.160056 3.1405 -0.0143378 1.66891 -0.495279 -0.14002 -0.587872 -0.713033 0.360651 0.166744 0.130935 
2.4877 -0.0653171 3.30872 0.269864 1.92837 -0.775802 -0.111059 -0.836383 -0.763818 0.36578 0.103891 0.147867 
2.92487 0.0386201 3.72279 -0.0760603 1.19192 -0.142905 1.13699 -0.638319 -0.574722 0.521598 0.0198376 0.135771 
3.00163 -0.209939 3.17588 -0.800148 1.54313 -0.517024 0.239044 -0.0154322 -0.667245 0.536515 -0.113692 0.0996374 
3.25944 0.386495 3.70102 0.0085957 2.02873 -0.151025 0.788904 0.114549 -1.18021 0.283479 0.202416 0.0771749 
3.12997 -0.0222475 2.43336 -0.606793 2.37576 -0.12163 0.225773 -0.22114 0.12505 0.20888 -0.113326 0.19354 
3.46548 0.465387 3.33382 -0.581613 1.16393 -0.870241 1.46441 0.79833 -0.69828 0.219292 -0.132141 0.0751847 
3.27928 -0.0110025 2.72848 -0.993737 2.17989 -0.327633 -0.172946 -0.957554 -0.249903 0.251555 -0.119677 0.275246 
2.82045 0.0885685 3.33667 -0.182702 1.45588 -0.335121 -0.0986406 -0.394651 -0.587572 0.772875 0.0138703 0.0278718 
