2.49354 -0.421048 2.5403 -1.03211 1.96639 0.727722 0.971285 -0.0818302 0.18239 0.30016 0.404806 0.290386 
2.50821 -0.0569883 2.94656 -1.00782 1.45025 -0.196641 1.03884 0.778544 0.433679 0.409166 -0.0150932 0.177021 
2.55772 -0.202224 2.37947 -0.783724 1.78786 0.172397 0.139934 -0.421855 0.242681 -0.0210206 0.0620793 0.280905 
2.34996 -0.487274 2.64365 -1.6795 0.695411 0.333569 0.690614 0.63396 -0.162842 0.547826 0.316604 0.144362 
2.65683 -0.603724 2.32503 -1.11167 1.7059 -0.349266 0.400143 0.385711 -0.342986 0.333554 0.163985 0.242918 
2.68043 -0.290868 2.80707 -0.979798 1.395 0.0214209 0.477668 0.413604 -0.0238145 0.291908 0.119638 0.180957 
2.77953 -0.248499 2.98139 -1.07805 1.36118 -0.334314 0.126008 0.541592 -0.0605717 0.0682176 0.0193531 0.198857 
2.56486 -0.457448 2.49844 -0.565691 2.36024 -0.068922 1.02364 0.285871 -0.609821 0.219186 0.0566038 0.23295 
2.70961 -0.299181 2.46231 -0.926245 2.57985 0.0760818 0.1644 -0.0501818 -0.71582 0.0674756 0.191903 0.24644 
2.29368 -0.162429 2.76186 -0.95426 1.83018 -0.0581012 0.710857 0.0890912 -0.39091 0.36582 0.0811168 0.198463 
2.4649 -0.212571 2.64409 -1.00243 1.85383 -0.32278 0.301254 0.41584 0.166423 0.0113813 0.0529373 0.25873 
2.84017 -0.707274 2.59786 -0.812217 2.04223 -0.0730608 -0.0783808 0.0993041 -0.924831 0.146322 0.044946 0.169978 
2.57577 -0.687319 2.66489 -1.26717 1.90741 -0.00638318 1.03935 0.0804187 -0.641835 0.494325 0.0899096 0.259951 
2.9671 -0.087865 2.90197 -0.472496 2.43304 0.0366412 0.434951 -0.157031 -0.567806 0.433481 -0.0370251 0.132407 
4.22097 1.16216 2.43742 -1.8025 1.34317 0.978713 1.1006 0.459338 0.198148 0.067243 -0.607842 -0.229473 
5.17166 1.73233 0.711169 -2.22117 0.568502 1.84717 2.44484 1.60234 -0.810155 -0.00615024 -0.244604 -0.209009 
4.68809 2.00293 1.50319 -2.41694 0.478303 1.7516 2.21539 1.10021 0.020652 0.191061 -0.286562 -0.10829 
4.70805 1.6421 1.81834 -2.321 1.43961 1.30128 1.79668 1.30801 0.0712959 0.117413 -0.172169 -0.0370388 
4.82116 1.30364 2.73023 -2.21251 1.51393 0.662371 1.37995 1.28525 0.577746 0.406306 -0.245182 0.00475899 
4.75539 1.17521 2.69824 -1.35815 1.24191 0.331891 1.06011 0.451681 0.257259 0.660125 0.0507526 0.107571 
4.22707 1.48393 4.02768 -0.187762 2.78853 0.262009 1.7156 1.87054 0.0287806 0.269679 -0.203266 0.0240793 
4.01678 1.3164 3.22106 -0.132488 2.07939 1.03338 1.72874 1.81882 0.226812 0.137323 0.0972964 0.0540324 
3.75535 1.22792 3.73382 0.326991 2.43269 0.619068 0.873962 0.696434 0.380531 0.853332 0.145021 0.0775555 
4.14249 1.20933 2.07137 0.187659 1.83533 1.35752 2.51229 1.19872 0.555875 0.0837078 -0.163318 0.0120419 
4.69452 1.67662 0.981594 -2.44912 1.66748 3.72977 3.71995 2.2121 -0.649454 -0.0580249 -0.26476 -0.0549238 
4.92695 1.45912 0.860631 -1.66884 1.92087 3.56136 4.2193 2.15635 -0.779086 0.0166549 -0.120274 0.018813 
4.75428 1.12981 1.34593 -1.5146 2.55242 4.17374 3.71289 1.36311 -0.486766 -0.0878511 -0.0774612 0.112313 
4.36524 1.53105 1.17151 -1.15407 2.30024 3.18541 3.1371 2.09838 -0.140035 0.118052 -0.164127 -0.0406703 
3.87991 0.788015 1.05534 -1.24076 2.09822 2.27558 3.08091 2.01675 0.375019 0.130152 -0.0715759 0.038982 
3.5404 1.28261 1.68103 0.0146688 2.65208 2.64368 2.46726 2.01484 0.391625 0.123461 -0.0511855 0.031998 
3.42921 1.4687 2.18867 0.123675 3.00946 2.35266 2.39248 2.52764 0.373708 -0.107185 -0.0958058 0.0128 
3.85601 0.681872 3.2588 0.584583 2.51538 1.57841 1.99821 1.83523 0.375409 -0.0131296 -0.152439 -0.00336482 
4.10949 1.50778 3.84886 -0.500774 2.92275 1.45493 2.52764 0.882485 0.0954644 -0.163045 -0.351759 0.160557 
4.09633 1.10309 2.93355 0.671125 2.82749 0.924608 2.76324 0.823961 0.35734 0.509916 -0.213176 0.0936641 
4.1433 1.18217 4.27989 -0.534729 2.49484 -0.120227 1.30293 0.78725 -0.938374 0.104911 -0.130354 0.120549 
3.96517 1.39222 4.55746 -0.57657 2.20814 -0.0161136 0.661007 1.86602 -0.132371 -0.286981 -0.0925449 -0.0176072 
4.02205 1.69196 3.64176 -0.403697 2.48755 -0.136425 0.445902 0.216666 0.142913 -0.184989 -0.297353 0.0384452 
3.8777 1.10305 4.49732 0.784378 1.76024 -0.169203 1.46053 0.466826 -0.346547 0.0905023 -0.194235 0.0251549 
3.55795 0.922011 4.20429 0.706965 2.07874 1.41823 1.13009 0.907199 -0.31997 -0.34758 -0.166859 -0.0855548 
3.29007 0.752406 4.31414 0.455481 2.0149 0.423712 1.66415 0.865346 -0.394995 0.340102 -0.297651 -0.0779553 
2.95954 0.0139105 4.25276 0.6451 1.557 0.538667 1.22608 0.0649308 -0.251361 0.611624 0.0087194 0.0265743 
3.07115 0.244848 4.15546 -0.264434 1.01141 -0.325768 1.79345 0.637001 -0.122304 1.18415 -0.0525092 0.0129541 
2.98429 -0.442194 3.39794 -0.668854 0.507287 0.660576 2.30257 -0.0975078 -0.395445 1.44792 0.230424 0.00324331 
2.60806 -0.675763 3.49373 1.4453 1.48137 0.23645 2.43571 0.0796069 -0.135285 1.02821 -0.14901 0.000855284 
2.6798 -0.506796 3.59256 -0.131981 0.662392 0.825983 1.82647 0.260212 -0.162005 0.945482 0.187855 0.0131365 
2.68152 -0.440331 3.61396 -0.631703 2.38362 -0.338383 0.0795262 -0.00881882 -0.649076 0.680086 0.0966113 0.162081 
2.60277 -0.304652 2.74809 -0.0786899 2.7372 -0.784202 -0.505314 0.0256452 -0.431287 0.319299 0.126134 0.173649 
2.73442 -0.07655 3.22692 -0.758681 2.27253 0.705664 0.747484 0.809648 -0.217303 0.30965 0.180379 0.100153 
2.63354 0.129266 2.5225 -0.75718 2.06957 -0.241091 0.58843 -0.002028 -0.241217 -0.00942605 0.16325 0.2557 
2.735 -0.133268 3.03727 -0.503188 1.74646 0.433046 1.29395 0.277204 -0.39793 0.824716 0.23031 0.091355 
2.5239 0.00525106 2.9075 -0.756736 1.35403 0.0787149 1.06113 0.366248 -0.49799 0.0378032 0.274558 0.191846 
3.16049 0.03335 2.93488 -1.18896 1.80617 -0.431867 0.342024 0.521987 -0.469036 0.171151 0.0108192 0.173703 
2.70863 0.197363 2.87856 -0.248435 1.84627 0.118114 -0.172964 -0.302709 0.125849 0.0800393 0.0324802 0.158182 
2.72469 -0.334519 3.7629 -0.0838138 2.51274 0.031104 0.336088 0.281025 -0.538337 0.453794 0.200399 0.134878 
2.7307 -0.250412 2.44822 -1.04377 1.65711 0.226522 0.793742 0.587903 0.111202 0.388839 -0.0298476 0.140955 
2.85506 -0.278408 2.86236 -1.08639 1.07416 -0.118519 0.452033 0.640837 -0.215247 -0.125925 0.0368325 0.196655 
3.13148 -0.292462 2.85754 -1.44207 2.56202 0.591213 0.687828 0.00774747 -0.435545 0.234568 -0.0475615 0.261917 
2.69088 -0.466954 2.88156 0.139738 2.45386 -0.376048 -0.255069 0.21887 0.28818 0.381493 0.101441 0.176773 
2.9343 -0.174193 2.76636 -0.863756 1.86569 -0.444922 0.303323 1.01579 0.0108229 -0.133772 -0.280374 0.135271 
2.82618 -0.347064 3.03406 -0.166148 2.70674 -0.484812 -0.116861 -0.279975 -0.394346 0.434989 0.0375877 0.199308 
