2.91794 -0.255879 2.78365 -0.269335 1.52119 -0.566279 0.264518 0.823208 -0.241251 -0.00733792 -0.0550191 0.142161 
2.79283 -0.283278 2.66106 -0.62392 2.05622 -0.407403 0.488114 -0.179426 -0.578262 0.411996 -0.000535624 0.215664 
2.77213 -0.0622214 3.51055 -0.908328 1.77541 -0.0774191 -0.422876 0.333909 -0.753448 -0.0621042 0.247286 0.145225 
2.9091 -0.1579 2.18037 -0.467345 1.67891 0.00539663 1.12336 -0.259994 0.252222 -0.0489709 -0.0110108 0.310701 
2.25538 -0.488384 2.40593 -0.942187 1.70902 -0.0740584 0.885079 1.44838 -0.198651 0.216304 0.16425 0.1339 
2.7981 0.0930246 2.80564 -0.835739 1.49606 -0.202412 0.724495 0.385877 -0.821158 -0.450218 0.276214 0.265079 
2.77211 -0.247385 3.57715 -1.1636 1.67914 0.187598 -0.307945 -0.32102 -0.775845 0.245769 0.277404 0.199473 
2.88006 -0.256869 2.5306 -1.33357 1.84378 -0.398131 0.418698 0.531992 0.165558 0.53094 -0.119501 0.186593 
2.66903 -0.730093 2.99744 -1.32519 1.08616 0.257237 0.906324 -0.124525 -0.154788 0.571436 0.184963 0.274073 
2.74596 -0.0948344 2.57803 -0.848824 1.93041 0.0539247 0.191185 0.359185 0.0517422 0.124768 -0.0271537 0.17449 
2.63293 0.040771 2.4171 -0.779687 1.45764 -0.39741 0.251003 0.437103 -0.457563 -0.459696 0.132254 0.253482 
2.79775 -0.379927 3.12665 -1.33586 2.42648 -0.372121 0.0484347 0.671714 -0.602627 0.199138 0.201682 0.253566 
2.85372 0.255432 2.92337 0.120336 3.21978 0.347252 0.86584 -0.0570483 -0.525087 0.24899 -0.133796 0.133618 
3.39778 1.22748 2.68273 1.0816 2.55419 0.148405 1.60816 0.719076 0.111589 -0.179803 -0.609425 -0.089126 
3.91169 1.83247 1.11183 -0.30646 1.64599 1.82989 2.40252 0.299721 -0.434947 -0.0140865 -0.648004 -0.213769 
4.3344 1.54472 0.702864 -0.916363 2.35277 3.33344 2.16997 0.309325 -0.532887 0.404981 -0.277516 -0.170113 
4.65895 1.44638 1.0086 -1.47581 2.08341 2.78687 2.63355 0.82692 -0.0603662 0.495741 -0.124275 -0.0800949 
4.60737 1.02718 1.0589 -1.19947 1.992 2.23712 2.51394 0.276059 0.00136797 0.535457 -0.271336 -0.135007 
4.50909 0.58267 1.85809 -1.19841 2.75119 3.04261 1.70704 0.426168 -0.346606 0.86218 -0.0101019 -0.181425 
4.0804 0.907531 2.49193 -0.343451 2.66008 1.98704 2.31142 1.00484 -0.0201805 0.594899 -0.238463 -0.0812246 
3.6763 0.801929 3.31979 0.577038 3.32682 1.52264 1.82122 0.297358 -0.041898 0.437994 -0.0141003 0.124845 
3.69532 0.934135 3.11567 1.04184 3.32864 1.30007 1.05927 1.40778 0.112972 0.237959 0.100229 0.0309483 
3.76369 1.16531 3.28122 -0.119071 2.99087 0.881861 0.958136 1.51248 -0.217047 -0.0252584 0.0898419 0.0368506 
3.40704 0.516622 3.7572 0.559032 2.72475 1.01505 1.73063 0.404853 -0.150936 0.481579 0.0758643 0.137981 
3.51874 0.490177 3.92739 0.0196018 2.71976 1.98659 2.59088 2.32197 -0.0919021 -0.387934 -0.100235 0.075252 
4.20108 0.965539 2.60634 -0.253874 4.2392 3.1035 2.84736 1.16838 -0.314291 0.0626641 -0.126262 0.154824 
4.25817 1.36564 1.40065 0.630596 3.33351 3.5841 3.81968 0.984613 -0.453337 0.19234 -0.00873465 0.132412 
3.92268 1.37245 1.75967 0.224096 4.23854 3.8089 2.88006 1.40015 -0.096016 0.249638 0.00388442 0.11473 
4.2778 1.10975 2.63462 -0.410124 3.15195 3.76635 2.69788 1.87864 -0.106169 -0.0247878 -0.0526431 0.00795761 
3.42096 1.37577 2.23682 0.428272 3.11896 3.39839 2.51948 1.3771 0.341584 0.18188 -0.159321 0.0463581 
3.40415 1.41511 1.8457 0.483422 2.87129 2.50102 2.77509 1.80827 0.029965 -0.0774422 -0.19859 0.023254 
3.94083 1.26283 2.85752 -0.554642 3.68234 1.80379 2.6391 2.35204 0.769186 0.300068 -0.432896 -0.0217386 
4.68775 1.34076 2.59714 -1.3776 2.13194 2.78146 3.26258 2.36267 -0.0458318 0.318073 -0.202127 -0.117426 
4.08646 0.893224 2.86977 -0.0769837 2.95297 2.16123 2.94237 1.22146 0.673789 0.172852 -0.450678 0.0448809 
4.09776 0.814631 3.06753 0.0183366 2.96252 1.65425 2.14276 1.80815 0.796703 -0.0982246 -0.433782 0.000490398 
4.09945 0.932131 3.33498 0.270809 3.00669 0.661991 2.50824 1.67227 0.23617 0.0347 -0.364316 0.0944538 
4.05846 1.23418 3.5132 -0.774908 1.2697 -0.468177 1.37726 1.34395 0.316829 0.435621 -0.0890547 0.036493 
4.56176 1.16168 3.71964 -0.00198308 1.70854 0.479519 0.242712 0.545809 0.680165 0.853995 -0.107134 -0.108779 
4.33736 1.84696 3.65764 0.0698689 0.607741 -0.435616 0.343952 0.103716 0.354071 1.00905 0.0102733 -0.0532031 
3.85396 1.62125 3.35718 0.591432 1.90227 0.345163 0.328401 0.305825 0.387334 0.515489 -0.223252 -0.115659 
3.57827 1.2068 4.4591 1.13629 1.87538 0.511947 1.30109 0.328035 0.549924 0.136497 -0.249367 0.046131 
3.50594 0.780711 4.01959 1.29668 1.92504 -0.174133 1.8209 0.784972 0.0235665 -0.0907475 -0.196333 0.0935768 
3.26532 0.448484 4.7424 1.02873 1.7221 0.418004 1.84713 -0.0959266 -0.750681 0.605459 0.117523 0.0625735 
3.25266 0.187349 4.47196 0.553154 2.11528 0.263127 1.01713 0.989649 -0.203399 0.423583 0.0623156 0.0580812 
3.06423 -0.114683 3.12495 0.271504 2.57861 0.464656 1.9242 0.754 0.670147 0.616206 -0.21219 0.185774 
2.80495 -0.517231 3.19207 -0.583639 1.8165 0.277482 1.64509 1.19129 0.232413 0.670785 -0.16641 0.105569 
2.65103 -0.267819 3.52391 0.652425 1.07826 -0.274473 2.20934 -0.0828401 -1.2046 0.884461 0.213339 0.0359507 
2.56451 -0.733451 3.7143 -0.575638 0.919816 0.00288056 1.6774 0.0318705 -0.898193 0.841114 0.262955 0.138302 
2.42138 0.0779584 2.88502 -0.462044 1.77163 0.0242248 0.660505 -0.641922 -0.557849 0.626728 0.0132263 0.156656 
2.48431 -0.531384 3.28699 -0.00781368 0.802815 -0.0907466 0.827393 0.462412 -0.39 0.431061 0.334911 0.121278 
2.74363 -0.650861 2.84038 -0.587211 1.59425 -0.0381263 0.916388 0.279071 0.0117587 0.846823 -0.0445049 0.127978 
2.75641 -0.403895 2.39964 -0.13507 1.66698 0.265428 0.828098 -0.300743 -0.00432454 -0.0274126 0.011054 0.262773 
3.18977 0.0552997 2.57432 -0.368547 2.26233 0.854626 -0.563562 0.00595044 -0.401106 -0.0241951 0.324494 0.127591 
2.56157 0.131877 2.84012 -1.26386 2.32918 -0.0375487 0.980955 0.508216 -0.542724 -0.000504953 0.244361 0.26442 
2.84512 -0.416911 2.56546 0.35711 3.40607 -0.342864 0.683821 0.393194 -0.159116 0.426407 -0.0572149 0.210874 
2.93502 -0.153684 2.13383 -0.520569 2.28891 0.555015 1.00962 0.494607 0.121818 0.257315 0.132567 0.192344 
2.36372 -0.431796 2.55323 -0.137411 1.84125 -0.674767 0.748271 0.240552 -0.193293 0.0659837 -0.0389592 0.266314 
2.65989 -0.400166 2.77336 -0.520062 1.805 -0.486631 0.386409 -0.0641739 -0.427655 0.0381946 0.0518992 0.281367 
2.99318 0.149909 3.83768 -0.358177 1.81382 0.608987 1.01059 -0.472229 -0.50296 0.324276 0.122821 0.205472 
3.06002 0.339004 3.29855 -0.348141 1.83988 0.0274566 1.21343 1.05719 0.384197 -0.0721269 0.101707 0.228796 
