2.79527 -0.436534 2.79578 -1.48771 1.42372 -0.373275 -0.176329 -0.645168 -1.06378 0.211651 0.0233967 0.213665 
2.68969 -0.134447 3.39758 -0.279798 1.73361 -1.55269 -0.730981 -0.639224 -0.344555 0.0298304 -0.161928 0.233306 
2.68172 -0.373069 3.13491 -1.05323 0.65824 -0.839211 -0.121485 -0.169516 -0.558981 -0.078773 0.0381175 0.174111 
2.58989 -0.200306 3.05144 -1.13647 1.8979 -0.842679 -0.868596 -0.402309 -0.710804 -0.114714 0.0534577 0.174694 
2.73313 -0.0104377 2.7657 -1.3171 1.75324 -0.804004 0.260308 0.555346 -1.11736 -0.038325 0.145782 0.112686 
2.62592 -0.467491 3.04335 -1.39653 1.23343 -0.287547 -0.0499082 -0.150495 -1.05526 0.0248742 0.0988821 0.16202 
2.5783 -0.290552 2.9438 -0.899174 1.28246 -0.802053 -0.231038 -0.919052 -0.679643 -0.0120821 -0.0652661 0.261017 
3.06832 0.069274 2.45877 -1.41367 1.38885 -0.736177 -0.290985 -0.345569 -0.165428 -0.3113 -0.200838 0.19722 
2.96127 -0.0743654 2.64247 -1.54591 1.38197 -0.530082 -0.0469146 0.00536577 -0.604676 -0.0341459 0.0432418 0.142217 
2.91468 -0.26036 2.34767 -0.947007 0.735632 -1.33179 0.425854 0.268175 -0.422192 -0.112637 -0.12745 0.156732 
3.04398 -0.30654 3.43061 -0.484394 1.35452 -0.83686 0.269959 -0.0687489 -1.06804 -0.0532732 0.000448683 0.13645 
2.79811 -0.00401654 2.75643 -1.00013 1.22164 -0.591083 0.136725 -0.167847 -0.656462 -0.281759 0.027591 0.147949 
2.94797 -0.239163 2.43357 -0.486566 1.44708 -0.840468 -0.50162 -0.432127 -0.290488 -0.280589 -0.0190054 0.214262 
2.93656 -0.891185 2.29016 -0.596474 1.68173 -0.416177 -0.416272 -1.43855 -0.71209 0.527591 0.0417799 0.191615 
2.7454 -0.307893 2.69018 -1.14547 2.31493 -0.97219 -0.621141 0.382662 -0.501746 0.143502 -0.108685 0.102847 
2.63985 -0.160898 2.35615 -1.31283 1.88038 -0.412024 -0.914999 0.00308473 -0.458988 -0.278531 -0.0595935 0.146906 
2.77547 -0.40498 2.80812 -1.2002 1.59036 -0.337944 -0.164088 -0.435029 -1.19628 0.0226219 -0.0671297 0.15011 
3.42819 0.649124 2.9846 -0.351972 1.09645 -0.415644 0.94379 -0.495531 -0.983877 -0.221337 -0.236121 -0.0411438 
4.43313 1.48468 2.42367 -0.739211 1.13712 0.878491 1.24177 1.23584 0.333761 -0.0949782 -0.510332 -0.284858 
5.07723 1.83092 1.89657 -1.83823 1.6775 1.81316 2.0498 1.06826 -0.13542 0.0627746 -0.423589 -0.229424 
5.49812 1.69506 1.88056 -1.48141 1.24935 1.83917 2.44485 1.76884 -0.431407 0.160517 -0.190636 -0.236597 
5.04259 1.43005 2.39109 -0.718905 1.9453 1.38973 1.63088 1.85449 0.239885 0.522269 -0.021114 -0.149428 
4.72423 1.24746 2.16462 -0.857644 1.85998 0.707267 2.24333 1.28777 0.557951 0.699447 -0.300183 -0.111163 
4.55638 1.5623 3.24486 -0.00141042 1.92902 0.473078 1.98236 1.57919 0.456356 0.414654 -0.322182 -0.124479 
4.51884 1.87089 3.80684 0.0565055 1.84548 -0.128104 0.812996 1.41157 0.348653 0.143955 -0.15896 -0.0557772 
4.01754 2.09291 4.05202 0.400053 1.9273 0.241856 1.62227 1.29381 0.0217681 0.214869 -0.169577 -0.0629266 
3.78644 1.50541 3.99663 1.50817 2.31408 0.417112 0.769963 0.939743 0.528199 0.293702 -0.132724 -0.0252222 
3.55448 1.24454 3.75073 0.829951 1.40532 0.269174 1.47846 0.895594 0.275128 0.616359 0.0198326 -0.00448689 
4.16628 1.365 2.56128 -1.2459 1.1976 1.23786 2.00253 1.81152 1.01941 0.441752 -0.216784 -0.108365 
4.48811 1.23946 1.93706 -2.03787 1.65039 1.98149 2.92806 1.61342 0.222377 0.366087 -0.229965 -0.0255778 
4.28574 1.45606 1.92809 -1.07077 2.11233 2.74922 2.73075 1.51016 0.0955302 0.0106905 -0.130283 0.0184814 
4.16273 1.43789 2.50427 -0.169904 2.1073 1.84176 2.32084 2.28804 0.0171325 0.163463 -0.0613256 -0.0775314 
3.75656 1.49916 2.29046 -0.338928 2.28926 1.32428 2.33739 2.40575 0.855339 0.238108 -0.217075 -0.0707209 
3.63226 1.35284 2.52687 -0.884266 2.55274 1.12176 1.74929 2.42277 0.819686 0.0210095 -0.0241503 0.0146019 
4.11343 1.19046 2.63137 -0.273254 2.08234 0.803619 2.39455 2.0203 0.497301 0.67081 -0.131176 -0.0491585 
3.83348 0.744817 3.34981 -0.662593 1.54404 0.614107 1.50675 0.775425 0.181196 0.560703 -0.15296 -0.00477555 
3.5753 1.35369 3.53325 -0.233889 1.92539 0.951323 0.661764 1.65518 0.865191 0.278897 0.162871 0.0313182 
3.26661 1.51691 4.06131 1.30443 3.07001 0.831562 0.620848 1.14497 0.589886 0.507967 0.0754714 0.0343966 
3.50067 1.25866 3.62995 1.46245 2.79233 0.957301 0.667374 0.639283 0.826513 0.150157 0.0045161 0.0661393 
3.72154 1.01757 3.96377 0.50954 3.02715 0.56625 0.314464 0.650634 0.298716 0.130653 -0.0967735 0.0384582 
3.42178 1.33426 4.59422 1.20348 3.27335 0.693136 0.792358 0.166083 -0.63975 0.217371 0.016827 -0.00618775 
3.30371 1.04999 4.56153 1.33144 3.02791 1.34945 0.550397 0.55606 0.135408 -0.267592 -0.0370626 0.0155395 
3.54878 0.85974 4.24703 0.802052 3.37861 -0.152092 -0.49269 -0.198408 -0.456648 0.324483 -0.0885347 -0.0148113 
3.59632 0.649976 3.48501 -0.250898 2.45434 0.269461 0.630982 0.0581539 -0.5112 0.270817 0.0665461 0.0974731 
3.29225 0.271535 3.63385 0.0749436 1.80457 -0.0876041 1.14734 -0.256884 -0.207889 0.352153 -0.17497 0.0796881 
3.05751 0.31734 3.76627 -0.46825 1.85025 -0.474642 0.0426313 0.642425 0.0263493 -0.182092 -0.0699615 0.0811354 
2.95586 -0.182168 3.81511 0.423757 2.01191 -0.278627 1.284 -0.147584 -0.586695 0.857342 -0.119143 -0.0249575 
2.74459 -0.358608 2.64506 0.11959 1.83775 -0.749954 0.804682 -0.00209068 -0.579375 0.484379 0.000373681 0.0860908 
2.962 -0.228962 3.16516 -0.878691 1.10446 0.027819 0.0728508 0.234659 -0.340777 0.0181633 -0.161006 -0.00547661 
2.90737 -0.0398477 2.9161 -0.9826 1.49129 -0.212301 -0.680593 -0.111296 -0.799032 -0.247313 0.175872 0.101602 
2.70722 -0.112272 3.16223 -1.24841 1.79605 -0.266285 -0.447065 -0.248906 -0.624064 -0.101316 0.0306329 0.147573 
2.64167 -0.132234 2.99173 -1.29198 1.94542 -0.542496 -0.14913 0.00490124 -0.875876 -0.0258689 -0.0356187 0.160083 
2.78719 0.135976 3.32824 -1.58067 0.953716 -0.842345 -0.128506 0.208206 -1.1309 -0.219684 0.130158 0.137651 
2.62855 -0.271962 3.04848 -1.23513 1.99516 0.0987893 -0.206892 0.0120317 -0.837362 -0.300443 0.0894525 0.097108 
2.83651 -0.367591 3.40113 -0.75112 1.4154 -0.755782 0.240845 -0.545211 -0.953693 0.315854 -0.0809972 0.160525 
2.75469 -0.483065 2.49973 -0.680619 1.74394 -0.781834 -0.153862 -0.725604 -1.147 0.610418 0.312462 0.150309 
2.61978 -0.0624452 2.82396 -1.09192 0.708373 -0.598907 0.161431 0.050207 -0.755123 -0.202229 -0.0398923 0.121169 
2.96319 -0.49419 2.61859 -1.44642 1.29036 -0.312353 0.076965 -0.488486 -0.928392 0.352915 -0.155486 0.11597 
3.01039 -0.367761 2.71195 -0.640238 1.593 -0.703393 -0.221827 -1.51956 -0.761371 0.380442 -0.142509 0.175588 
2.58288 -0.494159 2.41366 -0.811194 1.06276 -0.520375 0.20167 -0.497487 -0.534269 -0.0887962 -0.0923782 0.207492 
