2.66757 -0.262382 2.21525 -1.10411 0.887068 -1.11149 0.0601501 -0.814909 -0.673381 -0.014632 -0.242455 0.112465 
2.72982 0.00211386 2.19084 -1.50841 2.12975 -0.583449 -0.123789 -0.444094 -1.0303 -0.534517 0.0714851 0.206207 
2.57106 -0.470055 1.91977 -1.64617 1.52273 -0.882738 -0.662046 -0.236029 -0.688669 -0.346822 -0.0207314 0.124616 
2.91703 -0.4012 1.26324 -0.889136 0.804973 -1.18124 0.13095 -0.250815 -0.693166 0.237632 -0.319963 -0.0105367 
2.74363 -0.488451 2.19518 -0.881548 2.05959 -0.84103 -1.49439 -0.73114 -0.781533 -0.00946435 0.186219 0.114636 
2.66521 -0.538189 2.38985 -1.63614 0.799785 -0.471453 -0.208726 -1.04277 -0.972762 -0.121312 -0.0798293 0.129478 
2.82513 -0.358817 2.30775 -1.03395 1.90382 -1.28846 -0.768702 0.0286843 -0.375772 -0.0270047 -0.254015 0.0599002 
2.60744 -0.327745 2.11329 -1.83721 1.08687 -0.942182 -0.664294 -1.37899 -0.955079 0.0811839 -0.211493 0.123725 
2.61689 -0.387443 1.74222 -1.6391 2.53571 -0.439069 -1.01624 -0.762516 -0.786022 -0.393947 -0.0591676 0.167239 
2.51356 -0.256252 2.57653 -1.63466 1.6501 -1.17913 -1.09111 -0.690539 -0.614713 0.173739 -0.243007 0.0693017 
2.69921 -0.454108 2.33569 -1.98106 0.538955 -1.04796 -0.266739 -0.2091 -0.994408 -0.240144 -0.121042 0.108611 
2.62732 -0.56348 2.34308 -2.04811 1.20501 -0.380402 -1.26931 -0.0394463 -0.398001 -0.376589 -0.134012 0.0402569 
2.76398 -0.357204 2.11501 -1.51012 0.992297 -1.06258 -0.788387 0.238534 -0.603988 -0.442676 -0.110059 0.0807652 
2.80181 -0.486407 1.91119 -1.77997 0.776152 -1.23684 -0.232139 -0.439857 -0.914055 0.114246 -0.207331 0.0848703 
2.46629 -0.376321 2.14623 -2.43377 1.22588 -0.521734 -0.805756 -0.229988 -1.42373 -0.627951 0.0822248 0.10061 
2.59949 -0.457153 2.15243 -1.06103 0.959721 -1.30762 -0.200719 -0.536444 -0.594059 -0.0878798 -0.291003 0.0973745 
2.67361 -0.185504 2.28064 -1.50559 0.545334 -0.785724 -0.819324 -1.14631 -0.81056 0.0750101 -0.00510436 0.104654 
2.84898 -0.300349 2.01807 -1.61537 1.28048 -0.845221 -1.05495 -0.604983 -0.390111 -0.655179 -0.143189 0.198568 
2.531 -0.137222 2.42221 -1.87981 1.23328 -0.718049 0.0668631 -0.680714 -0.702844 -0.461591 -0.105762 0.197392 
2.46219 -0.540666 2.79002 -0.735438 0.782868 -1.26026 -0.408223 -0.430138 -0.690364 -0.284092 -0.0379269 0.148971 
2.53587 -0.407489 2.42741 -1.52643 1.54763 -0.917713 -0.593358 -1.11889 -0.819948 0.101284 0.0107309 0.137443 
3.03563 0.196216 2.94506 -0.600143 2.34183 0.280012 0.564015 0.206816 0.268527 0.375311 -0.0961139 0.100708 
4.45801 1.38445 2.18298 -0.827142 0.614766 0.254036 0.920052 0.239252 0.126719 0.343876 -0.339191 -0.214956 
5.36226 1.90652 2.33826 -1.17838 0.843866 0.186441 0.600167 1.05129 0.448104 0.575265 -0.0688189 -0.178659 
5.1657 1.86146 2.47633 -2.04183 1.37525 0.597629 0.935053 0.995104 0.557734 0.967994 0.0777247 -0.0284767 
4.36109 1.58 2.61869 -1.17066 1.02509 -0.938688 1.18512 1.07404 0.663934 0.650925 -0.148767 0.00725799 
4.4964 1.61674 3.95671 -0.899629 1.31063 -0.260726 1.26024 0.983568 0.808712 0.875507 -0.194241 0.0422742 
4.26924 1.15843 4.52004 -0.654702 1.63305 -0.114154 0.70679 1.08674 0.331322 0.625981 0.0326729 0.131073 
4.0585 1.61886 3.72474 -0.553811 1.89404 -0.156991 0.646599 1.24876 0.544633 1.11156 0.225843 0.089378 
3.82703 1.6351 3.34003 0.315877 1.93647 0.431835 1.2966 0.117947 -0.141166 0.928675 0.252807 0.126171 
3.4939 1.05545 3.00858 1.4077 2.39874 0.0114817 0.979336 0.186193 0.555618 0.723708 0.182278 0.117853 
3.92567 1.01971 1.9043 -0.163901 2.15352 0.24667 1.41393 1.49581 0.416322 0.00207597 -0.051275 0.0447861 
4.76057 1.03189 1.27039 -3.09299 1.29898 2.69232 3.11629 1.9794 -0.0604991 0.16025 -0.170159 -0.0515028 
4.75234 2.26643 0.131776 -1.82083 1.21054 3.50173 4.18696 2.08834 -0.145762 0.0866041 -0.269924 0.0104446 
4.48466 1.82787 0.289724 -2.37263 1.25846 4.30312 3.79023 2.02633 -0.0025705 -0.151987 -0.220989 0.0590068 
4.47152 1.26164 0.57001 -1.65089 1.24035 3.19778 3.38744 2.23433 -0.401008 0.0974127 0.0134166 0.0278782 
4.35014 1.58912 0.944479 -1.13592 1.96608 2.54899 2.59883 2.27518 0.333119 0.23387 -0.129618 -0.0840632 
3.83698 1.22567 1.15165 -1.22613 1.67447 1.99545 3.16802 1.89212 0.41283 0.273025 -0.141159 -0.00954688 
3.52376 0.950309 1.74435 -0.0742593 2.1057 1.96248 2.75716 2.07215 0.302602 0.0949574 0.0442844 0.0617309 
3.72291 0.941279 3.08485 -0.518342 2.11313 1.53068 3.01283 1.57804 0.642729 -0.134189 -0.156739 0.178928 
3.42719 0.853693 2.35285 -0.54807 2.75482 1.03241 2.4582 1.52611 0.231239 0.141346 -0.0853073 0.108922 
3.5398 0.860877 3.43536 -0.12404 3.02603 0.832461 2.3065 1.66484 0.362011 -0.109499 -0.124377 0.200144 
3.72261 1.09925 3.27416 -0.608926 2.89307 0.388155 0.610199 0.722848 0.69007 0.234912 -0.0627382 0.140633 
3.71839 1.17416 4.08529 0.0934129 1.99448 0.467393 1.08562 0.76269 -0.0340633 0.423282 0.125816 0.0844694 
4.00859 0.83691 3.82364 0.794325 2.62626 0.824147 0.814363 0.9823 0.172406 0.133814 -0.113926 -0.0174569 
3.71345 0.985254 4.44315 0.901863 2.92163 0.963599 0.340187 0.744839 -0.336616 -0.168586 -0.00577455 -0.0379154 
3.59232 0.981722 5.26313 1.04631 4.12545 1.29806 0.255434 0.597409 -0.127159 0.184948 -0.142257 -0.0248603 
3.79569 0.658419 4.46311 0.649247 2.67786 0.374952 0.409139 -0.0312147 -0.398292 0.0813844 -0.120664 0.0562362 
3.4448 0.59064 3.45673 0.932525 3.85943 0.344276 0.306404 0.125715 -0.198783 0.299409 -0.0964463 0.0322846 
3.13865 0.429762 4.14386 -0.144736 1.69972 -0.810634 0.137115 -0.0518396 -0.665636 -0.0517382 -0.013293 0.116593 
3.07292 0.457434 4.17192 -0.282032 2.69539 -0.24683 0.316368 0.0311379 -0.40375 0.479467 0.100643 0.159802 
2.96945 0.25143 3.70032 -0.14362 1.35913 -0.198378 0.679085 0.00967218 -0.684981 0.336903 0.0573425 0.00685994 
3.07123 -0.212057 4.08094 -0.0237516 1.45193 -0.566053 0.151148 -0.389881 -0.521901 0.351582 -0.0811228 0.0869235 
2.83336 -0.248449 2.63742 -0.988224 1.85789 -0.241169 0.285068 -0.506319 -0.897113 0.186424 0.00733259 0.0933411 
2.84747 -0.592054 2.75513 -0.948624 0.808668 -0.623237 -0.309879 -0.537345 -0.624194 0.242888 0.0577116 0.0903114 
2.61152 -0.21749 2.57072 -0.902763 1.22608 -1.04419 0.229047 -0.267011 -0.755086 0.188655 -0.105018 0.131557 
2.56699 0.440568 3.27841 -0.702748 0.414695 -0.362732 0.708244 -0.919594 -1.1873 0.312678 0.131584 0.0938091 
2.50945 -0.304519 3.02379 -1.1424 1.48374 -0.617585 -0.720193 -1.1454 -1.33294 0.282817 0.231476 0.111118 
2.72143 -0.117565 3.08207 -1.08113 1.34533 -0.524126 0.264819 -0.422417 -0.4707 0.0790072 -0.0838398 0.113156 
2.33783 -0.293532 1.96248 -2.15163 1.38923 -1.57587 -0.728621 0.266644 -0.635622 -0.653051 -0.0901403 0.164985 
