2.5132 -0.138445 2.79048 -1.01909 1.69388 -1.29594 -0.25004 -1.1318 -1.29133 0.269761 0.0141642 0.15591 
2.512 -0.601439 2.65682 -1.00309 1.88706 -0.555391 -0.39745 0.446038 -0.697294 -0.256511 0.206489 0.119922 
2.19344 -0.758173 2.70788 -1.77013 1.2467 -0.358837 -0.0731589 -0.181313 -0.579949 -0.0240856 -0.062716 0.158921 
2.47026 -0.432813 3.19881 -1.63135 1.19564 -0.174011 0.446137 -0.130827 -0.584682 -0.0671375 -0.0516397 0.0489914 
2.73876 -0.843747 2.81532 -1.63782 1.32072 -1.58863 -0.189925 -0.174561 -1.3955 -0.238183 -0.216306 0.22024 
2.70903 -0.619566 1.969 -1.75241 1.20595 -0.222402 -0.0461253 -0.429462 -0.55982 -0.223459 -0.110302 0.128097 
2.60347 -0.709299 2.06502 -1.59815 1.75356 -0.977005 -0.0771897 0.144557 -0.7458 0.00323977 -0.0960118 0.135245 
2.51981 -0.540536 1.48511 -1.8437 1.91509 -0.620584 0.288316 -0.139246 -0.901309 0.368014 0.120097 0.0679993 
2.67867 -0.573573 2.8864 -0.77956 1.76998 -1.13474 -0.696503 -0.976088 -0.505606 0.157622 -0.130484 0.184934 
2.76479 -0.912429 2.64965 -1.11735 1.30517 -1.22597 -1.09877 -0.173248 -0.790212 -0.156647 0.0527749 0.0825952 
2.41583 -0.591811 1.99524 -1.73774 1.65432 -0.931765 -0.618965 -0.218571 -0.506422 0.122046 -0.176448 0.0599967 
2.62446 -0.137807 1.60778 -1.30461 2.22793 -0.405895 0.105944 -0.638901 -0.798072 -0.283156 -0.145158 0.176264 
2.51031 -0.235353 2.80306 -0.483327 1.97151 -1.20295 -0.00971643 -0.61561 -0.818519 -0.0565901 -0.123317 0.197984 
2.82657 -0.131857 2.87595 -1.25837 1.6719 -0.960456 -0.39307 -0.979867 -1.41026 -0.401813 -0.13812 0.0992402 
4.05373 1.41663 2.14779 -1.9507 1.29916 0.384838 1.0681 0.361519 0.112107 -0.353635 -0.734272 -0.21854 
5.01939 1.53712 1.1036 -2.42076 1.95826 2.31224 2.3932 0.646694 -0.572961 0.00154478 -0.37364 -0.146284 
5.60822 1.33977 0.227869 -2.09504 3.05177 2.92292 2.20851 0.263014 -0.29629 0.0889861 -0.103261 -0.0319108 
5.29769 0.832301 0.880397 -2.36565 3.16552 2.99304 1.78631 0.500518 0.147416 0.583296 0.0128403 -0.0270293 
4.66679 1.12383 1.3216 -1.45419 3.18196 2.39058 2.04264 1.06571 -0.0962565 0.874103 0.0333435 -0.0747843 
4.15431 1.56074 1.89306 -0.247126 1.94288 2.69775 1.93904 0.843871 0.576906 0.358347 0.0024496 0.0248082 
3.6239 1.5355 2.21583 0.175623 2.32479 2.62124 1.7051 1.14391 0.823322 0.130016 0.0645041 0.0694309 
3.57528 1.33153 2.36679 0.476565 2.9002 2.06204 2.01902 1.31794 0.130054 0.586615 0.0319073 0.0170947 
3.98964 0.640035 3.23102 0.639801 2.02819 1.42143 1.57574 0.806146 -0.0601855 0.209804 0.168112 0.0833299 
3.36706 0.775277 3.64355 1.14393 2.7393 0.858585 1.66359 0.881882 0.294478 -0.05261 0.252809 0.227949 
3.53041 1.51866 2.79316 0.273953 2.44817 1.943 1.92442 2.68041 0.777365 0.577897 -0.119714 -0.0973971 
4.07835 1.20769 0.547109 -0.646902 2.5399 3.27588 3.00122 1.46676 -0.383667 -0.0245121 -0.000475401 0.092965 
4.64841 1.12749 0.658087 -0.70312 2.83289 3.7786 3.2898 1.3706 -0.548273 -0.138407 -0.00653011 0.0968212 
4.05288 1.3632 1.24908 0.022532 3.20857 3.36847 3.03299 1.16514 -0.518842 -0.0665271 -0.0135101 0.119715 
3.86147 1.38638 0.298351 -1.28122 2.77411 3.70413 3.13333 1.02129 -0.486204 -0.14779 -0.142847 0.0883653 
3.97421 0.656489 2.04076 -0.836338 1.92531 2.15759 2.16573 1.72906 -0.115337 -0.478691 0.0422422 0.0995041 
3.75252 0.546123 2.29667 -1.66147 2.25547 2.03249 2.62833 2.38435 0.352306 -0.229228 -0.0552579 0.0990136 
3.78493 0.520174 2.51057 -1.41112 2.9801 1.77129 2.3728 1.81527 0.00424872 -0.178614 -0.196999 0.127005 
3.6576 0.742403 2.91675 -0.614503 3.05685 2.38949 2.24025 1.47659 0.181686 -0.102861 -0.153279 0.0867088 
4.23965 1.43099 3.04855 -1.28615 1.99309 0.199583 1.89058 0.733018 0.231026 -0.31 -0.176657 0.277018 
3.62736 1.16048 3.8875 -0.482542 2.28812 -0.294971 0.429335 0.257029 0.162163 0.560745 0.171007 0.214825 
3.76639 1.20904 3.8844 0.083527 1.03573 0.507477 2.04633 0.405242 -0.0678228 0.123571 0.144236 0.154066 
4.07933 1.09173 3.56745 -0.189052 1.17341 -0.345189 0.827363 0.112831 0.286502 0.717433 0.0661183 0.123429 
3.87266 1.39933 3.97236 -0.639337 1.85135 -1.09589 0.0352018 0.667283 -0.0726522 0.254337 -0.185085 0.0200397 
3.77915 1.57656 3.94966 0.503634 2.16152 -0.290502 0.529455 -0.156212 -0.316319 0.365392 -0.230649 -0.0351396 
3.26994 0.798417 3.82281 0.534381 2.12254 0.412051 0.999572 -0.186736 -0.679406 -0.20448 -0.0883713 0.00298135 
3.28164 0.192441 3.53055 0.652493 3.2374 0.0349535 0.333687 -0.221656 -0.48077 0.0372579 -0.263804 0.0112313 
3.14248 0.175673 3.85375 0.0875824 1.6081 -0.4944 0.913569 0.334357 -0.549996 0.246357 -0.0558993 0.0226614 
2.90911 0.422633 2.99394 0.00666152 2.33016 -0.110798 0.273386 -0.0236605 -0.286365 0.714509 -0.111142 -0.026169 
2.83887 -0.310719 3.62562 0.0601275 1.2196 0.055429 0.680285 -0.517789 -0.218971 0.00666248 -0.169275 0.0421651 
2.7823 -0.143725 3.74967 -0.0562448 1.27421 0.0990348 1.46186 -0.814709 -1.37195 0.377347 0.0636316 -0.0166915 
2.58965 -0.513469 3.4056 -0.844499 0.670774 -1.06992 -0.327216 -0.153537 -0.699985 -0.104466 -0.12987 0.0622922 
2.69273 -0.962384 2.88475 -0.341094 0.858418 -1.41618 -0.45833 -0.850735 -1.30095 -0.0869817 0.0277987 0.0699704 
2.7424 -0.282926 2.70202 -0.696207 1.50505 -0.604214 0.376453 -0.465096 -0.829611 -0.21459 0.0215246 0.184754 
2.8796 -0.0599445 3.07043 -0.852017 1.262 -0.455998 0.440468 -0.656543 -0.571745 0.0304571 -0.336672 0.107083 
2.54063 -0.334749 3.23409 -1.06327 1.11189 -1.03676 0.228145 0.0464058 -0.861622 0.154642 0.200019 0.109409 
2.62182 -0.24405 3.0336 -0.346325 1.39098 -1.06141 0.0526711 -0.731383 -1.043 0.132974 -0.130421 0.0708364 
2.65219 -0.456431 2.8134 -1.55368 1.88744 0.0851354 0.631968 -0.336964 -0.573138 -0.153685 -0.125115 0.172404 
2.60257 -0.453251 2.04673 -0.334472 1.10781 -0.904449 0.434134 -0.479107 -0.0263305 0.172082 -0.267475 0.0662785 
2.54547 -0.514088 2.17669 -2.07052 1.23133 -0.74061 -0.845604 -0.112847 -0.707501 -0.0599839 0.126154 0.115726 
2.76763 -0.272739 2.87763 -1.3921 1.71809 -0.966477 -0.0394938 -0.394495 -1.25403 -0.319068 -0.0352457 0.219548 
2.69166 -0.612163 2.11873 -2.01949 1.38944 -0.404099 0.0178497 0.139066 -0.555863 -0.396464 -0.228591 0.0736991 
2.41824 -0.295344 2.57854 -1.59795 1.07292 -0.692477 0.355503 0.517947 -0.54431 -0.185971 -0.198297 0.0712916 
2.46925 -0.218675 2.76063 -0.752735 1.57424 -0.599061 -0.250413 -0.620381 -0.529927 -0.208521 -0.0968475 0.202964 
2.45955 -0.16697 1.60301 -1.20145 1.9757 -0.931992 -0.749108 -0.717496 -1.0741 -0.320316 -0.0610203 0.17946 
2.71582 -0.287634 2.77774 -1.3432 0.786017 -0.701461 -0.0880166 0.0855842 -0.798561 -0.380818 -0.096857 0.0874914 
