2.80226 -0.596381 3.09137 -0.942426 1.7124 0.0302416 -0.303174 -0.00923868 -0.884496 0.117396 0.325303 0.201974 
2.74194 -0.21676 2.46658 -0.674486 1.9964 -0.688021 0.291258 0.0974837 -0.749407 0.360978 0.151852 0.212246 
2.82831 -0.200586 3.35287 -0.621878 1.92057 -0.539993 -0.112591 -0.736835 -1.04014 0.262059 0.244353 0.25797 
2.79061 -0.11281 2.65274 -0.989019 1.7405 -0.766523 -0.299586 0.376708 -0.183348 -0.306547 0.0118192 0.274263 
3.00518 -0.19634 2.0897 -0.515138 1.53897 -0.738664 0.992879 -0.338353 -0.135155 0.276518 -0.0842134 0.273136 
2.93475 -0.335866 3.3969 -0.948527 1.45776 -0.252743 -0.0465784 -0.315723 -0.507511 0.403469 -0.029959 0.183147 
2.38821 -0.298338 2.6077 -0.895731 1.90129 -0.19048 0.155712 -0.0281608 -0.233949 0.146389 -0.0299687 0.235618 
2.72333 -0.195583 2.94407 -0.957483 1.89497 -0.422539 -0.493934 -0.0113778 -0.373365 0.214099 0.0617841 0.195393 
2.51614 -0.251403 3.07189 -1.08761 1.93177 -0.217351 -1.05823 -0.126764 -0.358991 0.0926687 0.013969 0.17826 
2.97776 0.128084 2.7667 -0.359186 1.9539 -0.422399 0.368572 -1.16542 -0.485911 0.441437 0.115334 0.267705 
2.75248 0.0221462 2.8747 -1.05035 1.78609 -0.0486837 0.008274 0.505046 -0.841284 -0.224597 0.31625 0.185449 
2.7902 -0.188774 2.67838 -1.15135 1.36769 -0.168693 0.130185 0.0294562 -0.446098 -0.270013 0.136388 0.28361 
2.81449 -0.0647331 2.38252 -0.852031 1.3017 -0.413735 0.307231 0.0145059 -0.486658 -0.143786 -0.0577498 0.221968 
3.04244 0.111916 3.44711 -0.584649 1.96244 0.0312115 0.497627 -0.299381 -0.737402 -0.262899 0.102464 0.259514 
4.4355 1.31846 2.5019 -1.529 1.00079 0.570651 1.0737 0.952393 0.0773059 0.154686 -0.518945 -0.303686 
5.21119 1.76238 1.26859 -2.57085 0.517464 1.33639 2.45721 1.15172 -0.187888 0.127443 -0.389151 -0.202516 
5.65797 1.91988 1.20815 -2.91475 0.535637 0.956416 2.42808 1.09711 -0.755486 -0.0289536 -0.375951 -0.164617 
5.5641 1.67229 1.11708 -2.86294 0.402042 0.92031 1.99253 0.624889 -0.844781 -0.035088 -0.271667 -0.116623 
4.90542 1.99904 1.79475 -1.42201 1.26518 0.344667 0.934482 1.12277 -0.245145 0.390885 -0.215925 -0.213953 
4.53585 2.37347 3.72887 -0.278308 1.13511 0.357499 1.02792 1.66786 1.42162 0.131645 -0.147126 -0.0706333 
4.39329 1.94051 2.58565 -0.697254 1.58875 0.4354 1.10138 0.988677 0.490216 0.751352 0.13237 0.0439343 
4.04446 1.42409 2.98508 0.402074 0.678591 0.414045 1.62465 0.647727 0.829157 0.609727 0.0602869 0.0438515 
3.96047 1.06398 3.22292 0.129895 2.42834 0.741728 1.16022 0.249184 0.736585 0.10388 -0.00787904 0.220954 
3.64853 0.75417 3.6371 0.19398 1.87869 -0.0231571 1.02074 1.04465 -0.0829569 0.540224 0.307758 0.130632 
4.06434 0.961894 2.50183 -0.803636 1.4755 1.47227 2.27065 1.82212 0.303988 0.0850615 -0.0127599 0.0217179 
3.99851 1.97837 1.83681 -0.192458 1.70554 2.3924 2.35691 1.61513 0.153173 0.0439426 -0.141621 -0.0339712 
4.21424 2.08266 1.42852 0.296641 1.98454 2.88146 3.21053 1.57569 -0.262085 0.265103 -0.148062 -0.0033196 
4.26315 1.78932 0.683382 -0.846425 1.75307 3.81108 2.91123 1.4141 0.106385 0.0410045 -0.0748194 0.0592802 
4.08638 1.84098 0.820504 -0.519857 1.93708 3.16376 3.2595 1.84344 -0.300923 0.221041 -0.202499 -0.0107411 
3.68388 1.0498 1.38617 -0.782579 1.8908 2.61217 3.20103 1.61648 -0.236836 0.219407 -0.0664815 0.0303565 
3.97141 1.43865 2.03955 0.0341641 2.25527 2.43784 3.06512 1.72429 -0.0243001 -0.0883601 -0.0788019 0.0592835 
3.99783 1.20728 2.01406 -1.15385 1.87466 0.7497 2.96278 2.22567 0.465723 0.0473578 -0.0401257 0.130997 
3.84874 1.06862 2.49575 -1.34798 2.54719 1.68248 1.78923 1.5805 0.682819 0.0351271 -0.173809 0.0263231 
3.93239 1.10539 3.72152 -1.05206 1.81917 1.08429 2.06642 1.92841 -0.120448 0.389907 -0.0156606 -0.0307299 
4.03757 1.06057 3.72607 0.321487 3.34667 1.42898 0.907743 1.18987 0.785897 0.00648047 -0.0999577 0.099351 
3.84803 1.23789 3.73088 0.19344 2.27081 0.640515 1.30849 0.782656 -0.229067 -0.0904707 0.0869824 0.123321 
3.65495 0.875039 3.38427 0.988886 2.79856 0.718045 1.62893 -0.0140205 -0.000503283 -0.193271 -0.0621875 0.17503 
3.69158 1.29655 3.86256 0.7081 3.42749 -0.172938 -0.243119 -0.366308 -0.465833 0.128476 0.0172107 0.0800396 
3.69686 1.32425 4.26926 1.26755 3.43843 0.532928 -0.0803498 -0.26376 -0.321584 -0.0168736 -0.156798 -0.0457463 
3.6638 0.933055 4.33951 1.09776 2.3748 0.652121 1.48481 0.433424 0.166237 -0.106981 -0.339934 0.0375198 
3.68274 0.928276 4.84796 0.733056 2.88171 0.609068 0.694782 0.508652 -0.629563 -0.17427 0.0121165 0.0627533 
3.47729 0.421223 3.73653 0.0183353 2.83753 0.0906992 0.629521 0.817737 -0.280951 0.341602 0.0964543 0.129465 
3.31866 0.234817 4.03943 0.0218257 2.20151 0.17702 1.562 -0.268248 -1.2894 0.583122 0.119055 0.122458 
3.20784 0.330406 3.7787 -0.133242 1.34053 -0.463845 0.533231 -0.299156 -0.708105 0.386919 0.100067 0.142785 
3.12223 0.0532197 3.42711 -0.790258 1.69089 0.0177115 -0.35521 -0.139645 -0.338796 0.116887 0.154302 0.175971 
2.78122 0.0378858 3.40459 -0.821096 2.02371 -0.0905762 0.675741 0.533101 0.00233609 -0.0946334 -0.0955418 0.225032 
3.06716 -0.0287741 2.90339 -0.648014 1.22569 -0.912882 0.696666 0.267627 -0.410165 0.520937 -0.278434 0.0854962 
2.84765 -0.176514 3.00346 -0.11069 1.98437 -0.51011 0.299374 -0.394593 -0.601009 0.684203 -0.0579161 0.109909 
2.73448 -0.194303 3.46011 0.000158289 2.09167 -0.902121 0.109409 -0.188032 -0.427653 0.472667 -0.0520332 0.182436 
3.1073 0.0312357 3.63168 -0.478452 1.27594 0.199129 0.452068 -0.179382 -0.480891 0.20532 0.166214 0.161861 
2.78278 -0.335663 2.62491 -0.0636978 2.05163 -0.315617 0.248542 -0.983216 -0.986307 0.626551 0.18903 0.174913 
2.68439 -0.246924 2.90007 -0.63514 1.38101 -0.0234606 0.98983 0.112495 -0.563174 0.144006 0.220936 0.220998 
3.00556 -0.098898 2.25836 -1.54078 1.25484 -0.186889 0.139342 0.148555 -0.262326 0.441086 -0.150073 0.114961 
2.65504 0.0103202 3.05522 -1.2975 1.78508 -0.0553271 -0.490826 -0.292212 -0.615059 0.216146 -0.0332413 0.158427 
2.77036 -0.236829 3.08699 -0.297239 1.30876 0.184807 0.177449 -0.935445 -0.408784 0.235976 -0.00991638 0.191202 
2.88824 -0.298046 2.94623 -0.382496 0.704184 -0.662379 0.908577 -0.409968 -0.47149 0.0693208 0.00250803 0.270412 
2.76231 -0.573523 2.9198 -0.425469 1.94462 -0.210112 -0.513743 -0.339555 -0.82549 0.275729 0.313823 0.187358 
2.85332 0.270358 2.36532 -1.14875 1.75684 -0.702767 0.122081 0.324232 -0.82679 0.0829175 0.160148 0.199683 
2.7884 -0.134257 3.14849 -1.21549 1.54483 -0.191546 0.183558 -0.000770421 -0.818215 -0.0037323 0.0339667 0.208398 
2.67511 0.232125 3.20742 -0.953452 1.76005 -0.288563 -0.329149 0.17948 -0.586891 -0.345983 0.159199 0.198139 
