2.76976 -0.326028 2.91831 -0.406785 2.31017 -0.612964 -0.607909 -0.369664 -0.683927 0.185126 -0.0117323 0.186848 
2.62599 -0.328005 2.51845 -0.258557 2.1723 -0.28184 -0.173513 -0.296438 -0.575197 0.0711938 0.0865707 0.21057 
2.84678 -0.478057 2.63928 -0.992953 1.74474 -0.0909608 0.300775 0.269081 -0.0454774 0.51951 0.181175 0.20749 
2.84222 -0.24452 3.00158 -0.295008 1.32038 -0.344063 0.640307 -0.365938 -0.586892 0.183759 0.0351027 0.213695 
2.85925 0.0948238 2.10885 -1.57916 2.16726 -0.627945 -0.303674 1.1173 -0.0851761 -0.0388078 0.00043539 0.158104 
2.87669 -0.143827 2.83303 -0.621482 1.97344 -0.480235 -0.0802683 -0.814283 -0.516988 0.0182722 0.0188449 0.302669 
2.57777 -0.283027 3.01064 -0.590267 1.72635 -0.367587 0.547831 -0.0912098 -0.863636 0.41027 0.202651 0.191093 
2.52769 -0.402285 3.02779 -0.446438 1.05168 -0.721525 0.576317 0.0925337 -0.76988 0.443859 0.0432809 0.161692 
2.79175 -0.240778 2.95865 -0.973513 1.9096 0.0536275 0.52437 -0.057027 -0.590002 -0.0649853 0.0267048 0.262386 
3.04776 -0.0896022 2.61577 0.0230887 1.57633 -0.692211 -0.108965 -0.370217 0.00266685 0.0545674 -0.0477404 0.221086 
2.75063 -0.130235 2.91842 -0.884913 1.03751 -0.239438 -0.0116025 -0.281713 -0.280512 -0.0265481 -0.0229273 0.232217 
2.56483 -0.176644 2.67239 -0.546717 2.34307 -0.0684684 -0.034363 -0.661372 0.0526726 0.604206 0.00156197 0.202337 
3.64232 0.974422 3.1421 -0.226005 2.34322 0.410198 0.91677 1.12406 0.0798743 0.0300869 -0.51449 -0.1432 
5.27143 1.27261 0.947311 -2.67512 1.776 2.66146 2.14542 0.421721 -0.664541 -0.2018 -0.3434 -0.157431 
5.22818 1.9128 0.496077 -1.52805 2.44325 2.99761 1.97863 0.148331 -0.103222 -0.0473696 -0.153259 -0.104209 
5.03719 1.61725 1.44861 -0.424218 2.19367 1.98546 2.61295 0.703739 -0.760688 0.279435 0.0115457 0.00645905 
4.72315 1.39878 1.55355 -1.573 1.91727 1.85424 2.2843 0.735434 0.14968 0.429136 -0.152467 -0.017736 
4.65091 0.993005 2.08915 -0.681835 1.6057 0.823965 1.85008 1.14937 -0.216341 0.501826 0.1042 0.0254688 
4.45158 1.32527 3.02872 -0.652159 1.93454 1.14289 1.27728 1.25825 0.313832 -0.04759 -0.181407 -0.0337966 
4.15981 1.4194 3.49321 0.000514548 1.64912 0.0734778 1.24729 0.697025 -0.122971 0.357895 -0.0962122 -0.0031024 
3.97133 1.36317 3.86051 -0.0562627 3.43683 0.574532 1.00243 0.868115 -0.256848 -0.0424246 -0.232458 0.0482921 
3.51575 0.460233 4.33865 0.789219 3.14783 0.750221 0.705665 1.28301 0.250395 0.166516 0.0231681 0.0917715 
3.55599 0.586302 4.36071 0.549488 3.16108 0.26174 0.53595 0.429672 -0.333922 0.0926746 0.232612 0.238505 
3.77151 1.10973 2.63873 -0.234805 2.5335 0.850753 3.01042 1.09879 0.466359 0.243861 -0.270084 0.128885 
3.69565 1.50064 1.94644 -0.3018 2.33891 2.23174 2.43633 1.3529 -0.292377 -0.0852389 0.0443606 0.0842352 
3.6732 1.53681 2.50319 0.809475 2.96889 3.41882 2.99514 0.916862 0.050441 0.0117266 -0.0183543 0.128812 
4.02487 1.07064 2.86466 0.215515 3.56084 2.91154 3.17622 1.38892 -0.816071 0.267754 0.040398 0.0984757 
3.76783 0.778773 2.79524 -0.358926 2.77888 1.76013 2.59846 0.528153 0.24179 -0.283138 -0.192169 0.243912 
3.82402 1.27917 3.11983 -1.17263 3.22267 1.18664 2.14633 1.5577 0.210406 -0.266165 -0.143089 0.205124 
3.70918 1.32989 3.18899 0.385498 2.6411 1.52462 1.48143 1.47984 -0.168783 -0.24383 0.270736 0.121901 
3.48165 0.853544 2.52283 -0.395264 2.54019 2.217 2.3504 1.79011 0.0784033 -0.233513 -0.100819 0.037104 
3.61666 1.35718 2.9332 -0.385065 2.05244 1.78554 2.22845 1.41064 0.744676 -0.166988 -0.204619 0.0262036 
3.59955 1.14799 2.85926 -0.0762061 2.34353 2.74102 2.40278 1.40054 0.520823 0.233737 -0.237977 -0.0240741 
4.057 0.754741 4.21878 0.697601 2.68483 1.15083 1.92119 1.03354 0.203003 -0.0162727 -0.149685 0.158397 
3.96477 0.928336 4.80891 0.40991 2.69922 0.739943 1.52776 0.60849 -0.313673 0.497563 -0.154364 0.072957 
4.20234 1.06369 3.85194 -0.853367 1.88427 0.589929 1.17229 1.54592 -0.30951 0.0457444 -0.0271994 -0.0189428 
3.97584 0.960665 3.61472 -0.439438 1.77776 -0.170018 0.348217 0.657771 0.752285 0.371614 -0.0895061 0.106282 
3.89479 1.06283 3.60681 -0.594101 1.93772 0.289296 0.566411 0.527143 0.261766 0.935958 -0.0874207 -0.0347292 
3.64926 1.08223 3.74134 0.200143 2.30757 -0.0984419 0.935404 0.699662 0.399032 0.456306 -0.338845 -0.0193298 
3.6513 1.07444 3.74293 0.949649 2.99249 0.114841 0.315021 0.431731 -0.366783 -0.250339 -0.162614 -0.0120545 
3.37014 0.825042 4.33278 1.19209 2.32387 0.368093 1.91321 0.631678 -0.510251 0.0552589 -0.202316 -0.00563305 
3.45705 0.259339 4.8149 1.04714 2.68099 -0.293015 0.6218 0.477617 -0.628848 0.363417 -0.103728 0.0456922 
3.21558 0.560206 3.51367 -0.687805 2.61538 0.609036 0.929278 0.394203 -0.254821 0.53072 -0.0545203 0.0896377 
3.00116 0.181094 3.79647 -0.221513 1.96794 -0.635624 -0.0234631 0.400554 -0.758021 0.434617 0.104477 0.0694444 
3.1456 0.309889 4.47678 -0.973333 1.06977 0.220417 1.05878 -0.0913512 -0.863494 0.306538 0.0371485 0.134658 
3.0962 -0.074877 3.2201 0.268268 1.67793 0.188699 1.48338 0.0423526 0.0679735 0.413455 0.0591138 0.196701 
2.86824 -0.0365082 3.18749 -0.886181 1.93439 -0.444054 0.439388 -0.0636641 -0.872059 0.377387 0.048742 0.188567 
2.87612 0.0551609 2.95197 -0.715084 2.64292 -0.449107 0.171848 0.737827 -0.708078 -0.0472635 0.0475913 0.171153 
3.11368 -0.106003 3.44899 -0.472473 1.73686 -0.380884 0.0107639 0.314938 -0.742911 0.325369 0.159163 0.108845 
2.96346 -0.175376 2.76855 -0.303465 1.93966 -0.500749 0.175316 -0.203985 -0.674184 0.514534 0.0740143 0.142886 
2.86858 -0.494663 2.6786 -0.579711 1.72966 0.00960717 0.649231 0.0484934 -0.853726 0.343428 0.306203 0.203268 
2.76468 -0.176206 3.45985 -0.363658 1.29326 -0.404038 0.603164 -0.0196522 -0.353496 -0.083206 0.151834 0.274359 
2.83981 -0.334719 3.13265 -0.248329 2.00765 -0.153546 -0.23497 -0.111911 -0.282427 -0.0165213 0.0151084 0.199262 
2.76012 -0.594199 3.24324 -0.696133 1.58513 -0.722371 0.3944 -0.514138 -0.82089 0.325873 -0.0177531 0.299501 
2.8109 -0.307043 3.33486 -1.0534 1.48345 -0.446398 0.13368 0.470884 -0.79136 0.0644217 0.113682 0.186573 
3.06313 -0.407472 2.36909 -1.26071 1.85064 0.0425663 0.608138 -0.410991 -0.715394 0.506307 -0.155802 0.186869 
3.04628 0.0258922 3.03971 -1.18143 1.43404 -0.214367 -0.0205591 0.790437 -0.500341 0.260297 0.0807539 0.0710394 
2.54478 0.101524 2.82185 -0.430421 2.59597 -0.639891 -0.656978 -0.501242 -0.476002 0.273363 0.117986 0.190107 
2.56179 -0.00830284 3.02856 -0.765416 1.81962 -0.431954 -1.00917 0.0356116 -0.378748 -0.0339162 0.11646 0.170666 
2.70653 -0.254695 3.09628 0.0152213 1.55744 -0.0086554 -0.125321 -0.0184428 0.265615 -0.0414239 -0.0132501 0.199314 
