2.91173 -0.217156 2.37889 -0.38495 1.76618 -0.50233 0.714568 -0.177153 -0.0667686 0.168664 -0.0823979 0.256706 
2.96957 0.0290906 2.2684 -1.51564 1.94079 -0.835697 0.150605 0.695221 0.0635156 -0.283053 -0.105771 0.295793 
2.81169 0.0718284 3.00482 -0.950758 1.97184 -0.205236 -0.0697477 -0.31679 -0.784205 0.260408 0.0627927 0.177539 
2.80218 0.0807828 2.94982 -0.692216 1.79681 -0.585431 0.510073 0.348344 -0.816314 -0.420966 0.0272574 0.242807 
2.91006 -0.34517 2.0216 -0.575571 1.93672 -0.198681 -0.0619755 -0.57184 -0.577638 0.53273 0.145407 0.191354 
2.7295 0.4997 3.07954 -0.857954 2.40148 -0.904239 0.0988273 0.292628 -0.453777 -0.0594603 0.037542 0.230552 
2.7374 -0.488433 3.24166 -0.949305 2.33079 -0.175168 -0.218294 -0.282181 -0.697457 -0.00406762 0.264649 0.331137 
3.03773 -0.452043 2.93754 -0.866276 1.60882 -0.256055 0.119392 0.126963 -0.710304 0.136248 0.130662 0.211781 
2.78707 -0.333851 2.48969 -0.553371 1.73542 -0.0574223 0.444992 -0.658739 -0.437823 0.439279 -0.0585394 0.203325 
2.75838 0.0284145 2.71583 -0.76395 2.13506 -0.36492 -0.343798 -0.587077 -0.649863 0.0380116 0.275505 0.275178 
3.08696 0.432267 3.15549 -1.55412 1.25535 -0.726069 -0.277077 0.700724 0.155085 -0.42731 -0.179221 0.19432 
2.99923 0.216242 2.15755 -0.232891 2.2639 -0.644412 0.553725 -0.264037 -0.434577 -0.00996273 0.0487694 0.26064 
2.66094 -0.044766 2.85894 -0.105246 1.70148 -1.05454 -0.430747 0.0281693 -0.409493 0.448583 0.0917151 0.152401 
2.83399 -0.184967 3.00147 -1.29589 2.37307 -0.263202 -0.715321 0.907148 -0.0756993 0.187386 0.316269 0.174902 
3.14871 -0.607652 2.83902 -0.500472 1.84846 -0.658518 0.0163718 0.603648 -0.374137 0.216396 -0.115731 0.145472 
2.80648 -0.0899123 3.09506 -1.02325 1.47255 -0.426643 -0.378518 0.570417 -0.15919 -0.138037 -0.0401265 0.174796 
2.6168 0.203973 3.03698 -0.900872 2.32534 -0.267391 0.142784 0.0268899 -0.352185 0.0128455 0.116127 0.236753 
3.11283 0.114233 2.59379 -0.37569 1.37128 -1.28641 -0.0856449 -0.0781213 0.0285859 0.327493 -0.23954 0.171084 
3.29582 0.0530265 2.94997 -0.652087 2.0966 0.245361 0.160068 0.49233 0.108453 0.280838 0.130635 0.163924 
3.0544 0.703691 3.77654 0.502585 2.46739 0.133034 0.803725 0.00317106 0.0936687 0.43956 0.319021 0.217609 
3.3482 0.662481 4.02995 -0.0243251 2.33598 -0.0126319 0.852587 0.206904 -0.060256 0.702651 0.206416 0.219436 
4.09689 1.15614 3.05329 -0.936058 2.6664 1.01482 1.79976 2.12832 1.14472 0.105659 -0.40007 -0.0202771 
4.33954 1.13174 1.56226 0.890686 2.57655 2.65717 2.45944 1.45579 1.03146 0.687281 -0.308332 -0.193812 
4.8474 1.31271 -0.415062 -0.943154 2.73438 3.11252 1.98187 1.62295 0.490657 0.335509 -0.0043541 -0.0931876 
4.7161 0.59542 -2.16308 -1.61554 3.05568 3.55435 1.99424 1.43542 0.91646 0.218874 0.0448231 -0.0691165 
4.66839 0.674841 -1.53875 -1.68331 2.65566 3.41881 2.30416 1.46099 0.653601 -0.00322004 0.0361124 0.00373097 
4.88618 0.410529 0.12357 -1.52105 2.64681 2.50703 2.66387 0.79356 0.524431 0.554034 -0.0759021 0.00322651 
4.44564 1.0151 0.604006 -2.36572 2.5039 2.45899 3.39426 1.10722 -0.613729 0.368889 -0.22792 0.0042945 
4.4314 0.333088 1.10254 -2.34694 2.14565 3.34043 2.1236 1.35078 0.0794514 -0.0700168 -0.0329086 -0.0136391 
4.20031 0.526075 1.54568 -1.34766 2.57041 2.27144 2.51536 0.819501 -0.19774 0.29634 -0.171446 0.0250316 
4.00711 0.639971 2.78176 -1.12239 3.57272 1.46991 1.05743 1.27382 -0.140756 -0.109676 -0.0687822 0.122204 
3.90114 0.56233 2.588 -0.838289 2.41779 0.562415 1.41365 0.578404 0.148649 0.0047069 -0.205581 0.178616 
3.20365 0.371415 2.61152 -0.795176 2.36846 0.0914506 0.980493 1.27711 0.153292 0.079888 -0.15958 0.095455 
3.10717 0.0490016 2.84866 -0.776993 1.73709 0.266765 0.399811 -0.0322281 -0.806486 -0.114568 0.111775 0.179663 
2.99794 0.00671648 3.16755 -1.58303 2.73687 0.184043 -0.299551 0.384334 -0.00376319 0.264657 -0.0554532 0.18644 
3.07784 -0.0117754 3.04688 0.126664 1.8646 -0.582713 0.613748 0.0268991 0.484605 0.745504 -0.125825 0.164463 
2.97132 0.831168 3.31316 -0.162004 2.4557 -0.62892 0.166476 -1.03726 -0.199848 0.271893 0.197851 0.292918 
3.19895 0.249279 2.65102 -0.521359 1.36486 -0.363375 -0.465639 0.17485 0.583037 0.465782 -0.103611 0.0896241 
3.00822 0.129367 2.75738 -0.49908 1.97426 -0.462845 0.222272 0.0688927 -0.316604 0.26758 0.0723087 0.187362 
2.81066 0.083068 2.64795 -0.997911 1.32718 -0.110108 0.654713 -0.66223 -0.468531 0.248264 -0.0547058 0.233393 
2.9624 0.235168 2.94524 -0.531277 2.27322 0.0517224 1.29707 0.297174 -0.526233 0.113399 0.22592 0.25911 
3.44224 0.423401 2.94857 -0.90367 1.73697 -0.0153564 0.993279 0.0199696 -0.0568211 -0.339426 -0.225054 0.253799 
4.05847 1.31627 2.5777 -0.497486 1.95778 1.30607 2.35066 1.62255 0.245071 0.177543 -0.497979 -0.199618 
4.18356 1.90165 2.37587 -0.606684 1.63473 2.83043 2.02086 1.99784 -0.097176 0.0927283 -0.272139 -0.190917 
4.42456 2.00361 0.95991 -2.31434 1.50106 3.14959 2.37321 1.70775 0.100978 -0.164185 -0.306816 -0.130574 
4.66668 1.44949 0.780686 -1.58871 1.30821 2.88084 3.12716 1.36754 -0.498203 -0.0472013 -0.316111 -0.135312 
5.09102 1.06698 1.15099 -1.90896 1.93087 3.33181 2.84316 1.53214 -1.08995 -0.352685 -0.17315 -0.134992 
4.87672 0.698866 1.45389 -1.96587 2.07114 2.65742 2.43022 1.63365 -0.687568 -0.108781 -0.1834 -0.159533 
4.25046 1.21237 2.27704 -0.908562 3.04082 1.40408 2.08995 1.31283 -0.025444 -0.402574 -0.488069 -0.0203686 
4.05926 1.0992 2.22657 -0.445448 2.26144 1.83617 2.40541 1.30603 -0.585734 -0.0310899 -0.144062 -0.0201359 
3.79008 0.996284 2.47694 -0.750528 2.18601 1.62892 2.14974 1.28782 0.24622 -0.0594487 -0.245985 0.0137375 
3.43226 0.712834 3.15647 0.293643 2.58348 1.3755 2.41938 1.19991 0.266699 0.0649019 -0.512117 -0.0253119 
3.74813 0.498613 3.33026 0.0736033 2.5287 0.790372 0.520419 0.434061 0.324692 0.244818 -0.139823 0.0522631 
3.68892 0.76966 2.8421 -0.428162 1.87058 0.443825 1.59643 0.42875 0.673153 -0.0961898 -0.433371 0.102435 
3.34508 0.364707 2.36869 -0.0968564 2.02134 0.268016 1.40025 1.05972 -0.164241 -0.216613 -0.0562673 0.130505 
3.20753 0.281071 3.82068 -0.298788 2.53982 0.092422 0.535043 0.222531 -0.401569 0.350056 0.149109 0.19962 
3.0295 -0.340957 3.21642 -0.477923 1.83507 0.912132 0.689247 0.761079 0.515435 0.336538 0.2608 0.1916 
2.81722 0.11801 2.6914 -0.260931 2.47075 -0.499861 0.129833 0.545002 -0.261303 0.0317885 0.0910503 0.182813 
3.12455 -0.470003 2.84744 -0.999979 1.01905 -0.0208501 -0.396398 0.443574 -0.761332 0.139518 0.204617 0.0815592 
2.72076 0.000410653 3.18415 -0.237288 1.81445 -0.412476 0.0196778 -0.217158 -0.526119 0.29425 0.176423 0.17672 
