2.83885 -0.231454 2.42258 -0.495428 1.72614 -0.238409 0.282813 -0.739667 -0.665231 0.386369 -0.0708096 0.172404 
2.64017 0.199509 2.44944 -0.703264 1.94911 -0.207341 0.391307 0.24466 -0.34628 0.285637 0.16092 0.148887 
2.70023 -0.598545 3.1152 -0.215364 2.30027 -0.611492 -0.768666 -0.514625 -0.733092 0.49364 0.177616 0.157301 
2.98224 -0.505947 2.34661 -0.365196 1.46997 -0.307375 -0.109238 -0.553493 -0.48146 0.379572 0.0558964 0.167075 
2.94323 -0.621204 2.56446 -0.483508 1.17924 0.754604 0.0699643 0.138562 -0.0770207 0.030484 0.184261 0.157937 
2.97046 -0.153705 2.50338 -0.95351 1.377 -0.151309 -0.322037 -0.172638 -0.0938591 0.106954 -0.165689 0.145045 
2.85133 -0.111504 2.67846 -0.983695 1.81724 0.00919205 0.613913 0.135602 -1.18362 0.149897 0.184299 0.159624 
2.91261 -0.427531 2.37649 -0.99219 1.32286 -0.213769 -0.0289414 -0.630573 0.135063 0.56866 -0.175002 0.19461 
2.69148 -0.427227 2.68401 -1.19558 2.38552 -0.341794 -1.04036 -0.0544413 -0.317383 -0.0650798 0.0318264 0.241468 
2.86567 -0.0769293 2.8212 -0.654483 1.64478 -0.50664 0.198491 -0.224367 -0.425415 0.0280242 -0.0973536 0.20802 
2.85215 -0.0203256 2.33075 -0.49646 1.70382 -0.360277 0.557779 0.0412388 -0.534024 0.249677 0.0668687 0.160422 
3.53906 0.483689 3.27469 -0.00895025 1.65911 -0.340823 0.0679168 -0.241946 0.0460528 -0.195038 -0.0793616 0.182432 
3.07806 0.0467501 3.31149 -0.0306625 2.90542 0.433469 0.730935 0.615379 -0.461471 -0.0349034 0.0475809 0.123952 
3.42703 1.2482 4.05192 0.384075 2.19857 0.511489 1.20597 -0.337692 0.0570611 0.423655 0.234143 0.232385 
3.27449 0.795123 3.76273 0.129804 2.98022 0.630603 0.695826 -0.0395652 0.070832 0.3055 0.33706 0.252522 
3.94813 1.39857 0.898145 -0.803607 1.93607 2.06891 1.98233 1.91127 0.433973 0.302509 -0.144155 -0.113701 
4.4298 1.26701 -0.152409 0.0234498 2.80686 3.14963 2.01408 1.55319 0.355051 0.182803 -0.0647445 -0.0444986 
4.87519 1.12684 -0.815438 -1.79906 2.76894 3.23297 3.24349 1.55119 -0.044686 0.0893052 -0.0341308 0.0227657 
4.58686 1.07704 -1.94051 -1.56575 2.59598 3.68936 2.3668 1.48381 0.445418 0.00925916 0.0688906 0.00325695 
4.71171 0.962829 -2.47306 -1.69137 2.45071 3.46336 2.64014 1.67199 0.718961 -0.0801023 -0.0355313 -0.030849 
4.81959 0.437592 -2.0895 -1.95217 3.75302 3.10149 2.50543 1.60662 0.482758 0.191107 -0.0410174 -0.0199136 
4.36377 0.327685 -0.187293 -1.95602 2.38681 3.35598 2.94353 1.29314 0.00648753 0.0136626 -0.0658618 0.00534786 
4.60124 0.407588 0.479536 -2.47771 2.78021 2.70713 2.8192 1.02606 -0.312612 0.180483 -0.188414 0.0147347 
4.04751 0.253251 1.14729 -1.71268 2.55729 2.60181 2.49167 1.30667 0.0632804 0.496197 -0.167593 -0.0834018 
4.08192 0.768483 2.08501 -1.4354 2.18425 1.2975 2.07318 1.5519 0.337513 0.180328 -0.2279 0.00386192 
3.80988 -0.017434 2.38479 -1.35838 1.98369 1.47009 2.14879 1.72446 -0.436301 0.0837907 -0.0382226 0.012081 
3.56918 0.674524 2.23767 -1.67036 2.57498 1.63601 1.91835 1.78216 0.884813 0.249069 -0.257115 -0.00297366 
3.69242 0.26416 3.25704 -1.30205 2.2698 0.717922 0.605548 1.05959 0.343356 0.0252627 -0.105213 0.135277 
3.35841 -0.0874449 2.66302 -0.000526957 2.58355 1.09144 1.76255 1.54364 0.0838777 0.271152 -0.019021 0.0567044 
3.15457 0.336273 3.17992 -0.394837 1.0611 -0.795847 1.08246 1.51312 0.150969 -0.0525553 -0.159945 0.0680117 
3.65736 0.52684 3.16341 -0.83113 2.04853 0.121797 1.18189 0.598896 0.328577 0.74529 -0.175385 0.0718229 
3.03072 0.518806 2.20997 -1.42323 1.58925 -0.055952 1.44113 1.29522 0.258529 0.0461624 -0.216319 0.0724838 
3.24282 0.381822 2.22817 -1.3766 1.14944 -0.122718 1.44067 1.41903 0.733225 0.206961 -0.386408 -0.0125425 
3.59907 0.745769 3.33141 -1.43206 2.02806 0.0738041 0.00471631 0.774893 0.395568 0.131881 -0.00987734 0.112228 
4.07399 0.663157 1.73982 -1.44064 1.03711 0.690055 1.82928 1.74484 0.483212 -0.53345 -0.48773 -0.147583 
4.69026 1.36511 1.0016 -2.70907 1.55478 3.20229 2.99223 1.72003 -0.757892 -0.202181 -0.295721 -0.13108 
4.90342 1.22012 0.594263 -2.60752 1.32484 2.64206 3.89322 1.6559 -0.751139 -0.0439799 -0.388116 -0.124755 
4.48129 0.904989 1.04907 -2.46497 1.20682 2.70546 3.43088 1.2234 -0.954785 -0.0552112 -0.317898 -0.096215 
4.43442 1.02744 1.21782 -2.19528 1.99979 2.59384 3.08343 0.962658 -0.67788 -0.109776 -0.312329 -0.00603323 
3.96911 0.219649 1.61967 -1.70657 2.14722 2.02909 2.44814 1.59564 -0.450119 -0.353378 -0.119344 0.0594037 
3.81355 0.663625 2.73962 -1.69638 1.69603 1.12648 2.02073 1.43757 -0.170941 -0.753583 -0.294918 0.0734081 
3.81269 0.379356 2.6531 -0.901505 1.85312 0.35422 2.22398 0.46151 -0.324256 -0.387236 -0.409913 0.160511 
3.34159 0.435947 2.6117 -0.979557 2.36414 0.329439 1.2739 0.342939 -0.21363 -0.280385 -0.352264 0.130681 
2.99036 0.468237 2.5888 -1.10698 1.55348 0.355689 0.636416 0.383665 -0.154118 -0.70767 -0.258705 0.131026 
3.39943 0.315059 3.0894 -1.07091 2.80408 0.3923 0.274111 1.02643 -0.29856 -0.162146 -0.183104 0.031353 
3.06055 0.331572 3.23626 -0.190492 2.20446 0.058364 1.43031 0.726881 -0.71758 0.307514 -0.0140556 0.0537279 
3.33617 0.278221 3.71675 0.173793 2.1398 -0.542577 0.12591 -0.0526294 -0.649492 -0.324651 0.166786 0.237963 
3.27405 -0.148144 2.6221 -0.275909 1.72508 -0.517165 -0.127607 -0.305449 -0.350701 0.285285 -0.103161 0.114912 
3.04074 -0.161733 2.71595 0.278276 2.14805 -0.766192 0.0654442 -0.330943 0.130695 0.341362 -0.252939 0.148317 
2.82966 -0.27407 3.35694 -0.537078 1.34495 -0.705744 0.298535 -0.327109 -1.01232 -0.0471518 0.0997913 0.247718 
2.72934 0.065059 2.65447 -0.156192 2.56587 -0.493425 0.221357 -0.328731 -0.489413 0.05012 0.151409 0.228707 
2.62117 0.00290891 2.74082 -0.439233 2.09706 -0.745724 -0.177195 0.00441254 -0.473812 0.228403 0.137724 0.187823 
2.72714 -0.326141 3.4552 -1.07083 1.54814 -0.333948 -0.13965 -0.341856 -0.998481 0.0354937 0.235266 0.25076 
2.94812 -0.00984434 3.5631 -0.762222 2.01985 -0.374173 0.127542 -0.0980193 -1.00633 0.155836 0.125955 0.173144 
2.82623 -0.172688 2.88307 -0.642406 1.83994 0.339342 0.521562 0.00170602 -0.0936189 0.0284638 -0.0572842 0.180039 
2.84584 -0.328636 2.97272 -0.696124 2.14744 -0.0295091 -1.02368 -0.568629 -0.44729 0.159733 0.0452972 0.151348 
3.07815 -0.0597978 1.60964 -0.996011 1.96264 -0.607567 0.475563 -0.111667 0.227144 0.195042 -0.229701 0.22353 
2.65164 -0.00442387 2.6445 -0.981716 2.12122 -0.463064 -0.376861 -0.434737 -0.301703 0.28913 -0.0308964 0.207244 
3.15722 -0.169286 2.68677 -0.454429 2.11825 -0.142755 0.570964 -0.419328 -1.21383 0.136413 0.208346 0.222103 
2.73882 -0.0840771 3.68096 -0.924651 1.48966 -0.052364 -0.020899 -0.576081 -0.386208 0.238192 -0.0651713 0.206271 
