3.00909 -0.531961 2.71342 -0.477897 1.35555 -0.659767 -0.370619 0.475912 -0.528783 0.0968385 -0.0041489 0.116101 
2.63682 -0.372493 2.54796 -0.644896 1.9086 -0.923392 -0.169907 -0.532143 -0.172533 0.282018 -0.0266753 0.302769 
2.91139 -0.0891004 2.14729 -0.111279 1.77537 -0.638608 -0.187515 -0.493969 0.00585254 0.278307 -0.0648078 0.172509 
2.84206 0.0390818 2.4726 -0.760978 1.24778 -0.905555 1.07828 0.19892 0.017204 0.0573246 -0.118217 0.240681 
2.93485 -0.115963 3.44691 -0.360507 1.75951 -0.72207 -0.381463 -0.276238 -0.500271 0.598183 -0.0233004 0.096393 
3.02219 0.026951 3.28607 0.132631 1.10652 -0.395151 1.07327 0.404294 -0.424756 -0.219116 -0.000241176 0.155058 
2.81485 -0.334048 2.73363 -0.728388 2.54451 -1.07596 -0.203622 0.284543 -0.642003 0.163152 0.157006 0.281262 
2.93882 0.0185167 2.77321 -0.778958 2.40375 -0.321424 -0.0780503 0.0721829 -0.184582 0.271352 0.0540933 0.179548 
2.73569 0.0547261 2.96926 -0.541063 1.85477 0.213921 -0.0857843 -0.547399 -0.525162 0.215481 0.311613 0.177311 
2.74266 -0.115309 2.26884 -0.60275 2.95924 -0.670585 -0.455632 -0.38765 0.149622 0.026872 -0.109151 0.271137 
2.78768 0.0287645 2.7365 -0.790273 1.58797 -0.342113 -0.0263878 -0.189733 -0.847297 0.288824 0.126458 0.140358 
2.62102 0.0278159 2.59442 -1.05374 1.69128 -1.16278 -0.14211 0.300658 -0.310421 -0.0641274 -0.0293147 0.262735 
2.67458 -0.28352 2.40383 -0.387371 1.60744 -0.487084 -0.657965 -0.596776 -0.156049 0.080189 -0.0442666 0.221338 
2.59816 -0.0582192 2.65443 -0.695714 2.29946 -0.086389 0.455301 -0.125453 -0.429371 0.0109995 -0.0569331 0.214963 
2.93605 0.530795 3.30697 -0.113954 2.66473 -0.299079 -0.103632 0.0236506 -0.0245044 -0.0109207 0.187615 0.19862 
3.29455 0.193097 4.27807 0.104637 3.0586 0.576165 0.618541 0.213564 -0.107904 0.512992 0.235535 0.240873 
4.65133 0.58554 1.47097 -1.05897 2.08548 1.17549 2.99275 1.09033 0.483751 0.400438 -0.414932 -0.00669073 
4.37032 1.52767 -0.764909 -2.21363 1.92989 3.72201 2.76569 1.92345 -0.0648709 -0.145696 -0.0536645 0.00270917 
4.42042 0.795945 -1.84585 -1.84603 2.44002 3.82415 2.80879 1.69993 0.392189 -0.239721 0.0543784 0.059327 
4.63689 0.550427 -1.86477 -2.52817 2.63561 3.9378 3.22702 1.90509 0.394909 -0.310694 0.00489543 0.0627952 
4.77361 0.697159 -1.80152 -2.58856 2.36315 3.6916 3.42847 1.48924 0.742468 -0.22623 -0.0225789 0.0722428 
4.98453 0.596202 0.138472 -2.35072 2.1044 3.52194 3.04085 1.24852 0.0121493 0.000750463 -0.0935552 -0.00121113 
4.40948 -0.0783414 0.355785 -2.34038 2.1742 2.77591 2.93392 1.19543 -0.251189 0.16463 -0.119377 -0.0219694 
4.13846 -0.0376983 1.32497 -1.67838 1.66929 2.78315 2.10259 1.60788 -0.0764299 -0.191731 -0.0192502 -0.0525188 
4.13608 0.426906 2.05037 -1.71352 1.94028 1.64514 1.79833 1.11546 -0.0284033 0.127802 -0.14025 -0.00865441 
3.89636 -0.582004 1.946 -1.30462 2.24787 2.38549 1.55201 1.5444 0.64301 0.0685129 -0.102397 0.00426984 
3.61295 0.757415 2.68579 -1.08142 2.58103 0.526887 0.983003 0.745121 -0.541142 -0.408375 0.104394 0.198667 
3.25281 -0.0747023 2.40382 -1.00148 1.48411 0.129377 1.1172 0.273869 -0.293472 0.345972 -0.0734105 0.121086 
3.06597 0.0634598 2.28662 -1.1511 1.78544 0.351687 0.195291 0.396257 -0.205859 0.0112274 0.0181391 0.116362 
3.66252 0.319099 1.70341 -1.95071 -0.376628 -1.04896 1.40015 0.927406 0.656163 0.853256 0.206448 0.153055 
3.53592 0.300616 1.73568 -2.49544 0.227434 -0.800547 0.032409 1.18457 1.44188 0.910513 0.19219 0.124592 
3.2993 0.268732 1.67781 -2.65313 0.582339 -0.834718 1.02775 1.45067 0.729195 0.644764 -0.275786 0.0316043 
3.86214 0.557483 2.65316 -1.4269 0.415858 0.303607 1.73831 1.48096 0.428765 0.471451 -0.110543 -0.0772765 
4.70064 1.24875 0.109962 -2.62094 1.0877 1.69528 3.02387 1.69609 -0.524664 -0.00421026 -0.335573 -0.166405 
5.04472 1.52213 0.718367 -2.63175 1.1928 3.37569 3.11617 1.86741 -0.846864 -0.336553 -0.292861 -0.156022 
4.85047 1.44196 0.0883522 -3.38833 1.50042 3.51994 3.63712 1.65803 -0.407998 -0.43775 -0.356884 -0.032671 
5.0419 1.26175 0.547953 -3.18309 1.45718 2.87308 3.78585 1.12219 -0.954166 -0.208709 -0.450117 -0.0833807 
5.02596 1.25579 0.867912 -2.69568 1.18153 3.22656 3.5801 0.757269 -0.625479 -0.22474 -0.428008 -0.0699605 
4.66678 0.735812 0.984707 -3.37153 1.65108 3.20189 2.53459 1.84033 -0.351637 -0.160948 -0.111308 -0.0740731 
4.14792 0.50655 1.30766 -1.69399 1.17722 1.2873 2.65981 1.66257 -0.411099 -0.116784 -0.232977 -0.102019 
3.73618 0.425011 1.75806 -1.33553 2.23423 1.31497 1.95336 1.15195 -0.636765 -0.286032 -0.174009 0.0318701 
3.64512 0.49355 2.56049 -1.1105 1.72503 0.77247 2.28022 1.0613 -0.257466 0.107197 -0.318409 -0.00915949 
3.75407 0.669783 2.93216 -1.43825 1.71434 0.349708 0.831036 0.874257 0.0683225 -0.537183 -0.140363 0.166033 
3.37967 0.871457 3.04693 -1.5807 1.88435 0.492989 1.13444 0.221529 -0.174351 -0.30872 -0.156273 0.165775 
3.26524 0.292056 3.12698 -0.921307 2.13223 0.561046 1.046 0.564571 -0.514492 -0.208455 -0.0122544 0.132879 
3.39641 0.207764 3.3462 -0.370905 2.02097 -0.772911 0.325636 -0.00788477 -0.609786 0.0389042 -0.0138253 0.222017 
3.13662 0.0502248 2.49649 -0.480614 2.56754 -0.248192 0.458032 0.250768 0.0440507 0.21954 -0.240608 0.135477 
2.69192 0.26417 2.66168 -0.308412 2.19815 -0.195004 0.29167 0.325064 0.117997 0.0130434 -0.0392401 0.142262 
3.25237 -0.260602 3.55399 0.328546 2.21791 -0.253862 0.0621178 -0.227309 -0.183246 0.562561 -0.0504925 0.105729 
3.01964 0.0906679 3.01484 0.0405487 2.1275 -0.519409 0.28131 -0.369193 -0.0514159 0.753651 0.000817838 0.131453 
3.05487 0.241389 3.05896 -0.721215 1.8405 -0.632583 -0.269717 0.2304 -0.852423 0.0525831 0.119258 0.12101 
2.97613 -0.00518305 3.51812 -1.08961 2.19523 0.369633 -0.297544 -0.291186 -0.856121 0.0272489 0.349367 0.203295 
2.97923 0.0187077 3.23804 0.0890261 1.72128 -0.938407 0.167017 -1.06784 -0.257785 0.465934 -0.0710824 0.225682 
2.66439 -0.0513302 2.63522 0.27287 2.48752 -1.28593 -0.441456 -0.0936241 -0.54739 0.240363 0.195121 0.194463 
2.7256 0.121476 3.08614 -0.308273 1.94216 -0.637241 -0.228718 -0.130321 -0.15281 -0.277167 0.0987938 0.249934 
2.99407 -0.409478 2.71002 -0.833306 0.805989 -0.0251774 0.67903 -0.288076 -0.464105 0.276964 -0.0869636 0.16517 
2.44722 -0.182447 3.44506 -0.590881 1.77444 -0.533974 0.101367 0.0565629 -0.48192 0.458709 0.125934 0.164482 
2.61424 -0.337747 3.29113 -0.902189 1.01753 -0.631417 0.25259 -0.0414263 -0.741689 -0.163503 0.0958528 0.276288 
2.82969 0.0637212 2.51274 -0.454803 1.43911 -0.613939 -0.151994 -0.695353 -0.63721 0.252897 0.160602 0.20903 
2.71508 -0.206142 2.61983 -0.484011 1.97661 -0.794977 0.548314 0.042886 -0.292677 -0.254165 -0.0880568 0.309786 
