2.91095 -0.0925395 2.5367 -1.10549 2.54615 -0.522409 -0.629685 -0.495044 -0.118648 0.299403 -0.29207 0.130626 
3.02976 -0.208222 2.23323 -1.14211 2.00537 -0.927266 -0.470003 -0.440646 -0.36267 0.0396446 -0.168929 0.258887 
2.93657 -0.2468 2.83025 -0.836224 1.31239 -0.843939 -0.337744 -0.0836254 -0.81591 -0.336233 0.103735 0.242559 
2.89129 -0.246588 2.19099 -0.948662 1.80947 -0.610015 0.53392 -0.0344913 -0.434431 -0.0322177 -0.0722164 0.205522 
2.60463 -0.622991 3.28167 -0.319637 1.26248 -0.854411 -0.734297 -0.0460484 -0.428591 -0.182141 -0.0750268 0.17402 
3.06753 -0.243905 2.28209 -1.26827 1.49127 -0.811613 -0.0629313 -0.0793037 0.0468334 0.387837 -0.0493834 0.191615 
2.82051 -0.12481 2.44038 -1.24567 0.882433 -0.521573 0.29636 -0.117733 -0.0949392 0.0739252 -0.28935 0.152369 
2.64264 -0.0663788 2.8538 -0.835476 1.69646 -0.206746 -0.397587 -1.12149 -0.411395 0.129464 0.103324 0.224555 
2.99796 -0.339633 2.31161 -0.997825 1.95804 -0.676065 -0.339218 0.036789 -0.366037 -0.0634981 -0.259641 0.163095 
2.78251 -0.506227 2.95321 -1.00042 1.03127 -0.704009 0.0395506 -0.370353 -0.796205 0.0254797 -0.0231615 0.220142 
2.656 -0.258315 2.2831 -0.98457 1.53889 -0.384674 0.161223 -0.0916455 -0.578727 0.103907 0.106064 0.16693 
2.81067 -0.0139766 2.46449 -0.459684 1.24274 -0.778779 0.288823 -0.767507 -0.933776 -0.111724 0.0141728 0.208671 
2.82866 -0.37495 2.76448 -0.876672 1.83519 -0.845551 -0.575613 -0.142193 -0.673884 0.127834 0.0902066 0.198854 
2.80422 -0.170465 2.84606 -1.5174 1.36669 -0.521222 0.142637 -0.0877746 -0.622833 0.15318 -0.0170962 0.179723 
3.02444 -0.261997 2.32652 -1.58303 1.76371 -0.78168 -0.740831 0.407139 -0.528588 -0.158608 -0.139333 0.122816 
2.48725 -0.440107 2.71701 -0.426544 1.84829 -0.646302 -0.135147 -0.815188 -0.717995 0.227733 -0.0300748 0.204941 
2.51302 -0.17272 2.61509 -0.328425 1.7597 -0.730255 -0.423822 -0.467726 -0.776237 0.252796 -0.150411 0.100024 
2.73527 -0.248541 2.40559 -0.54551 1.75981 -1.03586 -0.0112841 -0.304375 -1.45583 0.523359 0.276431 0.137271 
2.90398 -0.32815 3.213 -1.13006 0.972243 -1.05907 0.182527 0.610472 -0.187072 -0.289323 -0.264971 0.207264 
3.04431 -0.209224 2.19582 -1.02949 1.68228 -0.313783 -0.0990673 -0.300332 -0.729718 0.0530058 -0.073745 0.129272 
2.60797 -0.0634432 2.30646 -0.10748 1.3094 -1.15701 0.394138 -0.800691 -0.474177 -0.281782 0.104232 0.26563 
2.76044 0.0153962 2.43748 -0.91671 1.91189 -0.838579 -0.0108472 -0.626122 -0.883828 -0.0663181 0.0312074 0.24272 
2.74985 -0.164751 2.54423 -0.592387 0.671198 -1.1391 0.581643 -0.422173 -0.731733 0.209503 -0.0913093 0.178806 
2.91435 -0.00322377 2.27496 -1.32684 1.64108 -0.627062 0.452906 -0.237189 -0.811836 0.309343 -0.0789037 0.125665 
2.78927 -0.114321 2.30962 -1.05623 1.84919 -0.485978 -0.359944 -0.389543 -0.488465 -0.353324 -0.0380155 0.250656 
2.84766 0.0454049 2.91222 -0.339493 1.67805 -0.687622 0.234476 -0.35381 -0.234837 -0.105951 0.00487211 0.234348 
3.11533 -0.144829 3.4952 -0.000534027 2.4532 0.222343 -0.11639 -0.475892 -0.418164 0.765696 0.110566 0.0547313 
4.37262 0.616333 2.4739 -1.44396 2.29012 1.60355 1.87815 0.965626 -0.542401 -0.0547848 -0.0976926 0.0794267 
5.28449 1.27134 0.614415 -3.34464 2.41167 3.31359 3.39537 1.30369 -0.523651 -0.215389 -0.297214 0.0260646 
5.34033 1.03133 0.0980696 -2.91899 1.92227 3.30921 3.6658 1.92007 -0.445014 -0.170391 -0.154638 -0.00404066 
5.44556 0.806647 -1.57916 -2.99111 2.6432 3.83958 2.68981 1.93653 -0.16113 -0.325291 0.0254202 0.0152131 
5.1552 1.08608 -1.01356 -2.53658 2.5789 3.37373 3.38369 1.68272 -0.268376 -0.155522 -0.0362151 0.0634745 
5.07531 1.16056 -0.778984 -2.19424 2.04377 3.04106 3.51463 1.50836 -0.213694 -0.138811 -0.151918 -0.0093988 
4.35634 0.683892 -0.0732122 -2.15827 1.54412 3.29481 2.96341 1.0045 -0.0856933 0.0843547 -0.0181993 0.0305929 
4.3963 0.57256 0.0863905 -2.5873 1.57128 2.92677 3.30159 0.711702 -0.142325 0.0284715 -0.214106 0.00596129 
4.20521 0.455557 0.336273 -2.66945 1.63688 3.08216 2.59482 1.86761 -0.583667 -0.0995248 -0.0321007 -0.0997801 
3.78545 0.0744251 1.41477 -2.3444 1.79426 2.00161 2.71768 1.12023 -0.010741 0.368865 -0.257052 -0.0322026 
3.70408 0.468532 2.48562 -1.10333 2.26358 0.246688 1.58482 1.03693 -0.644786 0.1453 -0.0253725 0.106478 
3.71947 0.327272 2.96235 -0.478131 1.35403 1.09019 1.86068 -0.267615 -0.241373 0.207284 -0.00225572 0.167294 
3.25255 0.104863 2.58811 -1.39175 1.70038 0.416002 0.982326 0.253305 -0.197856 0.0942063 -0.18096 0.0888769 
3.50022 0.377693 3.62038 -1.12925 1.52914 0.16142 0.0937059 0.0900311 -1.08512 0.0122165 0.233564 0.112488 
2.82291 -0.0152568 2.62331 -1.01184 2.06565 -0.249019 0.121558 -0.25565 -0.0206629 0.12721 -0.0846588 0.184634 
3.40154 0.283876 2.00702 -1.84294 0.295373 -0.914828 0.854062 0.426344 0.572128 0.00529969 -0.161365 0.142458 
3.8088 -0.378553 1.51039 -3.52611 -0.249061 0.437541 1.28134 2.00387 0.748007 0.199293 -0.0606598 -0.0747335 
3.43695 0.0498965 1.38637 -3.00293 0.79746 -0.336165 0.943295 1.77624 0.530632 0.53861 -0.03705 -0.0372777 
4.08972 0.967013 2.36921 -1.9224 1.67319 -0.0139761 0.643564 1.49359 0.630849 0.0901389 -0.304042 -0.108522 
4.78559 1.05851 0.469109 -2.92551 1.33307 3.03479 3.11414 1.21343 -1.02506 -0.281033 -0.291123 -0.10706 
5.39283 0.861824 0.620546 -2.36466 1.71401 3.08892 3.046 1.71062 -0.860104 -0.362694 -0.153198 -0.105312 
4.86875 1.10265 -0.376068 -3.33133 1.54555 3.62974 2.9608 1.81587 -0.666167 -0.670638 -0.224333 -0.0550645 
4.3994 1.04419 0.194389 -2.18905 1.66109 3.43644 2.84503 1.18968 -1.34147 -0.441188 -0.177026 -0.0252733 
4.50074 1.53628 1.25177 -1.78718 1.702 2.67536 2.52325 1.26615 -0.210991 -0.0889948 -0.396234 -0.171534 
4.41799 0.36412 1.38124 -2.34632 1.44643 1.33577 2.86738 1.20328 -0.12858 0.0859596 -0.453425 -0.0351204 
3.99106 0.588348 2.36015 -1.53426 1.9726 0.533315 2.11616 1.85362 -0.387801 -0.23774 -0.449962 -0.0959363 
3.89123 0.333615 1.44605 -1.89513 1.90546 0.375901 1.04463 0.995722 -0.0487413 -0.268521 -0.417963 -0.0513994 
3.72627 -0.230852 2.08597 -1.80342 1.31824 0.194974 1.90956 1.273 -0.096641 0.0620223 -0.497248 -0.0578372 
3.51866 -0.11177 2.58527 -1.65067 0.801831 -0.278334 0.66506 0.887696 -0.0712708 -0.523423 -0.366512 0.0750895 
3.22464 0.0664759 2.96301 -1.10788 2.01635 0.520034 0.342048 0.912094 -0.126614 -0.21262 -0.112972 -0.0191672 
3.10958 0.266105 2.79282 -0.774683 1.77453 0.466502 0.487606 -0.420244 -0.0212593 -0.104895 -0.0228561 0.132473 
3.18334 -0.141652 3.57615 -0.153215 1.24222 -0.922611 0.00937091 -0.495739 -0.779463 0.111988 -0.00829975 0.142393 
2.79936 0.138662 2.72854 -0.893126 1.34329 -0.759376 -0.305659 -0.558905 -0.112054 -0.196054 -0.0695505 0.218669 
