2.64828 -0.293025 3.07898 -0.959841 1.90043 -0.638742 -0.396395 -0.309117 -0.858037 0.109289 -0.169262 0.0151633 
2.59709 -0.220591 2.82115 -1.63735 0.912578 -1.1716 -0.395348 -0.324395 -1.12327 0.0581878 -0.0082073 0.082757 
2.55549 -0.033566 2.3392 -1.46606 1.06581 -0.995473 -0.347034 -0.278638 -0.878054 0.0531028 -0.00825201 0.0545881 
2.83856 -0.239033 2.55647 -1.31154 0.987907 -0.440244 -0.267831 -0.886035 -0.906534 -0.250457 0.0670902 0.155026 
2.47812 -0.314018 2.42938 -1.40437 1.9015 -0.861098 -0.450336 -0.262801 -1.03938 -0.367564 0.0407567 0.104455 
2.61552 -0.256257 2.0593 -0.625912 1.72826 -0.959079 -0.225341 -0.620817 -0.159252 -0.224092 -0.278128 0.159751 
2.65103 0.194222 2.29426 -1.64968 1.38848 -0.964475 -0.125409 -0.169689 -0.622694 -0.492449 0.124807 0.144608 
3.0437 -0.113219 2.95722 -0.961958 1.88439 -0.517266 -0.451094 -0.32701 -0.511975 -0.460526 0.00909306 0.168905 
2.63473 -0.38706 1.95766 -0.488497 1.13656 -0.946989 0.723832 -1.32253 -0.82189 -0.22593 -0.173187 0.219253 
2.74533 -0.0859769 2.64171 -1.3761 1.63359 -0.546912 -0.711875 -0.829237 -0.487168 -0.360028 -0.014916 0.169836 
2.72467 -0.104199 2.53659 -1.19688 1.77066 -1.38827 -0.853698 -0.741959 -0.446266 -0.346264 -0.27539 0.135817 
3.33486 -0.397886 3.10406 -0.621516 1.2559 -0.405801 -0.0573426 -0.949518 -0.962011 -0.325766 -0.149817 0.135661 
2.69266 -0.171839 3.42643 -0.210179 1.73044 -0.481692 -0.350796 -0.677804 -0.600626 0.161048 -0.0964367 -0.0054868 
2.81474 -0.328932 2.93961 -0.888938 1.32412 -1.55176 -0.402836 -0.85292 -0.794527 0.277533 -0.208168 0.119946 
2.54452 -0.314338 2.95002 -0.946071 1.70854 -1.08147 -0.531731 -0.637146 -0.67481 0.0393585 -0.116811 0.110538 
2.81998 -0.141508 3.17592 -1.53874 1.18683 0.188561 -0.5553 -0.149861 -0.535307 -0.463151 -0.0539699 0.0714157 
2.65182 -0.100915 3.12355 0.100493 2.70495 -0.548357 -0.519696 -0.178217 -0.348743 0.388379 0.0609488 -0.00339379 
2.80123 0.244635 2.80644 0.731327 2.00931 -1.17156 -0.0704952 -1.11605 -0.23826 0.210218 -0.0288369 0.104041 
3.10177 0.406704 4.49368 -0.4522 2.06862 0.618521 1.28219 0.568623 0.315348 0.322538 0.140092 0.253363 
3.11506 0.81081 4.52688 0.862145 2.2345 0.030977 0.190832 -0.0862981 0.47824 0.604498 0.213294 0.181693 
2.96422 0.812358 3.25113 0.215613 2.38535 0.462244 1.87874 0.700983 0.35822 0.250189 -0.159933 0.0767046 
4.71178 1.43566 0.107666 -1.81557 1.89522 3.20526 3.51239 1.96366 -0.793095 -0.0074791 -0.153341 -0.0329028 
5.07251 1.40925 -0.472467 -2.51219 2.78525 3.98718 3.62738 1.78421 -0.626893 -0.364524 -0.08004 0.0836363 
5.63421 0.951106 -0.594162 -2.25602 2.60579 4.26319 3.06815 1.57337 -0.468139 -0.477167 0.0151038 0.0714778 
5.66297 0.718851 -1.84751 -2.44399 2.95565 3.86566 3.18861 1.31712 -0.244538 -0.282633 0.011506 0.0966297 
5.05427 1.29604 -1.34129 -1.66337 2.36341 3.77894 3.1618 1.47727 -0.170814 -0.239882 -0.0189913 0.0587988 
4.33693 1.45148 -0.550624 -0.826752 2.91605 4.16339 2.99435 0.940185 -0.581887 -0.0219522 0.0378538 0.103369 
4.13854 1.19003 -0.198467 -1.7668 2.34551 3.89621 3.335 1.18634 -0.282466 0.145441 -0.0652009 0.0487262 
3.78299 1.09817 0.414849 -1.40931 3.14428 3.73072 2.69448 0.914071 -0.59919 0.21696 0.178446 0.160847 
4.59334 1.06147 1.06905 -2.18506 2.84584 3.39105 2.93935 1.16524 -0.221012 0.0950922 -0.0570029 0.0959493 
3.94329 0.73943 0.677285 -1.43719 2.71523 2.43547 2.96062 1.77731 -0.267968 0.355963 0.0311625 0.0536736 
3.94473 0.711395 0.791149 -1.40552 3.2455 2.27493 2.46387 1.0892 -0.409441 0.331024 0.0870306 0.114669 
3.33003 0.265069 2.39164 0.549691 3.37246 1.74902 2.74256 0.786168 -0.730242 0.144029 0.28451 0.243378 
4.03679 0.708446 2.68137 -0.154838 2.28512 0.590095 1.61417 0.80633 0.0966884 -0.00979771 0.0961897 0.240418 
3.42414 0.477026 3.39269 -0.734965 3.21241 0.81852 0.800743 0.599741 -0.498811 0.0502661 0.254701 0.221787 
3.45789 0.355226 3.24854 -0.140044 3.29619 1.04379 1.13789 0.587072 0.178703 0.334199 -0.0327297 0.152855 
3.12935 0.390182 2.64411 -0.397049 2.79748 0.304539 1.25668 1.80605 0.21455 0.58422 0.153026 0.0507321 
3.53939 0.849491 3.80496 -0.971657 0.980371 -1.1206 0.849543 1.71668 1.29615 0.738347 0.0339323 0.172806 
3.69523 0.117456 2.26953 -1.46254 0.401908 -0.712178 0.445736 1.01847 0.534801 0.554984 0.00150296 0.0165465 
3.20075 0.92059 1.17633 -1.83967 1.74028 0.289425 1.7186 1.50299 0.69886 -0.40088 -0.182248 -0.00529273 
3.9035 1.10063 0.663671 -2.24115 0.995216 1.90111 2.15838 1.13868 -0.443925 -0.453731 -0.390981 -0.154085 
4.594 2.22777 -0.161025 -1.8673 1.23914 3.04414 3.93207 1.04952 -0.883609 -0.296352 -0.550293 -0.0884767 
4.81711 1.75038 -0.157095 -1.89929 0.882758 3.31329 3.49145 1.24757 -0.856056 -0.381007 -0.394855 -0.0942411 
5.16865 1.06342 0.610705 -2.91025 1.88005 2.98046 2.73202 1.42185 -1.02202 -0.550609 -0.341528 -0.151293 
4.82643 1.30252 0.10698 -2.49098 1.58925 3.38423 3.13551 1.26585 -1.26003 -0.653974 -0.358531 -0.086914 
3.7482 1.0233 0.93932 -1.85384 2.35727 3.00976 2.30488 0.72201 -0.799709 -0.147415 -0.215243 -0.0128614 
3.89637 0.104646 1.43001 -1.84432 1.85586 2.03587 2.14076 0.630163 -0.227189 -0.398775 -0.397387 -0.0167833 
3.65207 0.435 1.92616 -1.95968 1.84943 0.688521 2.00334 1.63251 -0.376851 -0.398468 -0.332728 -0.0169279 
3.43549 0.331275 2.22859 -1.78747 1.42249 0.987083 2.18794 0.759779 -0.493007 -0.254129 -0.435867 -0.0161571 
3.53159 -0.196906 2.86085 -1.46395 1.76489 0.294736 1.0606 1.14299 -0.369565 0.0574907 -0.273675 -0.0535034 
3.34706 0.350715 3.23762 -1.1486 1.23585 0.6916 1.14242 0.220806 -0.31013 -0.0923411 -0.144843 0.0226375 
3.0144 0.108962 2.59875 -1.58873 1.40495 0.128138 1.60702 0.762581 -0.17926 -0.208155 -0.151254 0.0549168 
3.07041 -0.122516 3.60742 -0.202714 1.88571 -0.0474595 -0.0115661 0.288592 -0.621147 -0.146825 0.0624807 0.0122865 
2.61651 0.179121 2.75591 -0.902654 2.4404 0.235337 0.237529 -0.248249 -0.328619 -0.144134 -0.0595601 0.0400526 
2.94358 -0.183947 3.50433 0.172923 1.19306 -1.01413 -0.782457 -0.666801 -0.341156 -0.125724 0.0359364 0.131474 
2.99709 -0.263922 3.26126 -0.553424 2.23771 0.310568 0.559128 0.130319 -0.320616 0.0334478 0.0466042 0.0990113 
2.81585 0.00618108 3.27906 -0.0253558 1.75158 -0.671024 -0.276587 -1.64243 -0.478455 0.313134 -0.0519778 0.114911 
2.56956 -0.0904618 3.41726 -0.373306 1.57859 -1.52613 0.405424 -0.225017 -0.422137 0.194082 -0.231775 0.1374 
2.62746 -0.3358 2.97577 -0.685658 1.69128 -0.390243 -1.00859 -1.05708 -0.947997 -0.192377 0.225132 0.168813 
2.46754 -0.551022 2.48949 -1.12845 1.99449 -0.897327 -0.68928 -0.579617 -0.534398 0.0882938 -0.287639 0.072574 
