2.49269 -0.380383 2.55233 -1.49705 0.311323 -1.30784 0.385649 -1.20141 -1.16234 -0.374358 -0.122996 0.217836 
2.79832 -0.0309388 2.81768 -0.321255 1.61301 -1.19987 -0.439402 -0.494427 -0.60902 0.18981 -0.218441 0.050784 
2.76723 -0.130628 2.77498 -1.43058 1.03197 -0.640899 0.0527508 -0.899203 -0.850488 -0.155782 -0.107404 0.180589 
2.8584 -0.734711 2.01119 -1.49001 1.35176 -0.716456 -0.484833 0.0255944 -0.408335 -0.0151418 -0.302673 0.0506394 
2.70512 -0.51897 1.95326 -1.31768 1.14158 -1.11888 -0.240926 -0.812961 -0.914586 -0.770866 -0.144831 0.260065 
2.66587 -0.809457 2.25381 -1.16711 1.61839 -0.115213 -0.352246 -0.586399 -0.540456 -0.0794112 -0.133676 0.144463 
2.63537 -0.302965 2.51919 -0.666577 1.18279 -0.843188 -0.162615 -0.764887 -0.716635 -0.221782 -0.1146 0.170309 
2.5202 -0.12826 1.69317 -0.721893 1.68044 -1.2408 -0.330941 -0.891728 -0.978463 -0.170555 0.0605347 0.114901 
2.79568 -0.111955 2.30305 -1.31283 2.21806 -0.932648 -0.687357 0.163671 -1.06403 -0.361655 -0.0853481 0.139139 
2.39211 -0.253092 1.67082 -1.99258 1.72013 -0.743107 -0.0240365 -0.254872 -0.314337 0.311078 -0.232352 0.0121473 
2.38198 -0.340483 2.507 -1.03877 1.6714 -0.609042 0.47231 0.0933533 0.0281561 0.0563389 -0.159749 0.134797 
2.70852 -0.387646 2.69258 -1.53536 0.958444 -0.545159 -0.721748 -0.551902 -1.04431 -0.0106607 -0.138597 0.0824234 
2.50311 -0.36275 2.29879 -2.21306 0.558415 -0.63108 -0.449885 -1.13019 -1.21456 -0.384982 0.124374 0.152284 
2.5725 -0.784906 2.68293 -1.01349 1.2859 -0.696006 0.169165 -0.796987 -0.545971 -0.0603459 -0.308531 0.160713 
2.20846 -0.367795 1.91391 -1.63456 1.13267 -0.897898 -1.44659 -0.798951 -0.573037 -0.421935 -0.00612462 0.087048 
2.67542 -0.212723 2.65133 -1.81905 1.86514 -0.964762 -0.645031 0.0293306 -0.988193 -0.383243 -0.0602353 0.187553 
2.45682 -0.478416 1.75007 -1.57678 1.4187 -1.00019 0.105096 -0.410221 -0.922111 -0.201338 -0.0528511 0.121925 
2.71833 -0.479183 2.29841 -1.67501 1.2568 -0.544246 0.302994 -0.435156 -0.997749 -0.270503 -0.0576622 0.180301 
2.71226 -0.0238346 2.86338 -0.746809 1.02484 -0.64849 0.166965 0.128551 -0.66461 -0.053321 -0.203702 -0.00542657 
2.68169 -0.626224 3.31366 -0.490438 1.03725 -0.839904 -0.774016 -1.29141 -0.388523 0.127999 -0.166465 0.172256 
2.95407 -0.251056 1.82075 -0.47836 2.33505 0.282132 1.32097 0.13656 -0.0165928 -0.147614 -0.0354139 0.196321 
2.86005 0.521587 4.01951 -0.0495502 2.51267 0.612855 0.569861 0.50469 -0.346823 0.51888 0.320247 0.0693525 
3.29089 0.645105 3.7333 0.428981 2.36617 0.608436 1.21475 0.379864 -0.041188 0.47304 0.211374 0.144829 
3.27809 0.415137 4.0112 0.185069 2.81706 -0.0189004 0.784602 0.856855 -0.211266 0.433585 0.324549 0.206523 
4.49631 0.71966 1.59417 -2.42558 2.2704 3.0577 2.78922 1.98863 -0.517879 0.234502 -0.0215246 -0.0654805 
5.31888 0.457371 -0.129445 -2.71606 2.33657 3.57174 3.98765 1.1433 -0.404923 -0.0660388 -0.176209 0.102484 
5.17464 1.43351 -0.800172 -2.53159 3.15137 3.87087 3.7682 1.35049 -0.726738 -0.413837 -0.11091 0.117759 
4.70271 1.88019 -0.483513 -2.19107 2.03027 4.04281 3.5743 1.92774 -0.601993 -0.241296 -0.166195 0.0424385 
4.26945 1.60028 -0.23893 -1.55984 1.72094 3.62452 3.50182 1.85615 -0.487252 0.117499 -0.15637 0.018674 
4.62774 1.69304 0.0599963 -1.98797 2.1112 3.7122 3.61594 1.34213 -0.58787 -0.104896 -0.16968 0.0426332 
4.44761 0.396271 1.25251 -1.58416 2.28819 2.75681 3.02953 1.36128 -0.539369 0.363859 0.0163291 0.00697918 
3.92627 0.505523 1.1043 -1.39055 2.43731 2.41744 2.82185 1.32425 -0.0429969 0.345375 0.0135494 0.0705399 
3.63937 -0.00440121 0.956051 -1.54843 2.86906 2.20137 2.8071 1.86627 0.0364251 0.114113 0.0318555 0.104421 
3.61654 0.37112 2.33555 -1.05973 2.86451 1.6547 1.64127 1.3047 0.603116 -0.20042 -0.151271 0.142289 
3.64319 0.116945 3.04385 -1.32998 2.171 1.59539 1.70863 1.55067 0.378809 0.0905253 -0.109163 0.0872828 
3.41574 -0.211206 3.19488 -0.74098 2.78453 1.42065 1.6836 1.69401 -0.15534 0.407581 0.0508966 0.0494519 
3.08686 0.408835 2.84875 -0.488596 3.3941 0.188198 1.22154 1.32851 -0.143914 0.508646 0.325081 0.189573 
3.23166 0.331211 3.69366 -0.00733965 2.5647 -0.0100144 -0.284695 -0.63777 0.0172538 0.452178 0.0891124 0.161864 
3.64158 0.205929 2.87509 -1.69331 1.19925 -0.0420663 1.10892 0.927894 1.15543 0.978462 0.00348447 0.178437 
3.62342 0.0403354 1.22969 -2.61083 1.38103 1.29992 3.02508 2.5557 0.320698 0.480749 -0.0805996 -0.0737123 
3.30045 0.0580257 0.40905 -3.17457 1.42322 -0.0123705 1.533 1.73589 0.871783 0.0848395 -0.360753 -0.0599192 
3.11837 -0.380348 1.77573 -3.63082 0.618547 -0.0844582 -0.063384 1.00257 -0.0694203 -0.0290877 -0.2952 -0.100097 
3.00064 0.0551939 1.74633 -2.24023 0.691206 -0.885446 1.5251 1.75298 0.48286 -0.13957 -0.361804 -0.00384094 
4.26677 0.70153 1.69539 -2.0993 1.3177 1.60238 1.69086 1.35425 -0.140702 -0.354412 -0.384182 -0.174704 
4.90585 1.23757 1.9708 -1.53115 2.67313 2.54866 3.26664 1.13673 -0.995521 0.216441 -0.340478 -0.101897 
4.71649 1.92779 0.667662 -2.06679 1.8183 3.92488 2.63976 1.46852 -0.788631 -0.540801 -0.263594 -0.0488868 
4.55439 1.86976 0.623962 -1.11958 1.94254 3.44004 2.99988 1.3993 -0.775356 -0.0459077 -0.24766 -0.0601995 
4.55548 0.723931 1.08357 -1.62152 2.36441 2.40156 3.05894 0.717919 -0.751544 -0.0394683 -0.190295 0.0617686 
4.24936 0.483886 1.01029 -2.13223 2.8131 1.4567 2.58366 1.05284 -0.569929 0.0440314 -0.194991 0.13419 
4.26471 0.798026 1.55841 -1.31107 2.29068 2.36584 2.15305 0.93688 -0.675897 -0.18002 -0.171347 -0.0327065 
3.80801 0.797223 2.10957 -1.00744 2.94289 1.51197 1.73272 1.4276 -0.433144 -0.536934 -0.302964 -0.00552388 
3.40697 0.688481 2.45018 0.229496 3.47866 1.36204 2.1382 1.25218 0.477565 -0.465566 -0.328687 0.143322 
3.7839 0.654778 3.77683 -0.266794 1.88036 0.858521 1.54213 -0.104566 -0.188374 -0.313524 -0.0485925 0.281644 
2.77472 0.177507 3.31689 -1.06081 2.29145 0.507629 1.16772 0.733471 -0.797756 0.451407 0.129811 0.0207118 
3.0871 -0.0315251 3.09617 -0.501988 2.31681 1.50255 1.28157 0.992148 0.316447 -0.104452 -0.159842 0.0661391 
3.23477 0.411326 3.82481 -0.176778 2.26552 0.0465433 0.686144 0.297999 -0.195877 -0.0142453 -0.124671 0.100919 
3.31301 0.175578 4.08999 0.932236 2.10957 -0.56545 -0.481956 -0.398258 -0.479108 0.122071 0.0618461 0.038542 
2.78231 -0.260787 3.7099 -0.260369 1.91758 -0.734047 0.0198071 0.174383 -0.587622 0.134332 -0.093493 0.0220556 
2.71495 0.0454879 3.04685 -1.14165 1.85124 -0.212916 0.317212 -0.579474 -0.941322 0.159143 0.192647 0.137504 
2.86165 0.0980043 3.05184 -1.3775 1.32389 0.549411 0.140361 -0.656523 -0.405216 -0.377393 0.0714542 0.162129 
