2.72719 -0.174375 2.17895 -1.44385 1.99841 -1.48141 -0.845625 -0.562308 -1.00086 -0.0963882 -0.100689 0.197261 
2.83258 -0.403463 2.38422 -1.35384 0.93597 -0.611618 -0.239346 -0.506494 -0.78949 0.0423513 -0.182859 0.0866741 
2.33579 -0.188072 2.4822 -0.727355 1.75522 -0.969562 -0.0285506 -0.538146 -0.971484 -0.0562919 -0.114276 0.112556 
2.47944 -0.231728 2.24006 -0.815597 1.79086 -1.41447 -0.738275 -0.744162 -0.737253 -0.223242 -0.115706 0.17626 
2.6227 -0.684606 2.49498 -0.934541 1.48765 -0.786016 -0.0234046 -0.425503 -0.263429 0.168025 -0.0937462 0.136863 
2.8845 -0.583466 2.02321 -0.892195 1.47436 -0.654739 -0.427532 -0.270778 -0.303371 -0.365506 -0.101222 0.185769 
3.45686 0.201941 2.99845 0.226638 3.16054 -0.163484 -0.167331 -0.0932823 -0.343544 0.00903984 0.283865 0.259595 
3.26559 0.335482 4.1426 0.561619 2.9357 0.689279 1.76024 0.705303 -0.0705857 0.367713 0.154508 0.239533 
3.54343 0.800546 3.29932 -0.441377 2.17203 0.39736 -0.113166 0.14475 -0.0115997 -0.0385824 0.212381 0.15414 
4.4685 0.931866 0.659119 -1.99806 2.1919 2.65431 1.81311 2.1429 0.7898 0.0209127 -0.101826 -0.120216 
5.02929 0.567862 -2.01976 -2.31958 3.05252 2.86393 2.53625 1.41449 0.407588 0.0667033 -0.0973294 -0.0550083 
5.23927 0.968492 -2.23765 -1.8649 3.28511 2.92191 2.23473 1.65195 0.120884 0.172296 -0.0497863 -0.0553431 
5.08106 1.19745 -1.15239 -1.77918 2.11198 3.19926 2.67853 1.53977 0.565714 0.0520969 -0.0206672 -0.0204032 
5.13492 0.917418 -0.187213 -1.54039 2.27928 3.14125 2.36031 1.69162 0.216942 0.0846805 -0.00138868 -0.0567101 
4.61715 0.934472 -0.12379 -1.49423 2.91488 2.60029 3.0738 1.19158 0.0877929 0.449894 0.0216481 0.0562021 
4.13326 0.942118 0.242302 -1.19154 2.89871 2.43033 2.82218 1.00427 0.193027 0.295598 0.0809137 0.133322 
3.98763 0.992068 1.04682 -0.894035 2.19955 2.33267 2.20859 1.83671 0.385126 0.23223 0.0263389 0.00553011 
4.07009 1.17527 1.67997 -1.3215 2.56245 1.28465 2.25905 2.11117 0.413486 0.168379 -0.106848 0.0317532 
3.80024 0.961714 3.11469 -1.46883 2.59586 1.16479 2.0705 0.921332 -0.0719334 0.321912 -0.110576 0.178725 
3.97269 0.229169 2.76756 -0.306377 2.49795 1.757 1.66505 1.41865 0.543462 0.376727 0.0120662 0.0682122 
3.39553 0.120102 3.62141 -0.554795 3.46252 1.17366 0.913694 0.824217 -0.541912 0.284212 0.260513 0.187647 
4.08884 0.800141 1.24427 -3.27812 0.100765 -0.464576 1.1678 1.29624 1.45694 0.543842 -0.12846 0.0565769 
4.13547 0.776373 1.81895 -3.74916 -0.386178 -1.10821 1.11749 2.70644 1.52214 0.360691 -0.0964266 -0.00733015 
4.10481 0.677721 1.90257 -4.04523 -1.3114 -2.15332 1.05219 2.35859 1.47961 0.699747 -0.0405264 0.0803679 
4.76603 0.815272 1.28928 -3.15446 0.317432 0.942179 2.36145 1.53807 0.766907 0.36959 -0.309809 -0.0697558 
5.47837 1.17186 0.267475 -4.32634 0.991865 2.04926 3.45761 1.46784 -0.147413 -0.102526 -0.55429 -0.0870398 
5.55976 1.19729 0.635458 -2.96517 1.03472 3.01575 3.54024 1.80389 -0.392978 -0.197303 -0.245011 -0.0884248 
4.66381 1.242 -0.548933 -3.29006 0.63335 3.03565 3.15873 2.469 0.222879 -0.407327 -0.243168 -0.0875086 
4.27062 1.11953 -0.157944 -2.76374 0.814306 2.02755 3.36058 2.24093 0.0469658 -0.125714 -0.269533 -0.0962427 
4.2164 0.398207 0.702827 -2.56432 1.06553 1.97824 2.63449 1.34734 -0.27659 -0.228244 -0.310456 -0.11263 
4.47873 0.341504 0.773455 -2.23324 1.52667 1.37535 2.41687 1.66969 -0.398435 -0.133353 -0.191017 -0.0516082 
3.92106 0.477798 2.042 -2.04416 2.63236 1.50829 1.76875 0.899007 0.028134 -0.365918 -0.224186 0.191775 
3.29344 0.285314 2.39228 -1.12833 1.9956 1.02109 1.90354 1.51295 -0.371016 -0.0690127 -0.213107 -0.0587143 
3.13763 0.460085 2.30632 -1.18656 1.15889 0.523479 1.20401 0.217184 -0.0628329 -0.714166 -0.11379 0.0893951 
3.61256 0.207783 2.16525 -1.28586 1.78316 -0.579388 0.0259272 0.388538 -0.109596 -0.143536 -0.307954 0.0629537 
2.92412 0.330628 2.06035 -1.03443 2.23453 -0.496838 0.468862 -0.160513 -0.267241 0.372186 -0.199795 0.0418756 
2.89026 0.28416 3.44417 -1.14918 2.0232 -0.966473 -0.0473679 0.187453 -0.964704 0.256186 0.0824476 0.135348 
2.82404 -0.375568 3.51816 -0.383982 1.37354 -0.804762 -0.475653 -0.864313 -1.01759 0.112399 0.112402 0.146793 
2.5679 0.0723649 2.94916 -1.1611 1.6797 -1.09121 -0.135168 -0.194116 -0.712556 -0.213693 -0.116357 0.188486 
2.75828 -0.187122 1.67934 -1.03228 0.771672 -0.596116 0.614825 -1.1236 -0.310364 -0.0564832 -0.190421 0.173397 
2.83856 -0.028691 2.64132 -1.22655 1.38877 -0.845425 0.143012 0.8996 -0.185887 -0.356043 -0.12373 0.0659513 
2.72129 -0.0341179 2.63774 -0.952101 1.53399 -1.68168 -0.546308 -0.208421 -0.321277 -0.190244 -0.226867 0.210093 
2.56662 -0.529616 2.76942 0.315226 1.89846 -1.2604 -0.50823 -1.12516 -0.593125 0.147597 0.0778008 0.218584 
2.91343 -0.467692 3.34658 -0.964913 2.21928 -0.0266896 -0.619433 -0.0686369 -1.1441 -0.345216 0.134066 0.10939 
2.49079 -0.233001 2.76793 -0.881427 1.51531 -0.836967 -0.580233 -0.636373 -1.22066 -0.181923 0.0886924 0.119267 
2.73947 -0.560631 2.81233 -0.466812 1.66793 0.0460234 0.31926 -0.0596894 -0.281206 -0.15309 -0.0774672 0.093996 
2.61511 -0.333014 2.93109 -1.28109 1.04164 -0.478844 -0.0591606 0.106744 -1.17595 -0.312687 0.0642033 0.0810361 
2.75274 -0.626803 2.04764 -0.66462 0.751476 -1.31477 -0.291803 -0.403732 -0.785337 0.0107845 -0.100256 0.150119 
2.52056 -0.0270693 2.01293 -1.59925 1.78763 -1.02312 -1.15718 -0.376537 -0.633212 -0.240629 -0.0895 0.0803305 
2.74992 -0.052512 2.72725 -1.01033 1.28137 -0.621285 -0.48871 -1.09794 -0.253014 0.141642 -0.0877528 0.133978 
2.60581 -0.38481 2.45845 -1.08926 1.89707 -0.0114066 -0.0430237 -0.122981 -0.398876 -0.332465 -0.075777 0.12321 
2.8681 -0.607664 2.04781 -0.640056 0.707236 -0.533821 0.357894 -0.717879 -0.937138 -0.286912 -0.109551 0.149162 
2.67243 -0.774295 3.20373 -1.04174 1.48754 -0.839813 -1.11594 -0.565642 -0.806812 -0.0730818 0.12475 0.191095 
2.68778 0.00448292 3.49794 -0.7721 1.07429 -1.14614 0.212795 -0.386371 -1.11388 -0.355939 0.0103239 0.14634 
2.77112 -0.303992 2.25354 -1.10539 1.05965 -0.574127 -0.145037 0.403272 -0.279056 -0.478391 -0.0604311 0.0889089 
2.72293 -0.356971 3.05053 -0.919971 1.16506 -0.603862 -0.446765 -0.357156 -1.18145 -0.238758 0.14681 0.129573 
3.34397 -0.453032 3.98195 -0.345629 1.76221 0.0627694 0.443431 -0.379421 -1.096 0.177083 0.0362933 0.105692 
2.90892 0.153587 2.4885 0.181584 1.83359 -0.783807 -0.449367 -0.429545 0.276514 -0.0248232 0.00996248 0.0961429 
3.00021 -0.39152 2.96819 -1.32747 1.35877 -1.07946 0.254136 0.301918 -0.724343 -0.0954979 -0.276591 0.151359 
2.72487 0.122599 3.07902 -0.816404 1.95506 -0.800993 -0.319721 -0.925935 -0.754326 0.272584 0.00201245 0.10958 
