3.40802 0.674182 3.65409 0.441201 2.46856 -0.463193 0.157245 0.397524 0.410643 0.512649 0.0271556 0.145001 
3.36137 1.06757 4.19853 0.322402 2.68327 0.466069 0.765391 0.405217 0.111085 0.754782 0.251528 0.153202 
3.36702 1.00564 3.24748 0.431314 3.08419 0.52573 0.403111 0.930636 0.364859 0.657169 0.270869 0.0912324 
3.93813 0.338281 2.21115 -0.715795 2.47451 0.457175 1.59302 1.79273 0.470878 0.199335 -0.321994 -0.0337219 
5.29722 0.921963 0.0578976 -2.74894 1.53893 3.58033 3.1923 1.97105 -0.326522 -0.439015 -0.143675 -0.0324447 
5.07381 0.903469 -2.25127 -1.53725 3.08835 3.19826 2.41707 1.64272 0.0360088 -0.0389105 -0.0147044 0.0274417 
4.99912 0.62478 -2.57028 -1.44005 2.79202 3.53839 2.26354 1.34762 0.687623 0.120342 0.0890097 0.0225051 
5.19498 0.479623 -0.152248 -2.74238 3.55174 3.02891 2.38023 1.36643 0.0281333 0.338713 0.0414828 0.0689487 
4.83049 0.773179 0.104953 -1.97691 3.08206 2.80093 2.93031 1.19591 -0.269384 0.184397 -0.0407698 0.0674532 
4.45529 0.509839 0.686208 -1.74125 3.20851 2.34814 2.55911 1.4498 -0.423408 0.398494 0.0721274 0.0749555 
4.22139 0.667414 1.68564 -1.05328 2.23987 2.69493 2.19454 0.977129 0.242488 0.221462 0.130687 0.137239 
3.80088 0.904748 1.62274 -1.05625 2.96476 1.26502 1.70473 1.47624 0.238351 0.36479 0.154568 0.12111 
3.69458 0.958946 3.11711 -0.296577 2.50528 0.88269 1.91832 0.977541 -0.442345 -0.103656 0.207263 0.217989 
3.4846 0.366427 3.23905 -0.389414 2.06263 0.432137 1.3856 1.09963 0.114997 -0.1509 -0.034641 0.162524 
3.3805 0.375067 3.81139 0.21638 2.40557 0.537278 1.03629 -0.028724 -0.319385 0.823849 0.156342 0.103998 
3.29233 0.812426 4.01307 -0.629196 2.75106 0.979986 0.169362 0.178079 0.120518 0.515535 0.143048 0.117322 
3.57611 0.885353 2.59027 -1.11184 1.66886 -0.378587 1.25116 0.385044 -0.0452604 0.664492 -0.165982 0.0743265 
3.79167 -0.119306 1.58188 -1.94208 1.25319 0.68709 2.37354 1.07085 -0.0878731 0.572665 -0.0198874 0.0792175 
3.59926 0.601184 1.34554 -2.47328 0.94678 -0.00534672 1.59837 0.866538 0.229834 0.722848 -0.146599 -0.00686166 
3.69121 -0.0690651 2.52643 -1.80375 1.01649 0.126824 1.11667 1.96588 0.908774 0.865504 -0.0548736 -0.081783 
3.86993 1.0365 2.58414 -1.93633 1.90238 0.155377 0.809223 1.73154 1.05879 -0.0130778 -0.484082 -0.145405 
5.01947 1.82625 1.85586 -1.30605 1.5668 1.82306 2.18494 1.21872 0.466774 0.16925 -0.333986 -0.172145 
4.8841 1.59269 1.5582 -2.35793 1.72593 3.0244 2.61563 1.01842 0.107904 0.0220979 -0.286374 -0.0701012 
4.62328 1.25671 1.25216 -2.3547 1.55425 2.37512 2.62321 2.19856 0.0427568 0.224533 -0.1449 -0.134292 
4.30533 0.387461 2.31735 -2.11533 1.34638 1.58808 2.63149 1.97104 -0.448829 0.27516 -0.228407 -0.176893 
4.27697 0.892243 1.70298 -2.14821 2.22003 0.914262 2.05418 1.7612 0.441347 0.0978334 -0.366177 -0.0295293 
3.82454 0.563795 2.69685 -0.826397 2.37636 0.479857 1.64936 2.17672 0.431186 0.157714 -0.259741 -0.0278986 
3.9673 0.692486 3.18778 -0.377051 1.78735 0.502375 1.59458 0.905744 0.180945 0.0450635 -0.276176 0.0272372 
3.38048 0.495042 3.10005 -0.840265 2.31106 0.771663 1.16683 1.15633 0.431888 -0.0895159 -0.337606 0.00600949 
3.44794 0.497236 3.13864 -0.580587 2.24341 -0.426192 0.206713 0.6215 -0.795673 -0.199238 0.0870073 0.121032 
3.19188 -0.0594764 2.73802 -0.562526 2.0226 -0.585885 0.429001 -0.168304 -1.17248 0.19874 0.0654995 0.134838 
2.93222 0.335861 3.21506 -0.273773 2.57091 -0.636961 -0.130865 -0.137955 -0.0456829 -0.325057 -0.0473744 0.195499 
3.36755 -0.11875 2.9376 -0.818672 2.33867 -0.229692 0.0039255 -0.258277 -0.698152 0.416032 -0.111497 0.0739614 
2.8097 0.0468986 2.58568 -0.42508 1.825 -0.501066 0.216902 -0.252138 -0.538057 -0.00789963 -0.121189 0.115132 
3.02642 0.075166 3.25734 -0.142554 1.52774 -0.689302 -0.25941 -0.808087 -0.528155 0.0944203 0.0160343 0.17139 
3.13303 -0.0233113 2.59487 -0.748386 1.67663 0.213854 0.123035 -0.735907 -0.374641 -0.0305317 -0.0130863 0.184154 
2.87218 0.0460536 2.47011 -1.11088 1.209 -0.694548 -0.371525 -0.5198 -0.328357 0.284836 -0.131792 0.1566 
2.82412 -0.592499 2.20875 -0.0544618 1.49923 -0.64353 -0.234364 -0.923151 -0.726392 0.167499 0.00706724 0.191688 
2.73715 -0.259426 2.40824 -0.71341 1.64396 -0.766881 -0.450264 -0.679894 -0.258398 0.249196 0.227169 0.190868 
2.93603 -0.0273025 2.88091 -1.73297 0.969287 -0.385097 -0.168619 0.355026 -0.380174 -0.18959 -0.0788577 0.144929 
2.81895 -0.348647 2.71494 -0.0268018 1.66889 -0.345639 0.840306 0.191903 -0.227914 0.227425 -0.147168 0.0823498 
2.7701 0.0273284 3.21412 -1.34424 1.73791 -0.441694 -0.645018 -0.461172 -0.570433 0.0654766 0.0385597 0.183099 
2.93989 1.0032 3.35335 -0.651393 1.89384 -0.591022 -0.0404027 -0.218205 -0.810192 0.151812 0.248095 0.109084 
2.96351 0.0954872 3.51575 -0.781476 1.91824 -0.30255 0.219057 -0.0854268 -1.04132 -0.0936975 0.0470752 0.110632 
2.96192 0.141848 2.50032 -0.71954 1.70623 -0.694778 0.266058 -0.558142 -0.613719 0.0596557 -0.0216212 0.182911 
2.9104 -0.489521 3.11063 -1.53486 3.02974 -0.0816172 -0.679313 0.483382 -0.81022 0.306957 0.162302 0.0932097 
2.7933 0.0568072 2.19267 -1.45377 2.11747 -0.33273 -0.0649669 0.256797 -0.375034 0.12423 -0.0803988 0.0997754 
2.70476 -0.111282 3.08132 -0.8233 1.56454 -0.704683 0.043927 -0.383157 -0.801898 -0.151903 0.0675593 0.222081 
2.99254 -0.477938 2.78894 -0.496403 0.883857 -0.200825 -0.0389418 -0.233228 -0.837039 -0.0729701 0.0974193 0.114469 
2.76654 -0.430456 2.38652 -0.200201 1.76012 -1.12923 -0.752324 -0.442233 -0.386186 0.169865 -0.148719 0.148641 
2.65675 -0.23258 3.34844 -0.886617 0.95579 0.150357 -0.119918 -0.283525 -0.221613 0.0315481 0.0176357 0.145718 
2.81953 -0.00274017 1.42901 -1.0765 2.66364 -1.09238 -0.564132 -0.0597365 -0.417951 0.024477 -0.201585 0.193629 
2.70075 -0.709991 2.51259 -1.27097 1.55667 -0.386908 -0.588453 -0.398004 -0.366117 0.157091 0.0455362 0.252744 
2.79942 -0.393701 2.48536 -0.522571 0.864443 -0.97368 0.175484 -0.0347055 -0.243841 0.328718 -0.137393 0.121783 
2.74639 -0.0983164 2.72034 -1.91317 1.07659 -0.5467 0.145459 0.222557 0.0255693 -0.100348 -0.288949 0.203811 
2.62748 -0.0127202 2.69658 -0.649536 1.46636 -1.08095 -0.326803 -0.364244 0.0792035 -0.223067 -0.152729 0.244581 
2.83236 0.00645565 2.8513 -1.17345 1.46347 -0.402333 0.0535901 -0.0730635 -0.346059 -0.142253 -0.270059 0.150491 
2.94204 -0.403319 2.31006 -1.28113 1.66613 -0.798034 0.293416 -0.388326 -0.811436 0.068492 -0.132321 0.274858 
2.90954 -0.0275258 3.33295 -1.09671 1.71706 -0.882244 -0.0417022 -0.161832 -1.03393 0.0645408 0.0237618 0.172087 
2.71347 -0.126129 3.22359 -0.916217 -0.0136669 -0.95154 0.698533 -0.0577891 -0.114097 -0.45634 -0.106097 0.26486 
