2.98695 -0.805505 1.98819 -0.94087 2.32203 -0.288575 0.0670375 -0.205718 -0.567107 0.490893 0.0383609 0.22407 
3.13732 0.193481 2.91831 -0.937181 1.42969 -0.416494 -0.0536032 -0.440213 -0.72827 0.443312 0.0606661 0.140037 
3.11225 0.278609 2.8752 -0.469865 1.44898 -0.169907 0.979304 0.146491 -0.168781 -0.279874 0.16442 0.257094 
3.01639 0.364031 3.5627 -0.330845 1.64329 -0.533016 0.787792 -0.545585 -0.747865 0.332682 0.0802714 0.182851 
2.91832 0.0166743 2.61913 -0.523106 1.77142 -0.374368 0.282522 -0.514514 -0.498292 0.381597 0.176468 0.214391 
2.91648 0.163693 2.24068 -1.0797 2.02246 -0.282625 -0.24937 0.395879 -0.0506878 0.0860099 0.0225507 0.14656 
3.04807 -0.148109 3.20687 -0.746009 1.37177 -0.500695 0.268868 -0.326441 -0.748042 0.235195 0.0020256 0.179702 
2.94457 -0.0166227 3.14793 -0.0142324 2.07631 -0.623056 0.211458 -0.0816494 -0.388835 0.376102 0.19109 0.18241 
3.01276 0.420644 3.94059 -0.287452 2.26389 -0.11335 -0.213808 -0.438566 -0.164338 -0.0365485 0.256 0.261631 
3.45206 0.401317 3.90716 0.747668 2.91757 0.181114 1.18092 0.673514 0.201367 0.385825 0.222829 0.274188 
4.33247 1.29357 -0.65743 -2.24162 1.41445 3.70303 3.3 1.97022 -0.36109 -0.0421539 -0.0961675 0.0032754 
4.41416 1.54502 -0.981981 -2.17518 1.72319 3.51763 3.39383 1.75154 -0.501759 -0.200504 -0.172483 0.0135783 
4.77871 1.91125 -0.229887 -1.94398 1.4078 3.86272 4.07764 1.7714 -0.420134 -0.0788622 -0.245241 0.00818114 
4.98508 1.76233 -0.000295204 -1.98078 1.14339 4.05682 4.15015 1.85254 -0.248648 -0.142161 -0.217774 0.0173494 
4.42007 1.76019 0.652674 -0.879888 1.82528 3.84483 3.22985 1.74387 -0.189075 0.152548 -0.174958 -0.0194858 
3.9509 1.56366 1.33476 -0.720943 1.08323 2.69815 2.45933 1.74767 0.273732 0.105629 -0.284913 -0.124829 
4.3201 0.551262 1.27303 -1.0167 2.36407 1.91837 2.30553 1.27327 -0.268325 0.000114135 -0.190303 -0.0525316 
4.14621 0.466736 1.46841 -1.74936 2.4205 2.17645 2.68629 1.54447 -0.484781 0.270141 -0.0842798 -0.0117931 
4.23892 0.433848 2.13595 -0.902075 2.46438 1.4067 1.63292 1.31905 -0.491932 0.0276673 0.00730102 0.0242534 
3.81499 0.72263 1.74301 -0.660279 2.19554 2.03946 1.81933 0.555943 0.45061 -0.0833009 -0.00471222 0.127101 
3.48954 1.10945 3.04663 0.161501 1.95172 0.38058 1.67723 0.494725 0.247663 0.0506498 -0.0768248 0.0871855 
3.13311 0.171617 3.34246 -1.01111 1.94296 1.37892 1.07701 1.01667 -0.256548 0.121263 0.0974234 0.0428356 
3.00845 -0.110586 3.81484 -0.334465 2.53628 0.227199 0.716861 0.511196 -0.416471 0.562067 0.172793 0.137575 
3.57217 0.351796 3.35327 0.0806982 2.23878 -0.339225 -0.301781 0.485304 -0.388563 0.0485186 0.107623 0.0770224 
4.04771 0.629243 2.27271 -3.14536 1.16191 0.11647 0.955103 1.86297 0.592735 0.436829 0.113898 0.0760475 
3.96443 0.600708 1.62502 -2.02651 -0.371114 -1.30515 1.39355 1.42325 0.892084 0.580985 -0.0121544 0.0558697 
4.11228 0.297796 1.43732 -2.11948 0.799425 -0.543241 1.27148 1.99732 0.765256 0.62044 -0.0477293 -0.0242756 
5.02858 1.51245 0.584205 -3.17933 0.152755 3.11685 2.46056 1.15862 -0.311899 -0.437157 -0.296458 -0.0998743 
5.32652 1.48745 -0.0175658 -2.37063 1.27552 3.42471 3.67339 1.62906 -0.833169 -0.5815 -0.341145 -0.0827147 
5.48377 1.0782 0.380135 -3.76627 1.51211 3.36496 3.89808 1.51471 -0.508443 -0.476542 -0.488212 -0.0354318 
5.02264 1.12935 -0.170219 -3.161 1.39797 3.00892 3.82308 1.91183 -1.10097 -0.604561 -0.422186 -0.103051 
4.88597 1.13265 -0.283561 -2.22251 1.34041 2.1942 3.84565 1.05857 -0.741209 -0.170109 -0.364105 -0.0944037 
4.89597 0.756876 0.449429 -3.03844 1.94962 2.74838 3.03859 0.901453 -0.584768 -0.116375 -0.345194 -0.0524413 
4.48883 0.141975 0.684886 -3.34572 1.86601 2.18552 2.64495 1.39638 -0.0905728 -0.119102 -0.436584 -0.0607239 
4.51362 0.0529175 0.91508 -2.05156 1.71299 1.12683 2.60526 1.96563 0.0349547 -0.00457964 -0.419046 -0.129831 
4.08555 0.364102 1.15355 -2.06608 1.80995 1.35278 2.18484 0.654198 0.121717 -0.290174 -0.405354 0.056927 
3.57548 0.239587 1.86634 -1.66914 2.12627 0.790115 1.6557 1.26982 0.34217 -0.0468061 -0.45605 -0.0140122 
3.6882 0.21972 2.13821 -1.57362 1.13975 0.109832 1.45105 1.05636 0.587261 -0.391459 -0.415222 0.0980509 
3.4568 0.949039 2.30416 -1.29372 1.82307 0.486088 1.54688 0.189845 0.22488 -0.119033 -0.245819 0.117315 
3.42498 0.0788513 2.87442 -0.82086 0.621827 0.241998 1.45177 1.61722 -0.366804 -0.196635 -0.192139 -0.0754931 
3.43177 0.304116 3.41224 -0.689309 1.48802 0.122305 0.603108 -0.0272165 -0.298942 0.168337 -0.0466031 0.130663 
3.26674 0.186437 3.58236 -0.807858 2.11868 -0.046626 -0.0381364 0.550544 -0.822917 -0.126864 0.151885 0.115876 
2.96391 0.113936 3.66197 -0.163531 2.24248 -0.746446 -0.0226185 -0.235404 -0.402631 0.307494 -0.033447 0.180046 
3.13983 -0.00681275 3.67679 0.263766 2.00048 -0.644638 -0.0361563 -0.608779 -0.308869 0.258733 -0.0225395 0.189996 
2.93784 -0.380023 2.44382 -0.430228 2.22881 -0.0316778 -0.0671575 -0.51308 -0.603378 0.289772 -0.0506116 0.147685 
3.02031 -0.0233035 2.85904 -0.474774 1.72575 -1.00706 0.127591 -0.233506 -0.601253 0.562911 -0.047853 0.14789 
2.69574 -0.00190212 2.52358 -0.502524 2.23995 -0.704916 -0.117808 -0.476824 -0.190064 0.161131 -0.0212317 0.241328 
3.01242 -0.172468 2.92004 -0.998077 1.91789 -0.206553 0.0343873 -0.503446 -0.910918 0.082161 0.0465383 0.229666 
2.68147 0.179855 3.34851 -0.116392 2.63958 -1.11205 -0.718412 0.00776172 -0.141683 0.027725 0.185747 0.223274 
2.81573 -0.187601 2.87767 -0.210858 1.87906 -0.351769 -0.269901 -0.762678 -0.3151 0.314353 -0.0399899 0.175536 
2.81559 -0.0968941 2.64502 -1.29968 2.26389 -0.261636 -0.269977 -0.486164 -0.455377 0.343669 0.0503991 0.243306 
2.76477 -0.131404 3.35838 -0.713137 1.89648 0.107251 -0.321533 -0.0703633 -0.770335 0.178789 0.132311 0.10176 
2.68813 0.0876461 2.76987 -1.06926 2.3497 -0.227759 -0.312163 -0.719902 -0.551615 0.0294324 0.195839 0.279411 
2.70234 0.263271 3.59204 -0.284516 1.6297 -0.895165 0.388523 -0.856276 -0.823389 0.408709 0.0968105 0.206417 
2.60681 -0.551224 2.47269 -0.0240174 1.55956 -0.662233 0.712544 -0.884723 -1.24201 0.449015 -0.00255699 0.202193 
2.92943 -0.100211 2.42386 -0.279252 1.24761 -0.427351 -0.142627 -0.414833 0.0985865 -0.329941 -0.104288 0.255829 
2.6372 -0.0631868 3.67172 -1.06461 0.828451 -0.232318 0.54046 -0.447897 -0.75973 -0.164525 0.113546 0.265448 
2.78291 -0.255209 1.87158 -1.04839 2.50594 -0.914692 -0.356811 0.114884 -0.474361 0.320653 -0.0594139 0.21239 
3.02784 -0.0383967 2.81713 -1.32475 1.52353 -0.456005 -0.352157 -0.230619 0.0189958 0.298818 -0.351937 0.140692 
3.15973 -0.187265 2.47449 -2.05011 1.77339 0.211413 -0.738438 0.661825 -0.298679 -0.0016895 -0.0626069 0.0628834 
