2.82276 -0.1216 3.31684 -0.336411 1.30768 -0.647563 0.371085 -0.131332 -0.780286 0.568401 0.0672805 0.105876 
2.73909 -0.243257 2.96846 -0.259874 1.24376 -0.718157 1.29641 -0.78055 -0.966558 0.607165 0.0691084 0.204022 
2.69854 -0.104621 2.54994 -0.786442 1.76025 -0.11877 0.456607 -0.292773 0.203766 0.181163 -0.136716 0.2299 
2.68266 -0.343989 2.67802 -0.563804 1.35061 -0.603669 -0.288485 0.0651917 -0.301084 0.174724 -0.0142563 0.176838 
3.11049 -0.0194072 2.87591 -0.353337 1.51677 -0.0708969 0.0343086 -0.593493 -0.17044 0.289372 -0.0567088 0.15164 
3.21809 0.226443 3.04381 -0.375092 2.65322 0.733651 0.732635 0.821434 0.670307 0.356903 0.00312374 0.134356 
3.4045 0.430482 4.40007 -0.0236014 2.46214 0.449541 0.33327 0.164411 -0.724554 0.53544 0.339887 0.111607 
3.65011 0.714174 1.70827 -0.751345 2.54135 1.89175 2.2939 0.619387 0.0277513 -0.0635524 -0.127487 0.0957249 
5.05368 0.933683 0.381745 -2.14184 2.04109 3.43871 4.05693 1.46877 -0.898391 -0.0774795 -0.173046 -0.00687535 
5.28894 0.884863 0.312724 -1.83993 2.52751 3.36968 3.89103 1.65575 -0.961031 -0.0865104 -0.0669525 0.0185574 
5.1024 1.49294 0.87714 -1.4219 2.28929 3.65564 3.89604 1.75224 -0.573811 0.289048 -0.0525023 -0.0264323 
4.80305 1.81036 0.340875 -1.73842 1.63615 3.25428 4.03881 1.57811 -0.329905 0.0622842 -0.242629 -0.0112231 
4.08072 1.15452 0.979866 -1.05348 1.97912 3.82178 2.64682 1.39508 -0.549587 0.101459 0.0479303 0.0558004 
3.87523 1.01244 1.76927 -0.758936 1.93685 2.09079 2.73642 1.7729 0.22451 0.113904 -0.00123753 0.0582296 
3.82432 0.905571 2.37894 -0.702869 2.44443 1.54619 2.07357 1.4604 -0.212859 0.307801 0.228434 0.12773 
3.74112 0.943601 3.0344 -0.873872 2.22266 1.4718 2.29068 1.7365 0.0796947 -0.183899 0.038192 0.141777 
3.59044 0.540287 3.27829 -0.737679 2.96301 1.07027 1.7774 1.30937 0.153943 0.0872817 0.0260619 0.227522 
3.5409 0.740056 2.78951 -0.360592 3.61061 1.46704 0.91761 0.105255 0.634172 0.3255 0.169035 0.252122 
3.36401 0.733882 3.50146 0.095697 3.01526 0.41669 1.02841 0.181037 0.0435195 0.341319 0.219106 0.25354 
3.66401 0.689829 3.77544 -0.702143 2.08143 0.521267 0.586667 0.251546 0.13738 -0.034837 -0.0211081 0.210088 
3.54074 0.435804 3.25703 -0.387615 3.15362 0.334424 0.623637 1.03055 0.0338068 0.251279 0.138484 0.187166 
3.42094 0.679816 3.83171 -0.603428 2.3287 0.180916 0.214135 -0.642352 0.103496 0.847487 -0.101061 0.16631 
3.28807 0.234376 2.75819 -1.58234 1.70549 0.964094 2.10302 0.937498 -0.291226 -0.105794 0.0706622 0.221184 
3.30514 -0.0950619 2.51878 -1.06178 2.2074 0.151453 0.96032 0.426033 0.309511 -0.0277724 -0.306017 0.215912 
4.11008 0.934083 2.65847 -1.09673 0.561745 0.442304 2.34548 1.17563 0.211776 -0.00642593 -0.446566 -0.137649 
5.07068 0.892584 0.729831 -3.47385 1.32502 1.95456 3.26839 1.71881 -0.446584 0.0243354 -0.451091 -0.142316 
4.96699 0.981712 0.889226 -3.32267 0.837546 2.66383 3.80734 1.94221 -0.778987 -0.0944852 -0.420125 -0.17953 
4.41967 1.65191 1.49219 -1.53026 2.19709 2.1437 2.3307 1.13525 -0.778987 -0.11179 -0.377164 -0.148575 
4.47292 1.5732 1.54553 -1.4654 2.19132 2.13573 2.64923 1.30798 -0.227773 0.0585894 -0.444129 -0.16691 
4.18405 0.942665 1.33503 -2.22993 1.20092 2.08997 3.09193 1.46634 -0.165788 0.0466321 -0.384712 -0.117087 
4.06945 0.48328 2.8866 -1.40636 1.23996 1.35006 2.1681 1.47067 -0.306226 -0.288468 -0.437545 -0.148081 
3.84646 0.579376 3.45069 -1.43819 2.14743 1.52912 2.19739 1.06574 -0.819594 -0.118423 -0.494618 -0.0930048 
3.85538 0.773296 3.53869 -1.55234 1.92807 0.352004 1.42421 1.42516 -0.378469 -0.700429 -0.387775 0.0482735 
3.5349 0.608382 2.39095 -0.60563 1.89609 0.0028891 1.78515 1.18495 -0.56274 -0.254813 -0.186334 0.0339142 
3.30091 0.790509 3.24985 -1.382 1.67476 -0.464646 0.596299 0.788201 -0.130472 -0.223329 -0.177754 0.111663 
3.06221 0.204187 3.01232 -1.36623 1.37859 0.0615736 0.403909 0.214551 -0.174101 0.0533507 -0.115985 0.134533 
3.10977 0.459714 3.23112 -0.411821 2.09586 -0.0434837 0.585294 0.312436 -0.58644 -0.0541167 0.0170944 0.112031 
2.78342 0.318317 2.65709 -0.318684 1.59698 -0.898991 0.864295 -0.0601772 -0.550289 0.169128 0.0920483 0.204015 
2.71027 -0.254527 3.18684 -0.662106 2.46538 0.284359 0.178226 -0.00209925 -0.69351 -0.0724225 0.153976 0.201346 
2.78669 -0.174825 3.31728 0.0178076 2.23573 -0.560706 -0.447399 -0.874627 -0.613197 0.473035 0.223547 0.186229 
2.89989 0.10587 2.13341 -1.10896 2.19452 -0.233079 -0.568501 -0.780937 -0.161699 0.0519234 0.0129825 0.246877 
2.68301 -0.227812 2.97065 -0.535956 2.22231 -0.842952 -0.0721855 -0.0720913 -0.292529 0.235577 -0.0489043 0.22822 
2.77188 -0.0865993 3.24082 -0.609068 1.0155 -0.394901 -0.519583 0.203488 -0.428868 0.0647748 0.0885881 0.118317 
2.39307 -0.383167 2.57662 -1.29666 1.83239 0.106281 -0.0928127 -0.508923 -0.3176 -0.156238 0.109949 0.345431 
2.86117 -0.302987 2.83672 -1.60268 0.969907 0.177459 0.041006 1.16064 -0.139942 0.220697 0.225226 0.0717206 
2.56222 -0.027769 2.11934 -1.297 2.11491 -0.399651 -0.254567 -0.348126 -0.775949 0.170677 0.0389695 0.237609 
2.80043 -0.43232 2.87038 -0.55899 1.94341 -0.469985 0.380553 -0.808922 -0.909695 0.489215 -0.0691129 0.218547 
2.84444 0.163599 3.14239 -0.969617 1.26095 -0.852033 0.0389209 0.151105 -0.413349 0.256025 -0.061686 0.160884 
3.24931 -0.64882 2.79738 -1.01386 1.41047 -0.0705735 -0.225413 0.719227 -0.690272 0.359283 0.24448 0.0476707 
2.8331 -0.310868 3.01549 -0.532942 1.26856 -0.306758 0.430731 -0.246768 -0.510753 -0.165573 0.0289992 0.26078 
2.79675 -0.425484 3.6675 -1.59624 1.7472 -0.359738 -0.39142 0.012046 -0.730306 0.169535 0.0643366 0.255077 
2.9066 -0.0413291 3.12121 -0.463742 1.62652 -0.368669 0.166356 -0.729932 -0.25998 0.104297 -0.085851 0.23676 
2.75195 -0.161336 2.40101 -0.776803 1.78 -0.142383 0.205309 -0.160815 -0.185145 0.0807683 -0.010592 0.211185 
2.47697 -0.00250553 2.64838 -0.923355 1.90879 -0.629988 -0.595964 -0.426144 -0.299401 0.153834 -0.163215 0.217738 
2.76932 0.0307666 2.26389 -1.30701 1.94307 -0.433033 0.181046 -0.417187 -0.241205 -0.292731 -0.0802235 0.33208 
2.57683 -0.271546 2.2337 -1.26161 1.5386 -0.425711 -0.293419 0.125268 -0.41987 0.0382157 0.00333447 0.232183 
2.71292 -0.241717 2.52565 -1.05498 2.36705 -0.518339 -0.365003 -0.0476655 -0.186617 0.382667 0.033026 0.215011 
2.8562 -0.285892 2.82005 -0.620824 1.58503 -0.318023 0.221383 0.0860218 -0.326364 -0.0245398 -0.0869564 0.196109 
2.96805 0.143252 1.90542 -1.7626 1.58642 0.682701 -0.470285 -0.557171 -0.454684 0.438172 -0.0345945 0.0992065 
2.68349 -0.258811 2.47137 -0.590713 1.73093 -0.250003 0.23374 -0.0825147 0.100006 0.327478 -0.0699991 0.18385 
