2.93083 -0.27094 2.65645 -1.19124 2.36907 -0.0259063 0.201299 0.214842 -0.348888 -0.152782 0.116156 0.319962 
2.73474 0.227182 3.32753 -0.368268 1.92077 -0.495028 0.5134 -0.419631 -0.498016 0.873239 -0.0618326 0.130431 
2.67206 0.621184 3.05756 -0.305276 1.79657 -0.0599056 0.201111 0.369439 -0.052567 -0.151153 0.0845337 0.14724 
3.18182 0.850533 3.96091 0.4865 1.7364 0.452929 1.65203 0.831613 0.169983 0.443954 0.335264 0.178475 
3.36224 0.15506 3.6021 0.588819 2.98229 0.428702 1.8487 0.376237 -0.456129 0.83489 0.260491 0.234213 
3.06385 -0.148512 2.63683 -0.742893 2.05961 0.817354 1.58887 0.351886 0.165836 0.630991 0.0761231 0.195127 
4.25418 1.05936 2.33757 -1.61666 3.016 1.90089 2.12507 1.5419 0.665493 0.312615 -0.420079 -0.0490416 
4.99635 1.36431 1.21446 -1.92963 2.8979 3.41128 3.37384 1.41366 -0.215457 0.374434 -0.173896 -0.0474332 
5.16243 0.787104 0.769137 -1.75898 2.76535 3.26166 4.07944 1.42163 -1.05088 0.219866 -0.115159 -0.00976835 
4.84628 0.921823 0.269141 -1.64833 2.90258 3.0104 3.72348 1.23062 -0.700554 0.247723 -0.118066 0.0174058 
4.42709 0.500532 1.30725 -2.07581 2.88115 2.49688 2.31235 1.88208 0.255878 0.427997 -0.0866977 -0.0376532 
3.90988 0.745652 0.866862 -1.09883 2.00194 2.04299 3.76649 1.55471 0.30965 0.649694 -0.140435 0.00337901 
3.59337 0.63506 1.96744 -1.5233 1.93136 1.409 3.41044 2.29624 0.23247 0.472657 -0.0833222 0.0457468 
3.50328 0.928489 2.22498 -0.493311 2.7508 1.44082 2.66261 1.49218 0.320099 0.546544 -0.132665 0.067462 
3.77056 0.606939 3.07697 -0.49936 2.0619 0.954113 1.2711 0.65333 0.125827 0.320971 -0.0245066 0.106098 
3.25167 0.718483 2.99114 -0.564379 2.61934 1.15432 2.09105 1.6843 0.536307 0.765804 -0.0490247 0.0678267 
2.87687 0.594065 3.24735 0.249398 3.0403 1.29384 2.18852 0.748736 0.327171 0.564863 0.152661 0.207588 
3.3618 0.664006 2.58491 -0.581011 2.18824 0.46448 0.742973 0.727108 0.553355 -0.149418 0.0424603 0.191353 
3.61201 0.504009 1.56412 -2.69098 1.26174 0.430375 1.72073 2.29752 1.1799 0.614016 -0.10136 -0.0121765 
3.29054 -0.0791815 1.735 -2.04934 2.13016 1.62196 2.43028 1.62016 1.16083 0.86891 -0.0757083 0.0813616 
3.93429 0.63229 2.30827 -1.66143 2.29054 0.991158 1.82455 1.62309 1.2846 0.791733 -0.373476 -0.0203033 
4.71423 1.22031 2.40544 -1.85294 2.00126 2.05063 2.65549 1.30037 -0.0173961 0.495162 -0.445811 -0.178443 
5.18551 1.59267 1.42684 -1.96243 2.17904 2.36111 3.57425 1.22013 -0.608487 0.185627 -0.425651 -0.117805 
4.80756 1.78905 0.681035 -2.18977 1.09268 3.6966 3.08567 1.42429 -1.05238 -0.421229 -0.391569 -0.112551 
4.78744 1.88832 0.559807 -1.59047 1.16746 2.67731 2.61136 1.57941 -0.704073 -0.365309 -0.391009 -0.157969 
4.4752 1.44481 1.51754 -1.9446 2.30766 2.58868 1.9472 0.89203 -0.425627 -0.28663 -0.159217 0.0129165 
4.12761 0.973582 2.27398 -1.66735 2.08179 3.04376 2.29342 1.19138 -0.213481 0.185986 -0.300784 -0.115385 
3.77699 0.928079 2.56805 -0.511235 2.50847 1.43531 2.11236 0.900778 -0.310309 -0.263159 -0.113341 0.124832 
3.231 0.854627 3.62168 0.471656 2.20908 0.541043 0.72751 0.49843 0.436837 0.468616 0.145879 0.125694 
3.4963 0.241286 3.22778 -1.16782 2.12844 0.540752 1.47347 1.72922 -0.119624 0.222912 -0.0515872 0.0814156 
2.99623 0.161607 3.35352 -0.290314 2.1188 0.0531158 1.80169 1.52918 0.284829 0.268916 -0.0308152 0.181097 
2.78294 0.0375979 2.34927 -0.348445 1.3365 0.512372 2.35096 1.21631 0.807488 0.0975046 0.226743 0.220304 
2.80354 0.365053 2.82008 0.0528363 2.03149 -0.26938 -0.295709 -0.81733 -0.269563 0.00269403 0.217883 0.22155 
2.71096 -0.0234708 4.13009 -0.0348864 2.35887 -0.158977 -0.367352 0.0977841 -0.362018 0.348764 0.205499 0.131431 
2.91268 0.246099 3.03875 -0.249166 2.1779 -0.0679996 0.893492 0.150485 -0.10313 0.0188092 0.0467028 0.236123 
2.8406 -0.248109 3.50683 0.517759 1.89706 -0.180866 0.569852 -0.0216432 0.406275 0.128396 -0.0611913 0.249421 
2.81174 -0.112154 3.47216 0.349625 1.714 -0.773088 -0.162412 -0.155423 -0.61746 -0.0262924 0.184314 0.20322 
2.89915 0.291713 3.19089 0.131274 2.45776 -0.151936 0.919597 -0.487848 -0.457137 0.294018 0.161282 0.243609 
2.81677 0.0068306 3.90529 -0.744538 1.8215 0.10069 0.443912 0.255243 -0.0578335 0.54396 0.0360952 0.168817 
2.94951 0.159859 2.34242 -0.515707 2.21193 -0.390311 0.22092 0.0145715 0.247764 0.245895 0.0533306 0.230808 
2.66541 0.221685 2.3499 -0.153914 1.67063 -0.765693 0.708641 0.396324 0.00723057 -0.0847037 0.305412 0.273067 
2.90778 0.0507516 3.11374 -0.999392 2.03238 0.93786 0.25404 -0.101279 -0.396852 -0.06697 0.210242 0.212123 
2.5629 -0.0148501 3.16134 -0.49434 2.10209 0.185718 0.137311 -0.203075 -0.770613 0.155018 0.405969 0.191806 
3.02631 0.193029 2.27258 0.0138792 1.74884 -0.469539 1.03733 -0.585873 0.276885 0.341378 -0.187912 0.206299 
2.89679 0.317176 3.03142 -1.1752 1.79233 -0.793098 -0.00251895 1.04267 0.175016 -0.0884239 -0.16511 0.165385 
2.9047 -0.0870637 2.6151 -0.845914 1.49539 0.030214 0.17588 0.468438 -0.350368 -0.237713 0.114993 0.200627 
2.81364 -0.174905 2.67034 -0.533025 2.06783 0.155327 0.335573 0.569027 0.26414 0.327387 -0.0500083 0.133482 
2.84892 -0.215246 2.52836 -0.189845 2.21708 -0.5206 0.13474 -0.475642 -0.91244 0.344264 0.0758383 0.19017 
2.67657 0.185548 3.10216 -0.620744 2.416 -0.207016 0.42689 0.268087 -0.0477674 -0.290488 0.0377829 0.27621 
2.52126 -0.279014 3.46975 0.11033 1.82882 -0.515776 0.366983 -0.728488 -0.777154 0.72545 0.143755 0.152833 
2.76099 0.0251703 2.55766 -0.512785 1.25998 -0.263003 0.472269 -0.297188 -0.484835 0.257691 -0.0512909 0.166937 
2.78153 -0.0213628 2.27613 0.0157573 1.66742 -0.989895 0.401089 -0.217925 -0.280041 0.0389028 -0.141996 0.225378 
2.69556 -0.387563 2.57628 -1.22397 2.12791 0.296605 0.512744 0.428204 -0.672616 0.53829 0.0449673 0.117675 
2.84125 -0.185208 2.7871 -0.954599 1.43568 0.428038 0.618191 0.31952 -0.548923 0.135971 0.23482 0.174123 
2.89504 -0.0828852 2.74134 -0.166209 1.50662 -0.610243 -0.300055 0.409695 -0.441474 -0.110027 0.258101 0.201098 
2.85761 0.200307 2.5077 -1.36627 1.76696 -0.282372 0.259525 0.327792 -0.126303 -0.191948 -0.0504112 0.236748 
2.84717 -0.229254 2.36591 -0.701159 1.88494 0.0370532 0.953316 -0.271107 -0.110835 0.225154 -0.0952461 0.254334 
2.61447 0.102726 2.63242 -0.649689 2.17133 -0.426576 0.309976 -0.466789 0.0251393 0.162843 0.1692 0.307708 
2.76364 -0.274538 2.64122 -0.79535 2.03117 -0.00409046 0.0257153 -0.307366 -0.579512 0.276486 0.161552 0.21952 
2.97548 -0.288798 2.80334 -0.317476 2.43395 0.347592 0.458654 0.0850652 -0.74887 0.260958 0.141099 0.151668 
