2.87937 -0.247339 2.35702 -1.16668 1.85542 -0.391144 -0.337846 -1.08359 -0.499887 0.608844 -0.0665425 0.185981 
2.76938 0.269668 2.56645 -1.99182 1.5799 -0.520712 0.00184248 0.804739 -0.488386 -0.359961 -0.0542259 0.133606 
3.02188 -0.175602 2.98273 -1.05274 1.56124 -0.126096 -0.293118 -0.793857 -0.606992 -0.0383392 0.0653997 0.229073 
2.65997 0.0936196 2.15627 -0.756617 1.55123 -0.87053 -0.314672 0.280103 -0.380537 -0.284825 0.116323 0.198321 
2.63168 -0.307148 2.09788 -0.495629 1.85675 -0.721011 0.0889655 -0.248599 0.245254 0.15413 -0.0341205 0.233492 
2.33016 -0.0979116 2.89145 -0.592565 1.05613 -0.76826 -0.0807643 -0.93354 -0.705802 0.432189 0.0813625 0.203506 
2.64424 -0.0880733 2.92304 -1.29027 1.38639 -0.607931 0.106384 -0.48386 -0.927038 0.0916858 -0.0491493 0.195482 
2.79816 -0.481636 2.49551 -1.01723 1.17286 -0.798425 0.571228 0.608475 -0.543555 0.0780876 -0.0957712 0.165638 
2.63195 -0.273367 3.05641 -1.09582 1.44084 -0.406678 -0.265872 0.143233 -1.06464 -0.128843 0.210008 0.167895 
2.64542 -0.0660357 2.30671 -0.781761 2.35769 -0.454555 -0.548662 0.0180802 -0.01878 0.296314 -0.00394374 0.124797 
2.6048 -0.216194 2.52163 -1.66131 1.10802 -0.413349 0.0801524 0.342949 0.114612 -0.0762304 -0.278211 0.195734 
2.81456 -0.203304 2.63787 -1.0388 1.30046 -0.738064 -0.209621 0.146448 -0.434971 -0.276037 -0.0413601 0.225545 
2.83482 0.390298 3.45789 0.0439523 2.25206 -0.369375 0.0605314 -0.401025 -0.28489 0.0381184 0.176326 0.176283 
3.50095 0.81575 3.56401 0.0838708 2.0699 -0.0558819 1.17275 0.608778 0.323783 0.241713 0.0251843 0.185273 
3.30898 0.806966 4.04984 0.667834 2.63458 0.165809 1.7186 -0.169748 -0.119392 0.539905 0.233785 0.278708 
3.53892 0.26995 4.14067 0.0689532 3.16058 0.489151 0.334086 0.860369 0.580587 0.415175 0.0379611 0.212742 
3.21749 0.391632 3.88142 0.79218 2.99845 -0.62789 0.158525 0.160451 -0.153275 0.800709 0.200689 0.143591 
5.21802 0.619248 0.627444 -2.01693 3.52366 2.51758 2.30225 1.4276 -0.301965 0.36116 -0.0786672 -0.025268 
5.57695 0.350829 -0.492057 -1.52054 3.53001 3.41435 1.97199 1.47531 -0.271397 -0.0597225 0.0992661 -0.00535536 
5.74271 0.217659 -2.22989 -2.42681 3.85368 3.44618 2.35055 1.68501 -0.301971 -0.0314216 0.0494437 0.0284672 
5.30344 1.04256 -2.19066 -1.72536 3.43763 3.82148 2.66401 1.02625 -0.703868 -0.29771 0.0841868 0.124265 
4.89487 1.42491 -1.17391 -1.37651 2.42542 3.4235 2.44105 1.27455 -0.114003 0.0557626 0.0826795 0.032575 
4.09326 1.07137 -0.936855 -1.66726 3.11007 3.67393 2.55739 0.98082 -0.172608 0.0747813 0.137535 0.0775404 
4.32762 0.615777 -0.0356399 -1.2392 2.52201 3.18557 2.80559 0.618734 -0.63925 0.0989243 -0.0149141 0.0139902 
4.20479 0.610768 0.920774 -1.46105 2.29887 2.69804 2.63823 1.49668 -0.568311 0.322389 0.0284431 -0.0427356 
3.86372 0.536797 1.14773 -0.511795 2.20964 2.02415 2.94545 0.15344 0.183569 0.188353 -0.0609328 0.137537 
3.71664 0.534262 2.05572 -0.806623 2.96433 1.51071 1.27533 1.30409 -0.101953 -0.0548978 0.187515 0.119614 
3.83416 0.650702 2.46794 -0.46919 1.82306 0.692642 2.13211 0.320194 -0.38377 0.20451 0.118534 0.201937 
3.66583 0.513572 2.79229 -0.161372 2.06108 0.602382 1.37897 -0.0729197 0.455195 0.296774 -0.100225 0.163699 
3.52029 0.876068 4.00703 -1.41319 1.14655 0.622804 1.22993 0.408526 -0.583877 -0.162194 0.0322278 0.106681 
3.50838 0.0891926 2.97691 -1.67363 1.21348 -0.102455 0.608166 1.5312 0.437339 0.853241 0.111804 -0.0254721 
3.67479 0.135085 1.67286 -1.56578 1.98939 0.359035 1.23914 1.22968 0.291099 0.396987 -0.206863 -0.0172218 
3.78374 0.29008 2.40811 -1.04452 2.07531 -0.699069 1.00701 0.732293 -0.27115 0.203939 -0.157852 0.1687 
4.60753 0.744158 0.815228 -2.77043 1.81269 1.59636 2.82992 0.833774 -1.02426 -0.0386965 -0.36927 -0.044702 
4.96855 1.80575 -0.0148895 -2.32198 1.89523 3.41055 3.40019 1.52042 -1.09518 -0.539175 -0.340859 -0.0489054 
4.66427 1.6965 -0.890615 -1.80909 1.30818 3.44096 3.06405 1.08594 -0.748353 -0.448451 -0.272745 -0.0376401 
4.74015 1.91853 -0.596569 -2.05345 1.3233 3.59312 3.43272 1.74015 -0.945889 -0.387794 -0.359272 -0.0521541 
4.86822 0.88174 -1.35842 -2.37021 2.21203 3.19396 3.83546 1.17928 -0.430934 -0.449321 -0.189274 0.061747 
4.43664 0.625368 -0.430197 -1.84278 2.53564 2.91023 3.48946 1.35019 -0.711725 -0.0153658 0.00279303 0.10284 
4.54592 1.15148 0.930996 -1.9259 2.44535 3.25111 3.27404 0.817905 -0.507343 0.107845 -0.143259 0.0656106 
4.55074 0.951719 1.19635 -1.61997 1.63977 2.63293 3.03283 1.79554 -0.653613 0.259603 -0.0821309 -0.103726 
4.36887 0.417458 1.77705 -1.511 2.68795 2.68542 1.9351 1.3503 -0.416797 0.0427492 -0.114039 -0.0881995 
4.03456 0.750836 2.07613 -1.10303 1.8598 1.01629 2.45765 1.32236 -0.263596 0.181387 -0.232884 -0.0237791 
4.01495 0.205915 2.74052 -1.13599 2.26796 0.14735 1.31677 2.14853 -0.100168 0.0650379 -0.207985 -0.00513422 
3.73048 0.557516 3.63444 -0.919127 1.75934 0.630297 1.4225 0.838111 -0.101639 0.021212 -0.167736 0.0882214 
3.40725 0.652403 3.46583 -0.386355 2.1809 0.202409 1.34173 0.450944 -0.500058 0.339732 0.0213456 0.111091 
3.49514 0.302296 3.55579 -0.422079 2.63686 -0.0340986 -0.265892 0.761365 0.157388 0.0949068 0.0813491 0.134067 
3.02315 0.541422 3.86385 -0.0880375 2.43423 -0.315158 -0.434124 -0.640483 -0.140599 0.744248 -0.0287309 0.0787776 
2.79055 0.673948 3.87925 -0.631496 1.72012 -0.534812 0.124165 -0.830804 -0.441078 -0.00893728 0.131636 0.223292 
2.82325 -0.302806 3.68164 -0.22505 1.94527 -0.811443 -0.567436 -0.698068 -0.814613 0.39022 0.152244 0.178492 
2.56025 0.226261 3.87815 -0.394524 2.11231 -1.12543 0.0924423 -0.250744 -0.593972 0.172723 0.0334964 0.223069 
3.10555 0.04506 2.9186 -0.482964 1.32673 -0.910813 0.725942 0.380987 -0.322505 0.113938 -0.0840736 0.135561 
3.04574 -0.177508 3.1619 0.166818 2.29093 -0.579167 0.208025 0.37144 -0.142337 0.0749153 -0.0223442 0.139052 
3.03311 0.149739 2.74302 -0.801216 1.83602 -1.08369 -0.480047 0.306959 -0.523189 0.121657 -0.117516 0.0950566 
2.72348 0.330539 3.14593 -0.662858 1.82466 -1.04274 -0.00559685 -0.868483 -0.527121 0.110537 -0.0129674 0.247264 
3.04908 -0.0471342 3.19868 0.450958 1.29906 -0.302943 -0.0129548 -0.498413 -0.0189448 0.395665 -0.122422 -0.0102569 
2.78337 0.192587 2.99906 -0.766497 1.80167 -0.288754 -0.75296 -1.21468 -0.318508 -0.0178563 -0.0162323 0.184166 
3.19237 0.00604218 3.18762 -0.320102 2.17931 -0.224848 0.867216 -0.228593 -1.06209 0.291039 0.0169004 0.0894999 
3.03089 0.127362 2.92005 -1.30327 1.95097 -0.0589048 0.017439 0.150774 -0.200531 -0.479008 -0.0971234 0.18863 
2.89332 0.183516 2.95911 -0.892439 1.9223 -0.808242 -0.739691 -0.0293262 -0.749974 -0.131733 0.306439 0.178511 
