2.93714 0.00275033 2.61377 -1.12604 1.1133 0.607612 0.842295 0.144679 0.258084 0.250094 -0.155231 0.146221 
2.78193 0.0338505 2.93756 -0.266772 1.98944 0.341484 0.811464 0.846241 0.0277436 0.312075 0.0970431 0.118279 
2.7546 0.289581 3.25617 -0.440624 1.74912 0.0203646 1.09944 0.405334 -0.190407 0.333668 0.0718463 0.162722 
2.76673 0.582136 3.11847 -0.417877 1.62435 -0.0488931 1.10836 0.240703 -0.972137 0.145738 0.20905 0.13298 
2.66039 0.251796 2.76816 -0.190582 1.63016 -0.288372 1.31392 0.472035 0.182867 0.265225 0.0820392 0.199547 
2.68924 0.247541 2.9545 0.25919 1.87451 -0.635564 0.529217 -0.758034 -0.295036 0.116989 0.0519886 0.237409 
2.74839 -0.245238 3.07043 0.0539281 2.19904 0.737934 0.351168 0.518624 -0.716981 0.491096 0.498824 0.0646332 
2.7999 0.209271 2.75238 0.0721906 2.03004 -0.173916 0.813551 -0.354048 0.0254915 0.238101 -0.0310761 0.207604 
2.71386 0.103139 2.77171 -0.674639 1.70222 0.433255 1.49823 0.441418 0.382382 0.62503 -0.0661863 0.147922 
2.67199 0.0511349 2.59318 -0.391875 2.71841 0.43895 1.45941 0.5758 0.0283404 0.1754 0.103319 0.240763 
2.77376 0.314994 2.88723 -0.324634 1.41618 0.251798 1.21997 -0.43838 -0.158046 -0.100662 0.166839 0.2658 
2.77863 0.22134 2.75871 -0.0947953 2.14344 0.0682745 1.09487 0.689134 0.440775 0.218957 0.00122656 0.18367 
2.71935 0.333138 2.92735 -0.876119 2.11485 0.16968 0.836026 0.806374 -0.114251 -0.0516588 0.113233 0.185774 
2.83054 0.223262 2.58199 0.0508065 1.39503 -0.0761628 1.32139 -0.459181 -0.0245784 0.341006 0.0293372 0.197362 
2.82706 0.241334 2.97374 -1.16728 2.26038 -0.299192 0.203491 0.324907 -0.333818 0.0882162 -0.00644256 0.208536 
2.8678 -0.299158 2.88466 -0.429951 1.67126 0.337978 0.489339 0.706733 0.313818 0.551607 0.0644836 0.0971794 
2.896 0.350917 2.16699 -0.56758 2.41159 -0.234597 1.63812 0.823251 -0.0405951 0.401185 0.00399335 0.194882 
2.76987 0.0898233 3.11746 -0.333196 1.20917 0.497056 1.07649 0.343127 0.0778855 0.234658 -0.126485 0.109026 
2.7062 0.279802 2.57389 -0.306353 2.44253 -0.0258366 0.484831 0.00459649 -0.290879 -0.24847 0.198517 0.253341 
2.73655 -0.102079 2.26672 -0.55422 2.44659 0.186999 1.04092 1.20473 -0.111091 0.0132622 0.278523 0.211655 
2.59186 0.178461 3.386 0.233153 1.68601 -0.470862 0.372105 0.170101 -0.194211 0.106658 0.222954 0.190329 
2.93843 -0.138525 3.0105 -0.0203634 1.49891 0.281804 1.00286 0.426613 -0.609253 0.319355 0.260278 0.120194 
2.7602 0.330416 3.1673 -0.413893 1.76697 -7.24003e-006 0.931497 -0.411271 0.00129352 0.586234 0.0137835 0.199101 
2.76921 0.415999 2.97837 -0.99637 1.24384 -0.0257024 0.932479 -0.392206 -0.506187 0.20937 -0.029229 0.197619 
2.91048 -0.222544 2.22318 -0.48431 2.07172 0.620432 1.14166 0.944241 0.372757 0.587291 0.146797 0.116931 
3.38335 0.746757 3.37532 0.598018 2.60526 0.5322 1.03034 0.239807 -0.339611 0.309727 0.18672 0.144873 
4.88096 0.714815 -1.55816 -1.42118 3.21167 3.14871 1.75379 1.53664 -0.0739275 0.0483513 0.0214257 -0.0463422 
5.28809 0.573668 -2.18647 -1.89942 2.96091 3.90619 2.08089 2.02723 0.104651 -0.0370791 0.0549381 -0.0229512 
5.88727 -0.0242647 -2.76228 -2.09845 3.75838 3.98966 1.87503 1.6445 0.0616251 0.0211342 0.0898012 -0.0251995 
5.46179 0.880568 -1.48267 -3.09703 2.68833 3.49828 2.70512 2.36508 0.012605 -0.275707 -0.0517325 -0.0295387 
4.98528 1.31257 -0.239422 -1.25919 2.6891 3.90237 2.99918 1.29068 -0.304186 -0.0853979 -0.021182 0.016942 
4.53073 1.20329 0.363961 -2.04229 3.1106 4.05517 2.9365 0.714102 0.178459 0.0794899 0.0113828 0.110267 
4.63407 0.193921 1.32602 -1.56531 2.69315 3.17192 2.84902 1.53515 0.203156 0.461322 -0.017361 0.0263891 
4.21169 0.470613 1.50393 -1.13506 2.71951 3.12166 2.67663 1.74765 -0.140036 0.476736 0.0967377 -0.00056588 
3.65628 0.662682 1.66828 -1.13204 3.05872 2.86138 2.38091 1.28489 0.448984 0.238003 0.0657284 0.150763 
3.50104 0.863905 2.44916 0.813978 3.45884 2.45784 1.88616 1.29131 -0.194282 0.355903 0.190652 0.0893723 
3.50243 1.13248 2.03984 0.225944 3.58208 2.1866 1.99688 0.607777 0.0117708 0.156883 0.185261 0.195097 
3.49916 0.574955 2.50663 -0.143958 3.33521 0.703003 1.54614 1.40987 0.123147 0.048356 0.0113042 0.193581 
3.34001 0.768385 3.13101 0.429708 2.25976 0.58586 1.18955 0.842004 -0.319783 0.292469 0.30604 0.134578 
3.01064 0.55209 3.12124 0.574194 3.50731 0.977973 1.42254 0.989174 0.414591 0.563017 0.109953 0.164404 
2.89051 0.358604 3.51356 1.07767 2.11386 0.0745898 1.27394 0.252729 0.427385 0.978993 0.276593 0.155629 
3.09585 0.328627 2.26555 -1.11611 1.3534 0.788363 2.07264 1.8526 0.919904 0.590666 0.0281801 0.0542936 
3.07827 0.220968 3.01414 -0.615188 0.695148 -0.0998457 1.30008 1.31305 0.31601 0.292738 -0.204227 0.0230776 
3.29893 0.619335 3.20641 -0.579644 1.52457 0.445331 1.55224 1.49228 0.215276 -0.258086 -0.14333 0.0866015 
4.57286 1.39738 2.73925 -0.41329 2.7089 1.41175 2.54064 1.7913 -0.0822964 -0.0893649 -0.484811 -0.13055 
5.05872 1.39907 1.25444 -1.949 2.18643 3.70902 3.45723 0.674291 -0.768184 -0.357312 -0.379451 -0.0237313 
5.65044 1.15547 0.673991 -1.62748 1.92036 3.28489 4.27136 1.65384 -1.2734 -0.454661 -0.258254 -0.0687737 
5.14908 1.45648 0.457631 -3.19159 2.12791 3.33837 4.18886 1.55587 -0.852163 -0.347025 -0.449044 -0.00336416 
4.84503 1.2346 0.474574 -3.24925 1.9441 3.66917 3.84295 1.78961 -1.11842 -0.349925 -0.315548 -0.0129272 
4.84533 1.56498 0.908347 -1.52879 1.93324 2.97248 4.12237 0.668121 -1.27087 -0.111436 -0.397191 -0.0305082 
4.1698 0.959417 2.18033 -0.74786 2.48027 2.68022 2.44362 0.853883 -0.872733 -0.123313 -0.166209 0.00476449 
4.01397 0.548248 2.46933 -0.382458 2.4895 1.6583 2.43956 1.11689 -0.24926 -0.0923106 -0.254751 0.0673945 
3.4022 0.827873 2.84657 -0.868512 1.83082 1.69394 2.47894 1.01631 -0.389343 -0.21896 0.0383975 0.159704 
3.17605 0.186207 2.7617 -1.02609 2.13837 1.45211 1.61163 1.0066 -0.273965 -0.192847 0.0901437 0.179424 
2.80944 0.138368 2.21715 -0.279758 2.86887 0.647539 1.18139 0.248886 0.00282097 0.381634 -0.101668 0.150334 
2.93365 -0.121048 2.93986 0.564906 2.68101 0.701479 0.476942 0.77766 0.0739315 0.277322 0.0166435 0.0688499 
3.00536 0.571971 2.5521 -0.263549 2.11632 0.539521 1.37594 0.297641 0.00654201 0.218615 0.0532921 0.165479 
2.64629 0.379181 3.21147 0.380364 2.4994 -0.0910946 1.05963 0.162508 -0.371639 0.182686 0.274762 0.201629 
2.87427 0.336926 3.63511 0.797343 2.18224 0.229494 0.0357109 -0.567322 -0.260426 0.170395 0.359234 0.172406 
3.05737 0.34667 3.49035 0.28153 1.43971 -0.278073 0.473539 0.42526 0.105428 0.148888 -0.0727396 0.11635 
