2.82025 -0.0969458 2.36419 -1.25217 2.0702 -0.652969 -0.353398 -0.185801 -0.756667 0.338721 -0.0205753 0.168648 
2.73196 -0.0243737 2.93975 -0.431998 1.60576 -0.544372 0.0703472 0.216054 -0.356758 -0.0249412 0.148782 0.169127 
2.58076 0.259841 2.55838 -1.17242 2.06269 -0.859215 -0.348694 -0.713463 -0.604559 0.187413 -0.0143819 0.22165 
2.94806 -0.298383 2.61514 -1.37891 1.88669 0.23375 0.196238 -0.0221005 -0.0971398 0.0975552 -0.0447052 0.194505 
2.69468 0.0961104 2.67536 -1.82692 2.11299 -0.473559 -0.288279 0.0996335 -0.494395 0.0262458 -0.12053 0.199143 
2.83221 -0.34318 2.86762 -1.39656 1.80481 -0.121184 -0.738472 -0.409109 -0.422417 0.503183 0.0598165 0.151721 
2.76972 0.0684767 2.582 -0.740471 1.44595 -0.987775 0.517529 -0.540353 -0.365352 0.0409667 -0.0559341 0.271546 
2.58472 -0.358511 2.24378 -1.27966 1.98546 -0.951428 0.316875 0.569023 -0.859646 -0.187648 0.0289347 0.281466 
2.63442 0.12955 3.02593 -0.372103 1.85913 -1.55415 -0.532287 -0.149943 -0.308122 0.00139711 -0.0799128 0.232065 
2.4541 0.141274 2.7943 -0.885659 1.65742 -0.377196 0.122119 -0.696658 -0.206336 -0.212785 -0.045611 0.265908 
2.92015 -0.501821 2.73111 -0.978763 2.1677 -0.274093 -0.274155 -0.540973 -0.988476 0.399584 0.0695572 0.179596 
2.67102 -0.248663 2.41262 -0.10758 1.13202 -0.817007 0.475221 -0.108381 -0.255267 0.11291 -0.169469 0.165496 
2.65981 -0.519539 2.98773 -1.23549 1.42671 -0.188376 -0.286823 -0.0530429 -0.977442 0.0649932 0.126664 0.170591 
2.53505 -0.015107 2.37686 -1.08493 1.03481 -0.399248 0.394948 -0.823884 -0.44331 0.143712 -0.173478 0.240478 
2.82881 -0.0916124 2.19331 -0.658861 1.8904 -0.639121 0.0483551 -0.0105983 0.00389978 0.0400051 0.163555 0.256024 
2.44858 -0.51886 3.12957 -0.3108 1.12266 -0.74337 -0.254552 -0.365144 -0.978732 0.0341717 0.200318 0.220388 
2.64792 -0.160004 2.787 -0.479761 1.53163 -1.06166 -0.907294 -0.0427017 -0.450653 0.158823 -0.0443122 0.127688 
2.90013 -0.330883 3.35031 -1.08534 1.11594 -0.416934 0.562168 0.00131041 -1.25844 0.180168 0.0576296 0.134053 
2.77068 -0.125602 2.50705 -0.728928 0.984737 -0.287147 0.24693 -0.319452 -0.527965 0.0299574 0.0589739 0.196846 
2.59199 -0.167222 2.25031 -0.98715 2.16819 -0.449689 0.24575 -0.157868 -0.54601 0.2852 0.077928 0.213066 
2.90853 -0.44567 3.29825 -0.95881 1.27432 0.0681923 -0.964767 -0.434565 -0.755846 0.468104 0.0892851 0.0257478 
2.95296 -0.205945 2.80801 -0.583135 1.14329 -0.446832 -0.0366137 -0.858539 -0.370149 0.107238 0.0869366 0.252071 
2.69019 -0.155044 2.59514 -0.867974 2.22426 -0.130431 -0.228949 0.233416 -0.516927 -0.0765873 0.0326543 0.14186 
2.90357 -0.231111 3.46051 -0.834399 1.06537 -0.903178 0.0639584 0.018032 -1.0203 -0.17053 0.0234773 0.193623 
2.6237 -0.394112 3.0909 -0.369126 1.38324 -0.689104 0.314524 -0.557109 -0.519105 0.373999 0.0591973 0.210701 
2.69503 0.286682 2.62815 -1.6689 1.92269 -0.446324 -0.227696 0.172233 -0.345077 -0.0568379 0.00468232 0.189401 
3.13249 0.00139153 3.6851 0.142177 1.50492 0.30444 -0.381365 -0.369781 -0.787566 0.178358 0.446608 0.0947496 
3.22574 0.72924 3.72407 0.339719 2.17331 0.596156 1.24021 -0.00562488 0.408232 0.547784 0.164036 0.192221 
3.45738 0.592642 3.04558 0.569982 2.78335 0.564909 1.52199 0.67757 0.425968 0.724258 0.203064 0.174634 
3.3434 0.891173 5.02423 0.722164 3.0661 0.151286 -0.0818573 0.266102 -0.23686 0.524837 0.373532 0.16529 
3.12145 0.939058 2.81073 0.771065 3.20163 -0.15283 1.04725 1.26704 0.674746 0.421823 0.225071 0.177076 
4.3886 1.05494 0.965645 -0.401866 2.45409 2.32621 2.89834 1.835 0.0490893 0.625174 -0.139386 -0.136419 
4.36144 1.43945 0.80908 -0.960111 2.20094 4.26454 2.8747 1.21655 -0.388507 0.416905 -0.131024 -0.0715493 
4.45817 1.76894 -0.025309 -0.741642 2.33218 4.32351 3.43512 0.917565 -0.308779 0.251766 -0.082226 0.0314108 
4.82188 1.27509 -0.99976 -1.37902 2.63648 3.98016 3.17598 1.29649 -0.598138 -0.152463 0.0263487 0.0773212 
5.44229 1.26837 -1.08351 -2.85298 3.4711 3.494 3.27051 1.552 -0.662043 -0.178291 -0.0276994 0.0894933 
4.80745 1.8164 0.162608 -1.35326 2.30318 3.63019 3.70007 1.94756 -0.759076 0.151464 -0.134613 -0.0111109 
4.21426 1.45815 0.0389751 -1.57179 2.0743 3.65089 2.92861 0.856244 -0.535219 0.133902 -0.1082 0.00731748 
3.97796 0.966991 0.244439 -1.50557 2.35139 2.2998 3.10159 0.56113 -0.402717 0.129857 -0.157769 0.0375684 
3.915 0.600702 1.82839 -1.02646 2.59064 2.48383 2.07062 0.480532 -0.295221 -0.0220427 -0.00153392 0.118432 
3.85459 0.225995 1.5326 -1.86329 2.14862 1.57364 2.74978 0.549388 -0.00537001 0.369731 -0.234027 0.116878 
3.88727 0.372453 2.22439 -0.960381 2.5123 1.58755 1.49799 1.65613 0.253036 0.137277 -0.0541904 -0.00888316 
3.86812 0.49941 3.4555 -0.85498 1.79732 0.39974 2.0236 0.970556 -0.0953238 -0.230493 -0.167699 0.233358 
3.37613 0.373502 2.85163 -0.803424 1.42609 -0.742395 1.70447 0.399567 -0.750141 -0.131273 -0.184501 0.164687 
3.41071 0.449545 3.77925 -1.1083 1.88512 -0.0441747 0.253121 1.15043 -0.202682 -0.15385 -0.0593445 0.0546004 
3.18973 0.110166 3.30993 -0.892804 1.16628 0.703813 1.02574 0.345311 -0.801114 0.113649 0.156746 0.043316 
3.50541 -0.751047 2.24314 -1.54445 1.59997 0.653556 1.21054 0.5705 -1.01689 -0.0545017 0.274043 0.208979 
4.08627 0.0647189 -0.0969049 -4.43259 0.0756026 0.492281 1.90799 1.21787 0.542166 0.507731 -0.304473 -0.0578514 
4.27805 0.310164 0.947824 -2.83236 0.838163 0.844917 1.07609 2.29803 0.285265 0.00985505 -0.03752 -0.162433 
4.20253 0.929483 -0.448419 -2.46934 1.02042 2.41 2.55843 1.36985 -0.397872 -0.281213 -0.12146 -0.0455967 
5.0284 1.92401 0.0889047 -2.23471 1.2502 3.0718 3.55051 1.94673 -0.835174 -0.222477 -0.342165 -0.110534 
5.39424 1.39081 -0.457333 -3.47272 2.50675 3.15287 3.30869 1.48425 -0.796262 -0.51194 -0.293189 -0.0123515 
5.26051 0.473122 -1.09727 -3.48351 2.1596 3.49736 3.34611 1.48843 -0.210635 -0.481769 -0.225614 0.0186708 
4.9262 0.549506 -0.297453 -3.98549 2.78834 3.6984 2.97446 0.791833 -0.646277 -0.6705 -0.325827 0.0839691 
4.85797 0.733457 0.578093 -2.29321 2.03356 3.14844 2.63492 1.00655 -0.542044 -0.430818 -0.250358 -0.0393037 
4.76523 0.843285 0.169427 -2.91036 1.77811 2.67822 3.3472 0.739257 -0.432887 -0.112635 -0.344174 0.00713354 
4.2807 0.431143 0.636523 -2.65876 2.47655 2.71607 2.17294 1.07458 -0.656152 -0.253627 -0.155135 -0.0272959 
4.07552 0.585291 1.33666 -2.09893 2.23816 1.5048 1.91159 0.831137 -0.507042 -0.198525 -0.213444 0.0457721 
3.72848 0.4342 2.03641 -2.67379 1.32037 1.09815 2.09528 1.59012 -0.478072 -0.290411 -0.244565 -0.00912859 
3.68133 0.342737 2.31802 -1.40518 1.85935 0.399991 1.61082 1.66541 -0.218825 -0.715235 -0.279914 0.0703614 
