3.10601 0.240961 2.92438 -0.68863 1.35814 -0.194029 0.532515 0.539309 -0.496749 -0.325771 -0.276095 0.0851006 
3.04034 -0.0509537 2.34494 -0.196833 1.3659 -0.271822 0.640455 -0.604897 -0.489837 0.081113 -0.00824516 0.215675 
2.91443 0.0402191 3.32961 -0.540139 1.53981 -0.309707 0.399285 -0.385338 -0.664332 0.0843132 0.159222 0.245408 
2.92526 -0.00544793 3.23767 -0.295009 1.32773 -0.347057 0.344545 0.733991 -0.412159 -0.0925689 0.0371636 0.125563 
2.64295 -0.0136005 3.24684 -0.920156 2.52045 -0.787422 -0.514842 -0.244298 -0.991778 0.1386 0.248725 0.251719 
2.92969 0.00889705 2.87799 -1.03161 1.38945 -0.447494 -0.612526 0.691521 -0.533636 0.086725 -0.0195515 0.0618644 
2.76453 0.0979141 3.00642 -0.869651 1.54935 -0.0532412 0.197594 0.0831577 -0.235337 -0.199964 -0.0109007 0.213769 
2.74379 0.156516 3.26896 -0.849249 1.33908 -0.167694 0.456684 0.162325 -0.53051 -0.307831 0.0973638 0.223656 
2.74811 -0.297904 2.92794 -0.867197 1.59227 -0.341482 0.434109 0.162422 -0.553275 0.135203 0.19415 0.251792 
3.00174 0.105879 2.54714 -1.24359 1.41618 -0.0715033 0.692295 0.747535 -0.318536 0.0531428 -0.0973049 0.120195 
3.09938 0.298367 3.15508 -0.57525 2.1363 -0.364986 0.0368969 0.235821 -1.03616 0.136298 0.26461 0.151899 
3.08193 0.258646 2.64789 -0.462586 1.82426 -0.042682 0.399129 0.598775 0.0029922 -0.0690717 0.146576 0.188153 
3.26488 0.499092 3.74969 -0.703902 2.24767 -0.00506888 0.200987 -0.245592 -0.200241 0.0798294 -0.0271273 0.239427 
4.50224 0.459359 1.27262 -2.23645 2.49865 2.83032 2.26021 1.29473 -0.193316 -0.0378869 -0.157315 -0.0275531 
5.32945 0.927006 -1.02311 -1.99033 2.82423 2.67321 2.71477 1.81009 -0.0826818 0.00405576 -0.0928892 -0.0316095 
5.76516 0.410088 -2.32627 -1.45394 3.74877 3.23386 2.08882 1.21895 -0.106459 0.0550893 0.0367607 0.0273029 
5.96412 0.172251 -2.77872 -1.92193 4.41315 3.30805 2.11255 1.15409 -0.147744 0.255648 0.0414734 0.0146604 
5.63429 0.428701 -2.29824 -1.94445 3.69487 3.2016 2.92132 0.751921 -0.0875565 0.149186 0.0495458 0.0894723 
5.00129 0.0135681 -1.82716 -2.80022 3.22456 4.06568 2.39845 1.31245 0.434174 -0.0488946 0.0978785 0.0357758 
4.9034 -0.147112 -0.482745 -2.77363 3.20245 3.46324 2.51519 1.02284 -0.258386 0.117064 0.0384211 0.0501805 
4.50459 0.396849 0.538181 -1.89737 3.55491 2.57818 2.36518 0.419539 -0.156525 0.543222 -0.0775896 0.0659766 
3.95219 0.333112 0.889886 -2.14944 3.42686 2.44752 2.12107 1.5026 0.392558 0.520535 -0.0541237 0.0171046 
3.94944 0.658484 1.45424 -1.8509 2.78163 2.04439 2.21994 0.689251 0.529703 0.34156 -0.132047 0.143972 
3.82489 0.684792 2.17429 -1.32689 2.64596 0.848019 1.60087 1.49674 -0.141716 0.158145 -0.00660531 0.106993 
3.34797 0.0493248 2.43604 -0.772282 2.67186 1.19047 1.97208 1.1393 0.467681 0.521166 0.0302111 0.176815 
3.59255 0.429214 2.80419 -0.81962 2.58056 0.0589635 0.484182 -0.0220736 -0.0660421 0.0956168 0.0374161 0.288466 
3.40351 0.271465 2.46395 -0.968735 1.35743 -0.384968 0.6484 0.781613 -0.304516 0.0332228 -0.0504176 0.117492 
3.21625 0.342539 2.66233 -0.791467 1.20868 -1.04106 0.409754 0.692649 -0.0551394 0.172317 -0.218821 0.112031 
3.25747 0.430825 3.13125 -0.0606794 1.40581 -0.0467111 0.724384 0.153783 0.0164187 0.458465 -0.0435676 0.0853922 
3.13176 0.138186 2.85011 -0.246238 2.21959 0.415041 -0.0735075 0.349043 0.409991 0.65004 0.0802445 0.0655253 
2.901 0.173425 2.67186 -0.770005 1.71786 -0.784571 -0.306838 -0.00743907 0.0266915 -0.0307807 0.0290954 0.252336 
4.46642 0.903234 1.51419 -1.50464 1.62313 1.19081 2.43183 1.14756 0.182796 0.345758 -0.377502 -0.132324 
5.04733 1.58956 0.877644 -2.78682 1.23058 3.18862 3.27874 1.69998 -0.629742 -0.231581 -0.352895 -0.144208 
5.09203 1.20975 0.00591985 -1.63549 1.14754 2.76832 3.28361 1.95076 -1.08779 -0.321109 -0.187586 -0.116169 
5.1773 1.52213 0.150889 -1.95695 1.14827 3.17799 3.49879 1.62361 -1.17023 -0.480498 -0.346453 -0.138767 
5.38294 1.22357 -0.043737 -2.64001 1.96973 2.71059 3.34642 1.44788 -1.15192 -0.447832 -0.333813 -0.106584 
5.3521 0.929272 0.393247 -3.38804 1.94513 3.45842 2.86774 1.56348 -0.968745 -0.635111 -0.247399 -0.0903219 
4.97615 0.721074 0.404055 -3.51278 2.23858 3.18696 2.91688 1.08982 -0.896606 -0.267127 -0.279482 -0.0406432 
4.68959 0.694486 0.441706 -2.76338 2.26609 2.59413 2.58606 1.12628 -0.505606 0.0270399 -0.208909 -0.0679467 
4.28244 0.614155 1.59534 -1.8462 2.24935 1.92173 2.12479 0.525041 -0.0692968 -0.0504175 -0.379807 0.0106661 
4.07775 0.727578 1.83692 -1.05471 1.887 2.20182 2.24952 0.493034 -0.565109 0.0474927 -0.133695 0.0106373 
3.91515 0.629141 2.5066 -0.766404 2.54348 0.818594 1.65392 0.867873 -0.137922 -0.0872896 -0.177395 0.121259 
3.95265 0.736505 2.43979 -0.243959 2.80436 1.17327 0.862595 0.814273 0.0293864 -0.177951 -0.0693327 0.0497928 
3.67939 0.491824 3.09278 -0.0579565 0.730068 0.561311 2.07356 1.13633 -0.0245688 0.354717 -0.150778 -0.0655111 
3.14468 0.28344 3.51442 0.748569 2.31425 -0.447564 0.495473 -0.240546 -0.114547 -0.0614921 0.0703965 0.241088 
3.25195 0.0251188 3.63957 0.608385 2.20405 0.0133953 -0.811891 0.297363 0.308304 0.061227 0.0142275 0.0857674 
3.14746 -0.122295 3.52283 -0.613363 1.58642 -0.273743 0.774871 -0.817179 -1.0431 0.425271 0.0943198 0.261258 
2.79202 -0.00178567 3.66624 -0.0899044 2.19506 -0.318113 0.396297 -0.720693 -0.241544 0.619855 0.0789913 0.234257 
2.84713 0.249815 3.74483 -0.0891778 2.40522 -0.00888142 0.0271234 -0.439518 -0.217545 0.343557 0.232445 0.213639 
2.99422 0.457319 3.21605 -0.502297 1.87101 -0.812266 -0.338879 -0.0793836 -0.0264434 -0.0158455 0.0318547 0.230123 
2.80394 0.21872 3.89321 0.679384 2.79863 0.0288629 -0.306014 0.104147 0.196267 0.351376 0.0408 0.0990229 
2.87354 -0.0230493 3.53045 -0.68359 1.26317 -0.701646 0.174805 0.344343 -1.1165 0.0804864 0.191066 0.144349 
2.8204 0.185396 3.49142 -0.738579 2.07829 -0.553309 -0.304106 -0.511643 -0.627074 0.159041 0.114726 0.238699 
3.01088 0.442191 2.82219 -0.700208 2.15914 0.00471713 -0.0727495 0.107873 -0.21206 -0.11066 0.179686 0.199617 
2.54473 0.0632495 3.19387 0.340265 1.50094 -0.595438 -0.16435 -0.585597 -0.474719 -0.000650235 0.267938 0.209699 
2.97561 -0.157202 3.64683 -0.293233 1.86813 0.406736 0.660244 0.471781 -0.446214 0.497326 0.217302 0.0998595 
2.90768 0.0463166 2.37167 -0.585765 2.28651 -0.303911 0.00542294 -0.656906 -0.185467 0.262776 0.125648 0.26772 
2.91963 0.129668 2.44399 -0.179851 1.51604 -0.71064 0.653208 -0.860159 -0.241194 -0.104939 0.137422 0.342672 
3.12671 -0.218035 2.1097 -0.53856 2.12085 0.152812 -0.289331 -0.183263 0.178448 -0.0610899 -0.115951 0.189143 
2.61347 -0.146904 2.49321 -0.575588 1.68688 -0.949154 0.0815335 -0.0740327 -0.848385 0.155046 0.0438728 0.230922 
