2.69398 0.117877 2.6548 -0.964886 2.20565 -0.523836 0.013292 -0.0388246 -0.499924 0.251926 0.0963725 0.214438 
2.85317 -0.166217 2.61175 -1.45046 2.5887 -0.339499 0.0146184 -0.0736966 -0.667802 0.143444 0.139934 0.311672 
2.57698 -0.331275 3.08978 -0.154635 1.26477 -0.644907 -0.524254 -0.248861 -0.337373 -0.24109 0.0202921 0.253063 
2.95871 -0.0025443 2.60341 -0.863992 1.65277 -0.530359 -0.108723 0.173424 -0.344095 0.237124 -0.149116 0.124396 
2.93514 -0.121921 2.68154 -0.350104 1.96058 -0.327277 0.274871 -1.00431 0.0940108 0.152674 -0.124131 0.304104 
2.61061 -0.304196 2.89647 -0.867522 1.55308 -0.748868 -0.166722 0.20172 -0.423239 -0.225702 -0.109145 0.265915 
2.71359 0.451798 3.18474 -0.852947 1.85603 -0.673083 0.0620051 -0.103047 -0.413538 0.0500696 0.0336219 0.211926 
2.65897 0.0225867 3.23024 -0.00640054 1.10522 -0.287612 -0.526631 -0.661214 -0.0187575 -0.0431893 0.113375 0.221815 
2.79024 -0.080314 2.77301 -1.05436 1.5215 -0.533473 0.595722 -0.157398 -0.85483 0.106326 0.0295935 0.251033 
3.28899 0.863336 3.87898 0.567308 2.7129 -0.477968 0.31523 0.110157 -0.0271042 -0.0593091 0.0213994 0.185635 
3.95102 1.43941 3.74209 0.787899 2.0303 0.0941368 2.06427 0.211926 -0.0631638 0.530718 -0.254498 -0.00191363 
3.85123 2.15581 3.2174 0.892187 1.25014 1.10511 1.6398 1.96438 0.799143 0.760211 -0.108728 -0.124848 
3.99757 2.48889 1.74445 0.308369 1.03692 1.25726 1.8006 1.68564 0.876333 0.374025 -0.192363 -0.135025 
4.34417 2.28886 0.896226 -0.701411 0.581905 1.56389 2.01359 1.48723 0.401556 0.381403 -0.103053 -0.0844562 
4.22134 1.45906 1.22039 -1.62323 0.335648 1.28299 2.9332 1.72742 0.185192 0.244646 -0.0312353 -0.0156706 
4.33378 1.50317 2.2906 -1.61226 1.78185 0.723925 1.73846 1.51329 0.368214 0.339295 0.0281593 0.0858938 
4.45166 1.36596 2.91882 -0.787765 2.2447 1.66316 1.3092 1.87319 0.235529 0.321984 0.0570294 -0.0707927 
4.15945 1.28155 3.13093 -0.062928 3.54871 0.794305 0.61836 0.920911 0.367391 0.142283 -0.100691 0.0669599 
4.10239 1.2305 3.91451 0.305075 2.07943 0.44828 1.23411 0.199674 -0.792337 0.134095 -0.00468915 0.0565838 
3.49937 0.947853 4.07902 0.465904 1.9819 0.471334 0.766423 -0.130428 -0.0216894 0.367408 0.223944 0.181282 
3.47736 0.625108 3.43789 0.0822953 3.25529 0.239655 0.372244 0.927064 -0.107669 0.253774 0.07646 0.093401 
3.44136 0.463803 3.52374 -0.148184 1.46308 -0.272079 0.267201 -0.158839 -0.348377 0.493904 0.0704254 0.103316 
3.72731 1.30936 4.28534 0.103663 1.91446 -0.259629 0.415856 0.0330073 -0.501174 0.0201972 -0.0462638 0.0660734 
4.59142 2.763 4.33481 0.476872 1.62728 -0.707299 -0.724363 0.179588 -0.16488 0.576162 0.0281595 -0.037986 
4.42451 3.21228 3.16758 0.946678 0.412823 0.333479 -0.0281522 -0.0922544 -0.050025 0.457859 0.029862 -0.00452223 
4.3737 3.08908 2.72341 0.480456 0.441725 0.460217 0.128676 -0.248886 -0.0422284 0.511536 0.00557142 -0.0134461 
4.8594 2.14183 2.17817 -0.604381 1.33982 0.246597 0.874089 -0.0606872 0.0796983 0.808087 0.136016 0.0399934 
4.70854 1.90456 4.46501 0.539882 1.66736 0.0423689 -0.357136 0.733876 0.536791 0.527332 0.0611052 -0.0217423 
4.45696 2.32462 5.11255 1.05098 1.71802 0.532048 0.595538 0.504485 0.4409 0.348649 -0.108877 -0.0253929 
4.22829 1.94169 4.74163 0.639266 1.11909 -0.779916 -0.010435 0.847517 -0.176089 0.792493 0.0300399 -0.102703 
4.18715 1.49796 4.0168 0.880968 2.13884 0.13412 -0.316255 -0.0260285 0.554408 0.713994 -0.193573 -0.0841603 
3.96204 1.62124 3.55696 -0.0360162 2.04037 -0.18496 0.901123 0.463236 -0.534995 0.209763 0.0228155 0.0570718 
3.67387 1.10765 3.58126 0.473598 2.10271 -0.81275 0.41816 0.615933 0.822958 0.630761 0.0618159 0.178034 
3.79626 0.749569 3.90741 0.0960747 1.78087 -0.00424955 0.794236 0.704743 0.168678 0.526863 0.0817363 0.102588 
3.55353 1.18057 3.80021 -0.366496 2.51542 0.0881421 0.882893 0.9834 -0.487899 0.100502 0.239702 0.147361 
3.38022 0.204688 4.06142 0.200775 2.58541 -0.426426 0.474716 0.919044 -0.210738 0.487367 0.151419 0.1664 
3.22117 0.708742 2.89297 -0.0895806 2.40143 0.616884 0.620483 -0.164176 0.149138 0.296417 0.269541 0.194122 
3.29019 0.248183 3.38649 -0.888501 2.00647 -0.474798 -0.316931 0.280565 -0.739136 0.129699 0.124187 0.14222 
3.3058 0.0518719 3.47844 -0.946222 1.42269 -0.0695959 0.15529 -0.22048 -0.41306 0.0269708 0.0352946 0.234404 
3.13188 0.201087 3.56856 -0.898257 1.26561 -0.229014 0.146659 0.0545505 -0.45189 -0.0251306 0.179406 0.219601 
3.21891 -0.118949 2.4044 -0.794705 1.36818 -0.16765 0.191506 -0.0522848 -0.418072 -0.364921 -0.0699404 0.234987 
2.89354 0.0278537 3.11435 -1.04992 1.63796 -0.38494 0.109727 -0.358254 -0.542779 0.15356 0.198502 0.279866 
3.18594 -0.000528319 3.44405 -0.732138 2.16431 -0.454371 -0.380897 -0.195582 -0.701935 0.270871 0.033911 0.169626 
2.80497 0.246948 3.21548 -0.849721 1.62887 0.185177 0.0517762 -0.0281317 -0.414306 0.120891 0.0171521 0.124188 
2.75553 0.352176 2.74414 -0.689485 2.20057 -0.731669 -0.0250641 -0.0727156 -1.03985 -0.174771 0.30631 0.245547 
2.85901 0.103933 3.08486 -0.497061 1.90814 -0.650072 -0.0259574 -0.479188 -0.271994 -0.0123843 0.0180387 0.276396 
2.6549 -0.321744 3.04269 -0.874062 2.06633 -0.348583 -0.107959 -0.420418 -0.245847 0.0953587 -0.184682 0.271182 
2.86977 -0.300406 2.59457 -0.391274 1.78531 -0.786602 -0.159227 -0.153194 -0.197743 -0.13618 -0.127823 0.26406 
2.59196 -0.222158 3.01254 0.494821 2.0374 -0.47804 0.13275 -0.874205 -0.609342 0.398035 0.135562 0.170279 
2.83272 -0.241422 2.68407 -0.781123 2.03755 -0.223306 0.264661 -0.0355739 -0.76193 0.381315 -0.0123123 0.150936 
3.24166 0.118278 3.19958 -0.92382 0.506553 -0.219024 0.108585 -0.265809 0.00127121 -0.154751 -0.207349 0.188674 
3.17604 0.172222 3.80883 -0.292557 2.73403 0.0889863 0.263945 0.688543 -0.176332 0.0120558 0.145775 0.207883 
2.74682 -0.153182 2.69656 -0.455542 1.95944 0.0475284 0.298037 0.218752 -0.504946 -0.0207985 0.225559 0.196398 
2.97961 -0.191387 3.20408 -0.637305 1.42065 -0.344558 -0.233469 -0.188522 -0.666538 -0.0444303 0.0672087 0.194383 
2.81526 -0.204486 2.46508 -0.720231 1.79698 -0.176349 0.24356 -0.23689 -0.450212 0.0878963 -0.100525 0.204671 
2.67041 0.449667 2.73671 -1.573 2.30728 -0.29535 0.0094567 0.222297 -0.41505 -0.204397 0.00536047 0.221464 
2.48383 0.0277267 2.29619 -0.884008 1.93566 -0.165197 -0.162697 -0.649444 -0.59826 -0.162218 0.05785 0.274551 
2.87616 0.160125 3.19841 -1.38974 1.87937 -0.116378 -0.260258 -0.185647 -0.49179 -0.106655 0.109394 0.248976 
2.74647 -0.132884 3.40415 -0.429302 1.51199 -0.390978 -0.628762 -0.0516685 -0.359116 -0.131968 0.143478 0.19981 
2.63237 -0.0225236 2.39073 -0.967801 1.39983 -0.367741 0.378672 -0.197339 -0.360695 0.113731 -0.207272 0.205767 
