2.73274 -0.0853061 2.37915 -1.21138 1.83975 0.32709 0.468865 -0.623932 -0.130142 0.20796 -0.0867831 0.218163 
3.13924 -0.200484 2.59227 -0.642051 1.72198 -0.327601 0.391046 -0.568682 -1.07665 -0.00613209 0.0170866 0.211679 
2.76125 0.212646 2.738 -1.51774 1.68889 -0.310257 -0.194861 0.520281 -0.0437925 0.156664 0.0185648 0.127495 
2.77734 -0.58044 2.9702 -0.434505 1.33723 -0.933848 -0.574472 0.627433 -0.769008 -0.0294635 0.150339 0.136696 
2.57898 -0.0361728 3.21454 -0.706744 2.24326 -0.485359 -0.1389 0.283782 -0.651805 -0.0444682 0.112093 0.154408 
2.83246 -0.215373 2.96475 -0.709749 1.59747 -0.549534 -0.682929 0.149592 -0.589651 -0.039373 0.0874121 0.142241 
3.03258 -0.265392 2.88164 -1.00518 1.52561 -0.240126 -0.109047 -0.118119 -0.686857 0.0168498 -0.066367 0.154259 
2.51763 -0.213768 3.09857 -0.292607 1.5034 -0.61878 0.395883 -0.180543 -0.702393 -0.203125 0.0567053 0.235619 
2.88051 -0.231313 2.60071 -0.477787 0.967854 -0.172807 0.24174 -0.715363 -0.799068 -0.23293 0.0334618 0.226577 
2.67561 -0.139337 2.25695 -0.312507 2.07397 -0.478206 0.0469893 -0.514864 -0.213009 -0.0999067 0.0887456 0.262183 
2.94803 -0.236728 2.91679 -1.68268 1.65789 -0.309341 -0.429401 0.291651 -0.0941093 -0.156577 -0.104715 0.228737 
3.72492 0.7521 3.2455 -0.597134 2.32089 -0.596105 0.399798 0.93741 -0.345121 0.1484 -0.13086 0.0503898 
3.70122 1.56717 3.39108 0.259356 2.51356 1.31288 1.90131 1.51538 0.253531 0.230723 -0.0821615 -0.00569164 
4.39239 1.4732 2.36748 -0.357611 3.36058 2.70015 2.05079 0.952494 -0.359698 -0.538267 -0.107913 0.0910121 
5.09766 1.36436 1.54701 -1.36048 2.01332 2.77121 3.60014 1.35438 -1.07889 -0.0210092 -0.11787 0.00524121 
5.00352 1.31259 1.46285 -1.49665 1.99767 2.61503 2.94133 1.21733 -0.633525 -0.14593 -0.090403 0.054285 
4.50092 0.800243 1.90762 -1.12469 1.67593 2.84443 2.60131 1.47247 -0.293401 -0.0642494 -0.0255701 0.000549205 
4.15152 0.688146 2.09309 -0.668145 1.86506 1.64834 2.43691 1.29086 0.187676 -0.138693 0.0735842 0.19906 
4.22695 0.803615 3.11136 -0.716819 3.28079 1.81536 1.72558 1.77296 -0.424442 -0.152604 -0.0274066 0.0670046 
3.75388 0.976238 3.23492 -0.0584539 2.96307 1.26138 1.69169 0.616768 0.248271 -0.511398 -0.0275072 0.270213 
3.5915 0.677827 3.49594 0.0614077 2.16108 1.35236 2.13654 0.235897 0.118052 -0.113944 -0.0179123 0.239582 
3.42844 0.238121 3.44337 -0.139859 2.66325 1.56537 1.8693 1.05828 0.0555924 0.159873 -0.0236694 0.134942 
3.7181 0.55413 4.00831 -0.553922 2.33001 0.859682 1.06571 0.498932 -0.590845 0.206766 0.192644 0.180019 
3.52503 0.769135 3.85683 -0.573412 1.80211 0.0745284 0.918918 0.480543 0.0832862 -0.106387 -0.144444 0.143652 
4.40507 2.61928 3.36203 0.347944 1.25573 -0.306408 -0.326095 -0.139513 -1.17683 0.106661 0.0552635 -0.0162738 
4.58532 3.23523 2.89127 1.10392 1.33929 1.06141 0.375079 0.0426632 -0.47002 0.0399814 -0.0779633 -0.0492167 
4.70678 3.08172 2.48302 0.377402 1.62992 1.65772 1.04953 0.276239 -0.747511 -0.206413 -0.110456 -0.0255224 
4.84499 1.89362 3.40103 -0.974902 1.9468 0.0846755 0.748712 0.31649 -0.279045 0.179321 -0.172693 0.0432376 
4.62687 1.86062 3.09067 0.0451641 1.77886 0.275835 0.979777 0.498946 0.0400072 0.004324 0.002753 0.100093 
4.71605 2.50132 3.83154 0.437567 2.17209 0.414875 0.275953 0.223268 0.0327638 0.708559 0.0810136 0.00534729 
4.33892 1.9284 4.32572 0.627474 1.36637 -0.702835 0.366684 0.249195 0.586257 0.650033 -0.103949 0.0429749 
4.13653 1.81311 4.56606 0.394487 1.86265 -0.292451 -0.419055 0.752717 0.371066 0.05353 -0.0803214 -0.0143296 
4.03046 1.56087 4.41116 0.59154 2.10334 -0.0212795 0.0886874 0.174822 -0.181709 0.376967 -0.0722076 -0.0217388 
3.76814 1.01848 4.2376 -0.768212 1.93783 -0.457966 -0.575368 0.680953 0.180314 0.443182 0.095446 0.0600504 
3.71748 1.13891 4.05573 0.263043 1.83319 -0.211108 0.655799 0.131316 -0.378901 0.739761 -0.00583154 0.00132713 
3.63838 0.833448 3.93115 -0.769175 1.61001 -0.497387 0.182397 0.966582 -0.0298809 1.17724 0.275168 0.0326055 
3.7517 0.465395 4.05895 -0.287209 2.05494 -0.24963 0.0863793 1.09499 0.104595 0.825364 0.171854 0.049272 
3.15561 0.744824 3.48381 -0.0661772 2.39775 -1.18849 -0.219722 0.369147 0.000740327 -0.0917419 -0.00324341 0.199718 
3.37712 0.340249 3.14165 -0.267436 2.06539 -0.22132 0.22827 -0.252363 0.0520188 0.285683 -0.00521902 0.180963 
3.20171 0.589203 3.61794 0.494387 1.81078 -1.01049 0.0484721 -0.524154 -0.128025 0.134287 -0.113912 0.142987 
3.07631 0.645642 3.88143 -0.388841 2.54419 -0.201535 0.0339579 -0.234968 -0.17198 0.187186 -0.0227682 0.146942 
3.21867 0.0101358 3.5255 0.126626 1.83628 -0.427439 0.552002 0.371288 -0.79878 -0.0830859 0.119015 0.143764 
3.28698 0.471681 3.00987 -1.23306 2.16156 -0.519141 -0.493432 -0.20234 -0.880376 0.235816 0.0143816 0.112165 
3.03061 -0.524606 2.9219 -0.341809 2.09338 0.365936 0.293343 -0.808254 -0.36288 0.488892 -0.0757594 0.149408 
2.93854 -0.214317 2.66446 -0.443048 1.57558 0.55156 0.0797231 -0.273875 -0.271425 -0.282279 0.142063 0.191524 
3.14351 -0.47457 2.59818 -0.0146243 1.73096 -0.379609 -0.317552 -1.02134 -0.174546 0.484574 -0.181968 0.0994569 
2.76343 -0.448118 2.88536 -0.683244 1.44236 0.30011 0.552634 0.782459 -0.689537 0.0449391 0.205181 0.0705235 
2.83294 0.096158 3.42402 -0.121809 1.77958 0.0447811 0.452687 -0.557768 -0.352475 0.1678 0.0854685 0.146904 
2.85562 0.0691523 2.97683 -0.459464 1.16548 -0.419757 0.0878012 -0.439512 -1.07037 0.237725 0.209861 0.119694 
2.77798 -0.485107 2.31182 -0.108096 1.84769 -0.2611 0.465937 -0.070187 -0.650082 0.589097 -0.0455293 0.06987 
2.84214 -0.116336 3.8814 -0.259455 1.7898 -0.49376 -0.0530003 -0.265111 -0.586864 0.0284597 0.0338357 0.168698 
2.90349 -0.140266 3.18524 -0.394286 1.9633 -0.160437 -0.758931 -0.460639 -0.521429 0.568937 0.113212 0.054236 
2.70666 0.0605386 2.87153 -1.28814 1.75781 -0.106402 -0.268727 0.290765 -0.529988 0.309782 0.0311351 0.0860183 
2.83434 -0.395796 2.90158 0.0757425 1.57693 -0.182108 0.201972 -0.0812252 -0.504566 0.275773 0.220172 0.132132 
2.59036 -0.0902236 3.03593 -0.634775 1.56785 -0.684678 -0.0921928 -0.570016 -1.10985 -0.0877837 0.215204 0.216797 
2.52648 -0.126788 2.24722 -0.920927 1.87536 -0.314286 0.448251 -0.0264769 -0.228803 0.685874 0.0212666 0.142797 
2.8872 -0.120715 2.48874 -1.08653 1.18579 -0.622248 0.0144332 0.0586263 -0.176951 0.421921 -0.0607977 0.145073 
2.72947 -0.111267 2.3508 -1.10731 0.822562 -0.0239826 0.0250002 -0.224595 -0.824676 0.0501213 -0.0681112 0.13482 
2.47643 -0.0704542 2.78966 -0.317183 1.34189 -0.225987 1.07377 -0.994168 -0.357516 0.0341657 -0.113995 0.250924 
3.09917 -0.565167 2.11375 -0.185575 1.44261 -0.642406 0.627256 -0.327342 -0.399251 0.412676 0.06421 0.196329 
