2.72835 0.0259411 2.20617 -1.36417 1.69965 -0.958711 -0.00318584 -0.219762 -0.586764 -0.309985 -0.23729 0.248643 
2.60282 -0.0548783 2.64342 -1.3666 1.06606 -0.929334 0.248209 -0.845205 -0.609316 -0.110393 -0.143417 0.267191 
2.86033 -0.307521 1.59404 -1.60971 2.58753 -0.343911 -0.802452 0.0194653 -0.337545 0.237628 -0.220284 0.0750313 
2.84226 -0.423797 2.83128 -0.952066 1.63053 -1.04356 -0.660911 -0.566515 -0.876312 -0.129938 -0.0361113 0.228611 
3.08962 -0.856921 2.39247 -0.995496 1.8931 -0.129034 -0.817491 -0.147969 -0.468728 0.268472 -0.028991 0.0502837 
2.53787 -0.140537 2.56256 -0.693358 1.21745 -0.586072 0.163913 -0.0645662 -0.327605 -0.359794 -0.214063 0.16364 
2.64737 0.00293909 2.12284 -1.05202 1.23653 -0.847045 0.328081 -0.233012 -1.16401 0.060572 0.116271 0.19605 
2.94302 -0.433438 3.7241 -1.33744 0.879832 -0.393574 -0.646103 -0.519873 -0.564271 0.0163951 -0.0702278 0.173405 
2.76489 0.184775 2.64163 -0.378038 1.96421 -0.86334 -0.561305 -0.785338 -0.68763 -0.444741 -0.0129854 0.171506 
2.50309 -0.24667 2.70322 -0.282933 1.20192 -0.579818 0.151155 0.183581 0.360998 -0.285981 -0.320578 0.147901 
2.7092 -0.446553 2.49834 -1.16889 1.53931 -0.574277 -0.785448 -0.668636 -0.323843 0.189696 -0.0992074 0.208033 
2.68061 -0.433574 2.84709 -0.601185 1.39671 -0.756673 -0.688611 -0.871489 -0.911551 -0.0944 0.0530218 0.169149 
2.76344 -0.0283169 1.96576 -1.29944 1.17664 -0.769291 -0.0736684 -0.277914 -0.833322 0.10727 -0.128753 0.136253 
2.77078 -0.323242 3.08408 -1.17997 1.7477 -0.0969213 -1.38089 0.0409729 -0.356715 -0.163085 0.172566 0.082558 
2.82289 -0.342793 2.28464 -1.00131 1.73899 -1.37763 -0.674604 -0.456513 -0.168281 -0.198245 -0.25097 0.285927 
2.94366 0.297188 2.61921 -0.777186 2.49512 0.147911 0.289986 -0.451907 -0.144591 -0.1433 -0.00217799 0.216683 
3.78806 0.791467 2.82381 -1.12847 2.5233 -0.0956162 0.766684 1.29566 0.584139 0.266127 -0.110572 0.0996715 
4.65905 1.65823 2.57812 -1.95162 1.62574 1.57675 1.6722 1.03037 -0.299652 -0.0580417 -0.0698732 0.0432653 
5.26689 2.2808 2.25859 -1.55726 1.05294 1.94775 2.54416 1.04914 -0.713449 0.191886 -0.0805797 -0.0157957 
5.00086 2.61739 1.79711 -1.43337 0.661449 2.18065 2.31433 1.18724 -0.669059 0.110047 -0.109077 -0.00921375 
4.89482 2.71949 1.66708 -1.10437 0.956688 1.47858 1.95555 1.1457 -0.574889 0.335569 0.00291787 0.0248873 
4.58042 1.9369 2.95069 -0.403077 1.77639 1.25798 1.7107 0.89886 -0.39574 0.245518 0.0274131 0.0173457 
4.14641 1.70595 2.97094 -0.0245097 1.91905 0.28202 1.0808 1.45298 0.839971 0.426958 0.0359488 0.0369134 
4.12622 2.14108 3.02915 -0.354752 0.792905 1.19619 1.70854 0.721923 -0.175688 0.316176 0.107812 0.0516798 
3.85731 1.26793 3.27174 1.26053 2.21727 0.518532 1.48763 0.96885 0.588012 0.203773 -0.12408 0.023448 
3.74728 1.2599 3.81809 0.994372 3.0105 0.0864995 1.66602 -0.101948 -0.866608 0.154854 -0.0218976 0.128246 
3.38062 0.716359 3.94161 -0.465062 3.2413 0.725807 0.600213 1.06091 0.13884 0.109828 0.008833 0.118308 
3.63123 0.974075 3.6429 -0.365448 2.41889 0.461033 0.9429 0.711702 0.245023 0.269191 -0.0411093 0.108666 
3.9774 1.06673 3.38452 -0.0376277 2.66213 0.806242 1.18212 1.0524 -0.38831 -0.402067 -0.00387868 0.103844 
5.26171 2.46293 2.46315 -1.54027 1.6917 1.4053 2.12019 0.278821 -1.1926 -0.399221 -0.328478 0.00629596 
4.6533 2.87487 1.30139 -0.61959 0.962134 1.63716 1.37671 0.166394 -1.01582 -0.616537 -0.17791 0.0278161 
4.7987 2.96171 1.48758 -0.379727 0.545729 1.7522 1.51732 0.211179 -0.764314 -0.127672 -0.104144 0.0283855 
5.67972 1.61776 2.24122 -1.01841 2.32542 1.29653 1.60736 1.02521 -0.326013 0.164963 -0.111041 -0.036056 
4.87954 0.855081 2.86401 -1.24703 1.77914 0.761462 1.90867 -0.259477 -1.41919 0.0818928 -0.260374 0.0725002 
4.86841 1.91042 2.75955 -1.75121 2.17401 1.30375 1.28014 0.548062 -0.674184 0.105091 0.00531261 0.0887156 
4.62014 1.23344 2.96156 -1.34861 0.974002 0.140335 0.836361 1.34838 0.289615 0.589618 0.302144 0.118088 
4.35631 1.09735 2.87033 -1.05705 1.37159 -0.49355 0.80434 0.340925 -0.33235 0.277395 -0.0173187 0.10851 
4.09626 0.96994 2.41332 -1.17059 0.508698 -0.506194 1.2926 0.880153 0.1889 0.259255 0.217395 0.162531 
3.64585 0.556391 3.06263 -0.697179 1.77476 -0.636835 -0.367898 1.21658 0.583937 0.550323 0.310669 0.0965729 
3.40248 0.951271 2.81044 -1.19247 1.76965 -0.286596 1.11091 0.197519 -0.182204 0.0192606 0.0804231 0.180784 
3.68373 0.700051 3.45382 -0.704531 2.01518 -0.192615 0.436056 0.225515 0.04106 -0.184499 -0.186531 0.141267 
3.30921 0.678646 4.24358 -0.419621 1.86427 -0.527953 0.30977 -0.771966 -0.462056 -0.241462 -0.0227377 0.258333 
3.05382 -0.010729 3.61809 -0.0994979 2.02627 -0.503216 0.625236 -0.0234309 -0.0613093 0.0670403 -0.184245 0.146255 
2.77841 0.0633841 3.28529 -0.302073 1.31748 -1.48193 0.156307 -0.782128 -0.795471 0.150129 -0.0881631 0.162296 
2.88043 -0.35391 4.13113 -0.709998 1.78151 -0.620806 -0.490569 0.306069 -1.05995 -0.0784116 0.0751317 0.0800491 
2.82593 0.0983553 3.21674 -1.53914 1.06923 -0.503105 -0.240456 -0.632359 -0.926521 -0.0105141 -0.00521448 0.170817 
2.77368 0.0182745 2.41823 -0.85234 1.96303 -1.06561 -0.252264 -0.47339 -1.16171 0.0508458 -0.0301445 0.143218 
3.03663 -0.0767848 3.32841 -0.557673 1.52169 -0.774588 -0.606819 -0.75244 -0.984418 0.165125 0.0976055 0.0899463 
2.87345 -0.346447 2.82364 -0.953945 0.697058 -0.394386 -0.54369 0.154477 -0.982984 0.251797 0.0113635 -0.0573768 
2.94207 -0.230707 2.21683 0.279443 2.10239 -0.353492 0.516465 -0.904567 -0.418616 -0.0460086 -0.0752513 0.129751 
2.73448 0.176988 2.9452 -0.941143 0.807212 -1.1556 0.726904 -0.446968 -0.946173 0.145331 -0.0172875 0.139114 
3.12699 0.171603 3.48926 -1.25639 1.59932 -0.420262 0.7052 -0.37899 -1.07266 0.170005 -0.0138633 0.170842 
2.80607 0.428288 3.56878 -0.509514 1.33901 -0.910724 -0.313382 -0.748196 -0.709986 -0.236548 0.0890797 0.171035 
3.07813 0.100786 3.22368 -0.650778 2.31532 -0.900388 -1.20114 -0.126611 -0.0914029 -0.337252 -0.0803928 0.136403 
2.87154 0.0618243 2.71692 -0.82659 1.50053 -0.484561 -0.666593 -0.86376 -0.928272 0.395133 0.12499 0.08213 
2.66395 -0.257113 2.20172 -0.900062 1.73806 -0.255498 -0.294274 -0.307524 -0.0746438 0.000930482 0.100842 0.200306 
2.81859 -0.291186 2.5121 -0.433594 1.24579 -1.36098 -0.0426608 -0.22731 -1.12741 0.162896 -0.0624896 0.150991 
2.63031 -0.372267 3.14581 -0.7192 0.884547 -0.852106 -0.291273 -0.456031 -0.859221 -0.0666359 -0.066362 0.147719 
2.94726 0.0525522 2.72606 -1.27434 1.54638 -1.19352 -0.245848 -0.129529 -0.910181 0.23421 0.0370839 0.18292 
2.93723 0.207479 2.6925 -1.59023 1.68851 0.400373 -0.495645 -0.768057 -0.233477 0.0489847 0.0771135 0.181101 
