3.17552 0.144018 2.39294 -0.854816 1.32982 -0.382545 0.677355 0.186282 -0.285521 0.29586 -0.0638037 0.149366 
3.27021 0.28431 3.36409 -0.441178 1.59032 -0.464962 0.41895 -0.539283 -0.50017 0.210269 -0.0663083 0.209502 
3.15178 0.0346802 3.01693 -0.387691 1.24219 -0.163507 0.607344 -0.189801 -1.006 0.223194 0.0750892 0.117204 
2.93664 0.0592384 3.19492 -1.17191 1.93283 -0.377248 0.316108 0.536579 -0.457459 0.00861136 0.0801036 0.22654 
3.17319 -0.354407 2.59162 -0.443423 1.11884 -0.610815 0.558185 -0.440302 -1.11632 0.422413 -0.0268217 0.132647 
2.90252 0.0592023 3.4881 -1.43491 1.66688 -0.110293 0.21832 0.391408 -0.697402 0.0576487 0.160553 0.19936 
2.694 0.133109 3.0729 -0.615337 1.80653 -0.479566 0.419493 -0.633233 -0.683644 0.493547 0.112411 0.217735 
2.94986 -0.0605743 2.80527 -0.519407 1.33339 -0.769314 0.5232 0.0296509 -1.204 0.183173 0.206953 0.191154 
2.99504 -0.233885 2.49159 -0.142268 1.5618 -0.540101 0.552426 -0.987537 -0.112578 0.772039 -0.107061 0.189763 
3.07058 0.203879 2.12441 -1.13284 2.50463 -0.343701 -0.590181 0.263731 0.0940138 0.252191 0.0214386 0.151844 
2.97028 -0.0213767 3.47529 -1.16276 1.49498 -0.322405 0.199047 0.126224 -0.437849 -0.182938 -0.143609 0.231241 
3.69022 0.630972 4.50621 0.761603 2.06732 -0.13013 0.887896 0.420417 -0.0370483 0.0485758 -0.110896 0.151636 
3.84303 1.76945 4.03206 0.00525601 2.46579 1.07363 1.51227 0.849089 0.209053 0.414468 -0.236978 -0.0407886 
4.1112 2.41194 2.9783 1.00987 1.50494 0.420075 0.507453 1.26723 0.718649 0.899565 -0.0108685 -0.0901634 
4.00557 2.5387 3.35234 1.08686 1.04181 -0.16018 0.0368569 1.21061 0.974149 1.15317 0.0569003 -0.0442381 
3.93912 2.13925 2.81703 -0.364505 0.351583 0.076142 0.999055 1.5155 0.774093 0.715981 0.230374 0.00729534 
3.86407 1.76709 2.46399 -0.0361722 0.659644 0.0711118 0.178855 1.03276 1.02628 0.798806 0.420683 0.118406 
4.24784 1.45837 3.25329 -0.0241999 1.75066 0.201668 1.16224 0.0612821 0.067991 1.16435 0.0827784 0.0479219 
3.76514 1.80124 3.65814 0.171631 2.18433 -0.770352 0.267815 0.650886 0.973796 0.747417 -0.055984 0.102515 
3.99148 1.21067 4.88568 0.0942065 1.63358 -0.106487 1.01001 0.774844 -0.35733 0.320171 0.0353811 0.0832964 
3.72939 0.668464 3.57047 0.547434 1.74312 -0.0786751 0.700416 0.883067 0.240972 0.597246 0.0961108 0.0615821 
3.40834 0.898049 3.89877 -0.0333772 2.74185 -0.0634802 0.218079 0.565768 0.246015 -0.303133 0.161825 0.269265 
3.62056 0.992773 3.41959 -1.25671 1.99358 -0.424056 -0.180867 0.0130131 0.000448314 0.529665 0.0590676 0.189768 
4.23446 0.596878 3.83353 0.478627 2.25365 0.321495 0.17904 1.00444 -0.266214 0.34783 0.202349 0.00532758 
4.42299 2.08546 3.76879 0.612636 2.15349 0.0834318 -0.191796 -0.370029 -0.616455 0.196805 -0.12008 -0.0874242 
4.03175 2.65204 3.30449 1.84702 2.14351 0.526536 0.376173 -0.0833919 -0.167567 0.17334 -0.154576 -0.0864377 
4.28599 2.73111 2.94846 1.55143 0.810379 0.215635 -0.245584 -0.857568 -0.351451 0.281042 -0.100514 -0.0751088 
4.3069 2.27716 3.54021 0.925919 1.13603 -0.268995 -0.926325 0.190077 -0.0798481 0.414285 -0.0450608 -0.117604 
4.28911 1.80951 4.29038 1.01977 1.99417 0.337705 0.721093 0.677319 -0.252646 -0.0519692 -0.196018 -0.108645 
3.98635 1.88186 4.36967 0.918004 1.12904 -0.911731 0.204715 0.508589 0.0971703 0.752211 -0.117979 -0.0721379 
4.13153 2.10739 3.79478 0.0180756 2.22168 -1.11378 -0.0566154 0.15685 0.689759 0.739462 -0.118566 0.096513 
3.45034 1.6855 3.48451 0.649015 2.50965 -0.0427228 1.05206 0.0978598 0.528407 0.452963 0.107941 0.181262 
3.60832 1.39316 4.1465 0.77419 2.21167 1.07541 0.236539 0.756986 0.224875 0.101018 0.095185 0.000912835 
3.71577 1.19006 3.92269 0.219475 2.4877 0.0563763 0.379407 0.507291 -0.437124 -0.158216 0.228082 0.168952 
3.67637 0.938389 3.86643 0.0557817 2.42009 0.0947455 0.26227 0.0869509 -0.0778101 0.796296 0.223333 0.130799 
3.38416 1.0934 4.31469 0.17839 2.13743 0.622274 1.44252 0.00482143 -0.388945 0.34942 0.149413 0.159266 
3.86811 0.702576 3.38189 0.158565 3.08151 0.913264 0.0139532 0.318918 -0.366052 -0.197512 0.150529 0.120938 
3.17868 0.306827 4.33607 0.627744 1.93542 -0.625443 0.59286 -0.322145 -0.669591 0.697992 0.214376 0.163897 
3.45417 0.191581 3.37054 -0.801493 2.26594 0.611553 0.561441 0.989638 0.19758 0.124105 -0.0868518 0.107151 
3.204 0.189202 3.63068 -0.305035 2.3802 0.0675463 0.538902 -0.5024 -0.514038 0.122143 -0.0340164 0.245439 
3.33339 -0.0592829 3.12386 -0.372971 1.41304 0.163431 0.617703 -0.357932 -0.793266 0.122427 0.197335 0.210059 
2.95687 -0.13293 3.18447 -0.765887 0.781931 0.0550169 0.778134 0.984075 0.0273981 0.32276 -0.169277 0.0265614 
3.15927 0.00366747 3.56623 -0.325756 1.74937 0.0354465 0.772647 -0.0385058 -0.896458 0.301355 0.117358 0.14447 
2.64555 0.049885 2.60235 -0.393022 1.71495 -0.156609 -0.130891 -1.18553 -0.189814 0.104743 0.110061 0.276305 
2.75489 -0.21767 2.21792 -0.536451 1.87508 -0.320205 0.707131 0.492972 0.253336 0.261749 -0.031005 0.202014 
2.77473 0.118809 3.2986 -0.745855 1.69277 0.0905922 0.854018 -0.851612 -1.17103 -0.039263 0.0949871 0.254595 
2.66944 -0.0805084 2.88887 -0.483561 2.12753 -0.933151 -0.887706 -0.402118 -0.124047 0.318754 -0.0792118 0.20484 
2.78025 -0.472135 2.37428 -0.674576 1.45334 0.0542344 0.317807 0.358698 -0.0378385 0.430557 0.035353 0.132946 
2.8284 0.00918715 2.68966 -1.15123 2.29052 -0.450941 0.329871 0.769902 -0.196811 -0.138009 0.111426 0.267761 
2.87011 -0.112383 2.85996 -1.13962 1.30124 -0.40239 -0.352832 0.120536 -0.524396 -0.184437 0.077719 0.228497 
2.74166 -0.446701 2.69162 -0.998362 1.98053 -0.0155724 -0.258431 0.163612 0.206621 0.729056 0.203458 0.168155 
2.74996 -0.390741 2.44484 -0.913071 2.49521 -0.473989 0.120162 0.832314 -0.24356 0.109869 0.221553 0.254244 
3.04138 -0.169215 3.81827 -0.319188 1.73659 -0.232901 -0.795263 -0.600348 -0.0776552 0.149431 0.0888274 0.238459 
2.81549 -0.385466 2.93732 -0.5766 1.84478 0.0688002 0.173322 -0.28697 -0.483122 0.320161 0.228752 0.222887 
2.54911 -0.326133 2.64981 -0.412722 2.77253 -0.094546 -0.100375 -0.59349 -0.082046 0.384928 -0.02323 0.235391 
3.0081 0.265511 3.13691 -0.802819 1.09197 -0.152367 0.283078 -0.646857 -0.191399 -0.0738989 0.0118878 0.266964 
2.91498 -0.0618051 2.69157 -0.854561 1.9768 -0.387642 -0.153084 -0.443396 -0.363657 0.215267 0.0296622 0.244659 
2.97573 -0.0111338 1.86225 -0.0884328 2.02907 -0.821124 0.730539 -0.0357018 -0.340702 0.133761 -0.149452 0.203856 
2.97086 -0.0779202 3.11489 -1.45254 1.77944 0.132896 0.0200765 -0.18786 -0.504036 0.020628 -0.127079 0.210387 
3.14746 0.295723 2.96628 -0.858252 0.887678 -0.102828 0.6485 -0.581967 -0.474817 0.180189 0.0796175 0.225931 
