3.12516 0.228144 3.50072 -0.329523 1.26426 -0.939082 0.43353 -0.510204 -0.262809 0.658918 -0.136507 0.176844 
2.9055 -0.152061 3.07741 -0.70993 1.68148 -0.345021 0.580823 0.0762062 -0.263675 0.302033 -0.049683 0.208478 
2.7213 0.237742 3.15884 -0.523999 1.03271 -0.0949688 0.952821 -0.147129 -0.484065 0.165893 -0.0259568 0.151743 
3.06932 -0.296876 2.98733 -0.343125 1.80049 -0.357542 -0.0744417 -1.01617 -0.788941 0.42597 0.0964932 0.221831 
2.58737 0.245953 2.86302 -0.100147 1.81929 -0.777269 0.213927 -0.332684 -0.713345 -0.0334524 0.0517515 0.204669 
3.11707 0.432462 3.13101 -0.39223 1.42806 -0.224838 0.742103 0.137955 -0.233086 -0.297859 -0.171658 0.162629 
2.92959 0.336232 2.91501 -1.13925 1.80975 -0.336646 0.740753 0.135548 -0.45748 -0.0483376 0.0181814 0.245131 
3.04191 0.256116 3.03366 -0.272148 1.59867 -0.546143 0.482956 -0.788029 -0.233258 -0.171325 -0.0343974 0.300706 
3.06694 0.286162 2.89703 -0.778142 2.10859 -0.835122 0.243095 0.0491476 -0.438494 0.14883 -0.145463 0.202143 
3.11488 -0.0231482 2.89585 -0.568955 2.7366 0.00380529 -0.277506 0.475497 -0.247273 -0.0802373 0.0623821 0.170434 
3.1201 -0.0362748 2.59853 0.0200656 0.825752 -0.0418576 0.593332 -0.268024 0.180286 -0.386629 -0.0350533 0.262447 
3.03724 0.383315 3.36823 -0.880078 2.42285 -0.337486 -0.403049 -0.235409 -0.419759 0.214094 0.069381 0.196733 
3.2606 0.261743 3.3261 -0.674417 1.77015 0.149705 0.0871984 0.355146 -0.0781024 -0.125563 -0.114632 0.117749 
3.1074 0.391168 3.028 -0.125927 1.85783 0.438549 1.25644 -0.385511 -0.60834 0.283183 0.10177 0.163764 
3.23168 -0.417354 2.75068 -0.831125 1.48121 0.26435 1.0224 0.638223 -0.759991 -0.0926219 -0.00787291 0.14844 
3.20928 0.423304 3.45909 -0.835362 1.50737 0.667378 1.45853 -0.00420866 -0.694879 -0.186931 -0.0804689 0.168038 
3.45233 0.513312 2.63433 -0.698414 2.35311 -0.477365 0.209711 0.217583 -0.871185 0.202846 0.0437218 0.135933 
3.16955 -0.0725825 2.49206 -0.120371 2.00336 -0.452304 0.348542 0.23198 0.185043 0.179047 -0.0847258 0.187254 
2.8974 -0.277251 2.6006 -0.620934 1.81565 -0.796164 0.636782 0.00499173 -0.789628 0.413356 0.0174636 0.2163 
3.08244 0.0309324 3.09071 -1.5446 1.33639 0.375835 -0.177983 -0.0512643 -0.542855 0.0408952 0.147214 0.179718 
2.82382 0.0576616 2.43861 -1.11603 1.83318 -0.64866 -0.179833 -0.529633 -0.114073 0.0220007 -0.117614 0.29222 
3.1308 0.195011 2.721 -0.336677 1.97546 0.0283737 0.170744 -0.43067 0.0796593 0.015454 -0.123141 0.191876 
2.92955 -0.260511 3.35778 -0.504021 1.30955 -0.393941 -0.0452971 0.367776 -1.06672 0.116617 0.349729 0.131801 
2.98307 0.170586 4.25847 -0.952706 1.99006 -0.166709 0.0577512 -0.597944 -0.725662 0.490918 0.0783469 0.23444 
3.1069 0.0613215 2.3155 -0.999511 1.62873 -0.700219 -0.253671 0.363996 0.223698 -0.453081 -0.148787 0.262525 
3.13142 -0.255968 2.37935 -0.76969 1.61594 -0.183846 0.266982 0.0404004 -0.227904 0.0630937 -0.101326 0.193359 
3.39738 0.480468 2.82794 -0.397504 2.42388 0.0141061 0.41169 -0.216995 -0.208867 -0.133793 -0.0891914 0.204935 
3.32017 0.320724 4.26887 0.043142 2.13896 0.140922 0.736236 -0.136322 -0.105188 0.455123 0.0967852 0.239043 
3.72437 1.966 2.55218 0.380604 1.37614 1.2026 1.16292 1.11043 0.66066 0.563496 -0.241731 -0.147625 
4.81652 2.25469 0.689794 -0.871469 1.51005 1.91241 2.39979 1.27144 -0.102202 0.157136 -0.20538 -0.107079 
5.74372 1.52944 1.30851 -2.21491 1.66144 3.09722 2.93697 1.50838 -0.512295 -0.302478 -0.128839 -0.0124294 
5.16047 1.90308 0.133097 -1.05054 2.13196 1.85264 2.21604 1.47815 -0.000284834 0.0910976 0.032856 0.0673432 
4.19437 1.60687 0.521665 -1.62328 1.69685 1.96355 2.00801 1.35875 0.349076 0.0407496 0.140424 0.0991868 
4.17537 1.50553 1.91125 -1.46036 1.1536 1.78442 1.99558 1.18099 -0.0590001 -0.0892015 -0.0823649 0.00199069 
4.25657 0.903026 2.26664 -0.915515 2.12746 1.1202 1.99739 1.67302 0.123114 0.169867 0.0449157 0.0972239 
4.0171 0.881714 3.08233 -0.296755 2.73529 0.874722 1.78205 1.16202 0.184807 -0.256388 -0.0945701 0.216093 
3.78671 0.489809 3.66484 -0.454356 2.27319 0.425566 0.686298 1.84848 0.668188 0.494455 0.103004 0.072024 
3.37297 0.956447 3.61312 -0.234706 2.18611 0.212718 1.07898 0.330953 0.172996 -0.154915 0.129673 0.254617 
4.06675 1.40568 4.36794 0.837629 2.49274 0.484407 0.688916 0.0229201 -0.124206 0.386037 -0.0619018 0.0500769 
4.80475 2.44208 4.28352 1.45436 1.46779 -0.805417 0.342995 -0.0994898 0.0206482 0.96454 0.0471907 0.00156661 
4.49621 2.972 3.66367 2.00101 1.12427 -0.138278 -0.156583 0.418382 0.664338 1.01899 0.117858 0.00848674 
4.54389 2.76339 3.22458 1.05648 0.311892 0.0409284 0.156479 0.258987 0.433398 1.26745 0.256908 0.0342218 
4.38934 2.13922 3.88191 -0.0170154 1.00124 -1.06544 -1.05291 0.162233 0.427219 1.03836 0.101739 -0.0246421 
4.31247 2.33863 3.96542 0.842428 1.59038 0.586423 -0.101318 0.421473 0.31542 0.594746 0.0461567 -0.0432985 
4.35715 2.04357 4.91317 0.490439 1.2622 -0.209663 -0.474348 1.05834 0.754315 0.619595 0.0878644 -0.0215489 
4.23826 2.07368 4.00637 1.1317 1.9981 -1.20348 0.378786 0.472496 0.360063 0.223302 -0.164761 0.0592294 
4.17883 1.56033 3.71094 1.33734 1.74043 -0.59841 0.247397 -0.186878 0.615388 0.418764 -0.181686 0.0245989 
3.84583 1.1077 4.00295 -0.0502473 2.02258 0.233271 0.443615 0.214285 -0.680774 -0.0228656 0.02695 0.0410223 
3.18433 0.661346 4.09415 0.000517164 2.05701 0.363913 1.2797 0.391434 0.566486 0.610614 0.0973653 0.213922 
3.8262 0.896353 3.98411 0.956157 1.98434 0.00742476 0.0320583 -0.140304 0.132504 -0.142035 0.221643 0.256439 
3.29499 0.905277 4.15197 0.519418 2.96748 0.176769 0.0279398 -0.201343 0.0934364 0.234191 0.235913 0.212323 
3.42288 0.680932 3.96617 -0.278298 2.38461 -0.456425 0.421345 0.635793 -0.421576 0.401794 0.146889 0.170863 
2.88189 0.423806 3.56925 0.104817 2.93267 -0.165258 0.773379 0.389724 -0.324793 0.803303 0.22414 0.150263 
3.12704 0.0557029 2.93881 -0.501949 1.81348 -0.869099 -0.118459 -0.425003 -0.629887 0.282009 0.030992 0.217524 
2.91527 0.0671612 3.16502 -1.16345 1.86781 0.00713017 0.260541 0.139907 -0.841619 -0.364392 0.0442196 0.22607 
2.84692 -0.125265 2.72252 -0.337844 2.82626 -0.0390475 -0.153715 0.573816 0.148447 0.310889 -4.61822e-005 0.126103 
2.86168 -0.0252308 2.70823 -0.396454 2.05359 -0.0763997 0.163461 0.0343389 -0.47191 0.210915 0.170344 0.170766 
2.77026 -0.176758 3.47554 -0.656235 1.58519 -0.600172 -0.221239 -0.130321 -0.751757 -0.111607 0.29995 0.275383 
3.13854 0.310666 2.85289 -1.12334 2.34985 -0.225098 0.331978 0.419421 0.127048 0.0923953 -0.191184 0.186017 
3.06142 0.111386 3.25859 0.127714 2.95166 0.358609 0.547643 0.38252 -0.345463 0.145728 0.0173555 0.13205 
