2.63428 -0.179914 2.11059 -0.162353 1.37828 -0.425915 0.810777 -1.01884 -0.479606 0.153312 -0.0100261 0.239229 
2.95235 -0.234477 2.57828 -0.621934 1.87033 -0.826167 -0.658223 -0.606186 -0.403832 -0.145214 -0.0639805 0.229858 
2.7162 -0.221024 2.33623 -1.10724 1.81865 -0.211168 -0.05348 -0.489593 -0.818831 0.0489861 0.108595 0.204964 
2.78423 -0.0121074 2.64808 -1.21215 1.52724 -0.402155 0.179969 0.733798 -0.418401 -0.153657 -0.0089174 0.104714 
2.87573 -0.168429 2.46503 -1.48069 1.57866 -0.33489 -0.855785 -0.254428 -0.142921 -0.172593 -0.0631339 0.220467 
3.05525 -0.719016 3.55448 -0.745954 1.37599 -0.992501 -0.344261 -0.0643897 -0.93364 0.324407 0.0123131 0.128126 
2.90688 -0.173165 2.47414 -1.07653 1.79376 -0.503156 0.138544 -1.01192 -0.565802 0.310251 -0.223158 0.196869 
2.62133 -0.308256 2.4009 -0.516908 1.45818 -0.585241 0.109778 -1.0317 -0.481937 -0.314493 -0.150913 0.297848 
3.1107 -0.212809 2.25931 -1.2674 1.62333 -0.355296 0.178678 -0.0933067 -0.851394 -0.0819397 -0.0260643 0.164629 
2.8372 0.103752 2.73352 -0.814139 0.938959 -0.599559 0.460255 -0.558683 -0.588921 -0.00468533 -0.129313 0.168773 
2.55835 -0.169812 2.843 -0.949987 1.27074 -0.418862 0.0384704 -0.51436 -0.970077 -0.118852 0.0157535 0.202975 
3.07753 -0.385317 1.78617 -0.194683 2.02894 -0.294356 0.239433 -0.510528 -0.902902 0.38399 0.144625 0.137843 
2.78745 -0.236628 3.12297 -0.648255 1.92878 -0.607245 -0.964876 -0.376855 -0.164649 -0.399146 0.0745123 0.205426 
2.55124 0.0745724 2.50412 -1.36537 0.922494 -0.045962 0.49529 -1.1474 -0.845543 -0.206006 -0.0160145 0.266917 
2.75669 -0.10596 2.35354 -1.61572 1.64694 -0.171665 0.438388 0.0693644 -0.439131 -0.135965 0.00113766 0.238794 
3.15752 0.639353 3.43753 -0.741923 2.75469 -0.11216 0.258266 1.06871 -0.0912956 0.488812 0.146661 0.0578099 
3.7381 1.97376 3.69641 0.79563 2.99611 0.373883 1.17618 1.4702 -0.299775 0.0149355 -0.070459 -0.0337001 
3.98425 1.96457 3.90407 1.42138 2.41227 1.34506 1.09026 1.23408 0.710739 0.334577 -0.0965651 -0.0573126 
4.48118 2.27791 2.59876 1.3011 2.07528 0.33068 1.39712 1.16391 0.660802 1.19354 -0.0341582 -0.112576 
4.53527 2.52394 2.33806 0.10345 1.92924 1.67419 2.08824 1.07825 -0.557346 0.0833082 -0.135974 -0.0470999 
4.50908 2.22147 2.69268 0.787162 1.39891 2.19552 2.24506 1.03078 -0.168408 -0.0100056 -0.107971 -0.0469327 
4.3334 2.07665 3.27084 -0.0781684 2.06265 1.63318 2.06191 0.954583 -0.433514 -0.142956 -0.122396 -0.00879263 
4.3038 1.53828 3.81705 -0.488528 2.757 1.14882 1.06213 1.17556 0.106968 0.0105076 -0.157796 -0.00533963 
3.77619 1.98303 3.29092 0.0120551 2.58536 1.25824 1.85322 0.884995 0.140852 0.321759 -0.192876 -0.0190346 
3.57741 1.34026 3.74431 1.25811 1.72855 0.865766 1.12582 0.485027 -0.22402 0.13003 -0.0418368 -0.0554348 
3.81547 0.812632 4.2438 0.788966 3.58069 0.774896 0.941029 -0.0954446 -0.755151 0.563176 -0.0712282 0.0328419 
3.59579 0.663311 4.082 -0.340397 1.90042 0.127535 0.987165 0.863491 -0.001045 0.0494673 -0.076549 0.0996033 
3.23257 1.27027 3.23451 0.45681 2.51059 -0.246575 0.581919 0.626975 -0.133043 -0.181135 0.0304725 0.0519547 
5.01582 2.37988 2.36244 -1.51419 0.44267 0.322107 1.50536 -0.453422 -1.22509 0.00583386 -0.120395 0.0609212 
5.30035 2.31012 2.74814 -1.88613 1.25438 1.59896 1.66025 -0.357219 -0.965651 -0.387524 -0.291325 0.0640954 
4.31147 2.635 1.93294 0.474777 1.11584 0.319323 0.823262 -0.0544518 -0.478437 0.407457 0.173595 0.0951748 
3.98219 2.64646 2.06189 0.233627 0.73212 0.890989 0.609753 0.443119 0.431473 0.583163 0.273363 0.101954 
4.13732 2.38226 1.686 -0.589146 0.159568 0.814917 0.706097 0.721961 0.0695445 0.82985 0.397423 0.13806 
4.77192 1.18701 3.62383 -0.527986 0.906094 -0.0857458 0.677145 0.620706 0.215179 1.1547 0.290818 0.0602659 
4.60743 1.91104 3.57794 -0.402727 1.56943 -0.210431 -0.215817 0.17637 0.561159 1.28233 0.230837 0.056588 
3.92931 1.62086 3.25203 -0.231464 1.90979 -0.540999 0.425068 0.475888 0.916533 1.44757 0.257233 0.164506 
4.07051 1.29835 4.18071 0.468432 2.06178 0.253205 0.660634 0.576973 -0.398557 0.0838152 0.0875159 0.0633268 
3.78108 0.878525 4.02522 -0.36609 2.09211 0.0380226 0.115779 0.225674 -0.2572 0.41516 0.144491 0.107566 
3.59512 1.01955 3.43622 -0.108607 2.60549 -0.248683 1.17363 0.403746 0.361763 0.774772 -0.112329 0.142204 
3.4599 1.21459 3.8148 0.513127 3.20588 -0.314854 0.509363 -0.0418148 -0.297165 -0.102445 0.0840215 0.206493 
3.47411 0.404344 3.71551 0.720769 1.9997 -0.354352 0.869884 -0.649881 -0.224769 0.533933 0.0101941 0.163183 
3.4187 0.650872 3.80987 1.20461 2.32703 -0.238929 0.147385 -1.17077 -0.451836 0.399667 0.208658 0.155766 
3.58406 0.390436 3.68185 -0.810615 2.2736 0.267594 -0.117107 0.340999 -0.467608 0.0169637 0.115259 0.12785 
3.10359 0.0837206 3.5743 0.194845 1.93393 -0.538634 0.550211 -0.403694 -0.808753 0.337296 0.0682755 0.141738 
3.16346 0.402423 3.73568 -0.927298 1.60111 -0.676313 -0.075849 -0.609511 -0.520293 0.0874939 -0.0709763 0.218922 
3.20633 -0.257682 2.86825 -1.01379 1.42203 -0.520158 -0.0270334 0.478502 -0.896506 -0.234283 -0.00393727 0.111337 
2.59617 0.386393 3.08889 -0.918918 2.3327 -0.19649 -0.621839 -0.246439 -0.379036 -0.205026 0.105255 0.118595 
2.73857 -0.394474 2.97111 -0.623438 2.08264 0.159734 -0.0202545 0.283053 -0.55321 -0.0196415 -0.0305978 0.0795528 
3.07942 -0.363789 3.1212 -1.40912 1.85517 -0.35347 -0.588948 0.0143073 -1.10635 -0.0986184 0.0358676 0.14195 
2.69566 -0.410945 2.83718 -0.966817 1.83499 0.0864197 0.059446 -0.0792683 -0.414362 0.346559 0.123291 0.131951 
2.7999 -0.163541 2.91484 -1.21642 1.32675 -0.50418 0.489547 0.170629 -0.00415351 0.114881 -0.0494238 0.222498 
3.08746 -0.240396 2.67203 -1.5168 0.838675 -0.654519 -0.317406 0.108964 -0.527178 0.0154093 -0.11774 0.141781 
2.53017 -0.485466 3.38249 -0.286554 1.5946 -0.986698 -0.155483 -0.693885 -0.675943 0.398302 0.0397342 0.181964 
2.9887 -0.582043 2.7126 -0.485763 1.09249 0.116819 0.282174 -0.692391 -0.530506 0.070034 0.00797305 0.20224 
2.47134 0.117597 2.7607 -0.809905 1.04109 -1.03719 0.588562 -0.592724 -1.03651 0.0656949 0.0191353 0.226901 
3.22088 -0.104812 2.61383 -0.595015 2.1321 0.229974 -0.264047 0.133091 -0.295353 -0.252448 0.0518552 0.113977 
2.99082 0.318015 3.60616 -0.57759 1.06687 -0.368045 0.99963 -0.3745 -0.934374 -0.326909 0.0559488 0.185076 
2.9738 0.144016 2.85863 -0.775063 1.36769 -0.506736 -0.179772 0.297239 -0.487633 -0.0198073 -0.0219148 0.0790814 
3.03634 -0.615195 2.92854 -1.29088 0.984212 0.339475 -0.0374444 0.553904 -0.242678 -0.0969039 0.0607746 0.0751152 
2.54352 -0.248764 3.37663 -0.383408 1.9087 -0.761069 0.372318 -0.32162 -0.579077 0.366992 -0.135387 0.159051 
