2.75769 -0.199859 3.21858 -1.67415 0.709515 -0.72079 -0.391439 -0.580994 -0.979351 -0.340735 0.0874229 0.195886 
2.93317 -0.0251804 2.08306 -1.03367 1.2812 -0.365327 0.629601 -0.942888 -0.241819 -0.343288 -0.264 0.216101 
2.74025 0.418745 1.8071 -1.15866 1.62357 -0.990446 -0.110372 -1.33041 -0.400474 -0.349583 -0.0380441 0.246066 
2.89733 0.00285381 2.29559 -0.569544 0.860446 -1.21993 0.380375 -0.335928 -0.557181 -0.373788 -0.120667 0.194285 
2.7462 -0.320931 2.91253 -1.26973 1.47183 -0.767804 -0.663821 -0.309293 -0.756232 -0.280949 0.225526 0.223404 
2.68896 -0.433385 2.17297 -0.602975 1.00213 -0.539625 0.421867 -0.134031 -0.555528 -0.0493674 -0.033645 0.0822359 
3.00503 -0.279403 2.93301 -1.33566 0.954957 -1.24792 -0.415557 -0.222876 -0.864109 -0.19122 -0.175933 0.141059 
2.73534 -0.280705 3.05359 -1.23201 1.81129 -1.03993 -0.477013 -0.826424 -1.07333 0.226107 -0.0238562 0.208942 
2.80257 -0.675064 2.45034 -0.944896 1.08145 -0.380803 -0.697117 -0.728152 -0.377605 -0.0472183 -0.111524 0.175398 
3.11034 -0.35501 2.57517 -1.75828 1.62477 -0.505299 -0.110405 0.888579 -0.493831 -0.227069 -0.120956 0.0835269 
3.36755 1.05511 3.71221 0.334739 1.90334 -0.141004 0.38922 -0.557977 -0.546015 -0.192958 0.0887863 0.100427 
4.06142 1.80889 3.65039 0.889567 1.82794 0.275736 1.0584 -0.0204231 -0.2845 0.775374 0.00263969 -0.0231776 
4.07541 2.49452 3.00508 0.651618 0.52562 -0.079294 0.222511 0.552144 0.894308 0.86427 0.164635 0.0250809 
3.73879 2.26911 2.52503 0.776209 0.984359 -0.187274 0.145106 0.809286 0.616868 0.885786 0.158726 0.0137844 
3.78333 2.01676 2.4612 -0.155486 0.569212 0.581469 0.327678 0.843973 0.203334 0.632936 0.336803 0.0576237 
3.95585 1.22935 2.89006 -0.65234 1.51687 -0.386442 1.03452 0.71013 0.557251 0.791777 0.256848 0.198381 
4.2142 1.45793 3.84649 -0.459599 2.16656 0.680613 0.0767234 1.18269 0.107298 0.506777 0.251822 0.00916164 
3.5893 0.590891 3.60261 -0.119445 2.25694 0.532092 0.452699 0.235857 0.492879 0.638953 0.108274 0.140023 
3.64972 0.877731 3.33145 0.259873 2.82022 0.893337 0.940599 0.0420338 -0.152064 0.0980703 0.042338 0.130736 
3.44347 0.953289 3.60176 0.280517 2.94287 -0.407686 0.310308 -0.157756 -0.367618 -0.183698 0.145925 0.239212 
3.53957 0.512376 3.67505 -0.905496 3.00863 0.0578865 0.376487 0.563787 -0.158241 0.10292 0.0552056 0.261681 
2.66511 0.17506 3.73245 0.420006 2.16596 -0.345952 0.0355062 0.307049 -0.200341 0.19006 -0.0617471 0.00500632 
3.66944 1.17221 3.94026 0.919151 2.16392 0.567113 0.475207 -0.0201695 -0.118225 0.201574 -0.200979 -0.0778601 
4.38893 2.5723 2.93822 1.1017 2.09675 1.1838 0.0869703 0.36034 -0.49419 -0.396183 -0.0783517 -0.0751451 
4.28382 2.44711 2.75458 -0.206315 1.6597 2.11831 1.52568 -0.0324392 -1.16595 -0.777828 -0.21971 -0.0112848 
4.35599 2.19335 1.72177 -0.617099 1.36478 0.413242 0.401911 -0.153965 -0.929415 -0.853153 -0.121158 0.00911745 
4.23569 1.88738 1.84556 0.192044 2.0568 0.55948 0.597442 0.112723 -1.42897 -0.720998 -0.0959801 -0.00817685 
4.63903 1.88817 3.32356 -0.223649 1.2477 -0.269753 -0.54932 -0.0841828 0.104266 0.59726 0.0442127 -0.0495612 
4.35099 1.20004 3.22929 -0.843958 1.85887 0.128091 0.595118 -0.0137072 -0.56861 0.231187 -0.123554 0.0132329 
4.02813 1.4442 3.74968 0.0167701 2.00229 0.245772 1.27481 0.18373 -0.0925871 0.181194 -0.106766 0.090266 
3.92064 0.916044 3.47294 1.01245 2.17736 -0.286801 0.114241 0.81316 0.0941441 0.583933 0.0525007 -0.0289126 
3.822 0.756855 3.90471 0.134527 1.95052 -0.155057 0.83697 -0.330458 -0.672262 0.524289 0.155176 0.172061 
3.48276 0.545395 3.18806 0.692548 2.40979 -0.0190364 0.971389 -0.10022 -0.353382 0.50646 0.220994 0.151422 
3.43193 0.499974 3.83616 -0.170639 3.02317 -0.144722 0.1482 0.71749 -0.439451 0.268734 0.378626 0.200284 
3.39256 0.209058 3.45776 -0.529108 2.28678 0.453428 0.288362 0.109629 0.40394 0.0848138 -0.0861205 0.178327 
3.52336 -0.601097 3.49646 0.474708 1.95099 -0.695859 -0.873932 -0.387719 -0.727025 0.207369 0.242564 0.114789 
2.8924 0.0594855 2.53449 -0.601498 1.78691 -0.295991 0.189223 -0.6821 -0.361027 -0.0410055 -0.0430165 0.169396 
3.22183 -0.479047 2.82044 -1.45342 2.50523 0.080881 -1.23768 -0.0724726 -0.705665 -0.491671 0.0728786 0.127212 
3.04546 -0.430574 3.23186 -0.637339 1.94675 -0.423569 -0.0112422 -0.200983 -0.74216 0.255408 -0.166619 0.0826925 
2.93939 0.0706792 3.51527 -0.618802 2.05414 -0.692495 -0.325072 -0.30434 -1.46035 -0.196623 0.343458 0.147064 
2.7433 -0.0944822 2.46019 -1.33722 0.545556 -0.777476 0.269441 -0.881684 -0.586077 -0.376328 -0.182645 0.145587 
2.92238 0.00832429 2.5094 -1.23871 1.78322 -0.540342 -0.396949 -0.0192935 -0.935901 -0.309997 -0.0432885 0.0779505 
3.01011 -0.0450722 3.05616 -1.21897 1.77533 -0.591495 -0.567529 -0.634598 -1.05471 -0.0739123 -0.019746 0.126592 
2.8189 -0.187609 2.6081 -0.641138 1.65511 -1.00013 -0.969835 -0.467423 -0.392744 0.218232 -0.0162143 0.0849591 
3.01695 -0.145498 2.60892 -1.87075 1.35216 -0.699889 -0.10985 0.181708 -0.587164 -0.0238932 -0.240576 0.0477062 
2.77277 0.308231 2.43701 -1.13391 1.02855 -0.804033 0.485143 -0.488199 -1.25571 -0.297133 -0.0630457 0.0881848 
3.09545 -0.520234 2.64604 -0.93387 1.39811 -0.841385 -0.668029 -1.00435 -0.780863 -0.318569 -0.162293 0.203992 
2.95356 -0.264528 3.22748 -0.794655 1.32153 -0.985674 -0.694097 -0.312781 -0.878281 -0.31635 0.0864412 0.157357 
2.88882 -0.501166 3.05556 -1.72194 0.639165 -0.119292 0.217672 -0.404649 -0.619244 0.333033 -0.0483322 0.102985 
2.87759 -0.114713 2.61129 -1.37637 1.73071 -0.0268041 -0.496752 -0.31255 -0.594504 -0.241794 -0.0453508 0.141599 
2.69608 -0.382879 2.6843 -1.75265 1.21078 -0.604583 -0.383828 -0.534662 -1.13866 -0.195998 0.0501482 0.197853 
2.8911 0.052615 2.7756 -0.932373 1.11615 -0.789088 0.14792 -0.369712 -0.905857 -0.136299 -0.0991912 0.0592843 
2.98816 0.195797 2.09761 -0.961474 1.18377 -0.920975 0.438216 -0.429566 -0.73723 -0.224058 -0.135026 0.0846434 
2.95903 -0.32374 3.21788 -0.707012 1.51778 -0.0159125 0.202622 -0.616961 -0.700014 -0.358985 -0.124669 0.150584 
2.90499 -0.113566 3.49941 -1.65111 1.20376 -0.464136 -0.318959 -1.09393 -1.23293 -0.45416 0.0974696 0.268995 
3.21917 -0.38856 2.88806 -0.9158 1.38641 -0.469255 -1.05224 -0.285047 -0.305465 -0.531883 -0.161633 0.111198 
2.61592 -0.0194393 2.15305 -2.12477 0.696663 -0.835921 0.0038918 -0.570499 -0.154631 -0.506396 -0.270782 0.201563 
2.84954 -0.317459 2.8051 -0.983594 0.991408 -0.642529 -0.0946152 -1.50854 -1.13315 0.1498 -0.0335897 0.114003 
2.62482 -0.116752 1.99182 -1.36979 1.05691 -0.904345 -0.833415 -0.674674 -0.828914 0.21421 -0.0778447 0.105117 
2.76686 -0.151568 2.95017 -0.626335 1.23721 -0.56869 0.206596 -0.986127 -0.711178 -0.00339382 -0.0264875 0.152484 
