2.58016 -0.242981 3.09612 -0.749549 1.80653 -0.931088 -0.801651 -0.0414274 -0.760995 0.0271067 0.135213 0.212181 
2.71336 -0.258365 2.2518 -0.73997 1.83062 -0.372738 -0.676494 -0.237048 -0.504163 0.134314 -0.0678312 0.156638 
3.06474 -0.395149 2.8374 -1.29455 1.86325 0.013832 0.544413 -0.218492 -0.434433 0.452449 -0.229022 0.182895 
2.86078 -0.00185234 2.65948 -0.963524 1.44279 -0.272641 0.0259829 0.0337277 -0.431507 0.0620161 0.0772513 0.172869 
2.73819 -0.0269754 3.69273 -1.03238 1.3857 -0.772222 -0.415742 -0.231183 -0.655965 0.428866 0.0646534 0.169835 
2.85989 -0.46047 2.59013 -0.836482 1.43278 -0.492509 0.553377 -0.209519 -0.78748 0.247809 0.0793578 0.240337 
2.87655 -0.268633 3.00982 -1.15108 1.66013 -0.0690677 -0.110659 -0.240973 -0.294788 -0.276833 -0.0241682 0.286659 
2.70027 0.0470509 2.1256 -0.839412 0.674546 -0.5314 0.472856 -0.577672 -0.32366 0.118796 -0.221675 0.206259 
3.13149 -0.196649 3.27911 -0.90788 1.5953 -0.698901 -0.258514 0.218782 -0.743364 0.27271 0.0116402 0.117183 
3.33237 -0.0435016 4.4098 0.0293407 2.05797 0.213443 -0.295868 -0.437558 -0.285292 0.635635 0.0893289 0.0948505 
3.39563 1.65609 3.38176 0.532082 1.9092 0.661321 1.21241 0.597409 0.732386 0.118811 -0.0423972 0.0507557 
3.71326 2.31305 3.13822 1.03033 0.804986 -0.0575087 0.629029 1.25344 0.612255 1.02865 0.0959673 -0.0192341 
4.49974 2.38971 1.71435 -0.689114 1.09533 0.480099 0.783778 0.781548 0.199766 0.700558 0.157738 0.0064855 
4.87972 2.02438 2.42082 -2.3321 0.567358 0.854503 1.5863 0.656008 0.123173 0.774036 0.102072 0.080582 
4.45548 1.43677 2.42844 -1.53424 1.1768 0.749906 0.8864 0.454752 0.186366 -0.227902 0.0411552 0.149959 
4.20962 1.40688 2.66026 -0.683047 1.2405 -0.179364 1.04404 0.778573 0.0920655 0.377605 0.135647 0.100197 
4.26079 1.58377 3.55981 -0.87734 2.26034 -0.262249 0.703477 0.526976 0.0568319 0.588292 -0.119567 0.0818562 
3.49792 1.24663 4.42501 0.859943 2.07236 0.605871 0.741565 0.167598 -0.624887 0.244512 0.0328573 -0.0393435 
3.61101 1.00872 3.26078 -0.53308 2.30088 -0.0698154 0.30914 0.833791 0.406189 -0.437964 -0.0480472 0.128614 
3.75284 0.745065 3.89624 1.19392 1.44936 -0.68669 0.582226 0.0356804 -0.0520474 -0.157107 -0.0551937 0.128373 
3.37645 0.756161 3.88076 -0.401905 2.60053 0.214354 0.111529 1.04606 -0.415535 -0.303329 0.0352369 0.0230655 
3.40403 -0.0835452 3.04691 0.546664 1.95231 -0.72182 0.682465 -0.244398 0.251935 0.59212 -0.189523 0.123323 
3.5277 1.06422 3.20489 -0.220915 2.53242 0.433301 0.867752 0.0896014 0.457484 0.00722987 -0.27975 0.0630116 
3.89417 1.95158 3.50481 1.23776 1.88896 1.33652 0.988016 0.328695 -0.630677 -0.637657 -0.0661499 -0.0504327 
4.51515 2.79222 2.80357 0.646106 1.61642 1.53606 1.46954 0.151081 -1.16716 -0.221686 -0.12921 -0.0300242 
4.64516 2.22564 3.00929 0.85673 2.01825 1.19678 0.600611 0.354086 -0.283698 -0.434352 -0.0783782 -0.0185252 
4.53394 1.54765 3.16778 -0.53947 1.97717 0.628081 0.98305 0.12986 -1.11755 -0.453862 -0.0995406 0.0499452 
3.85404 2.01844 3.32558 1.27957 2.41501 1.35883 0.292118 0.811888 -0.204185 -0.809383 -0.0998082 -0.0768756 
3.66957 2.21687 3.38515 1.635 1.89619 0.476865 1.00405 0.658167 0.0294239 0.122831 -0.155095 -0.0775614 
4.00541 1.61605 4.6505 1.60205 2.44612 -0.36302 0.476921 -0.185622 -0.327465 0.0551427 -0.269477 -0.0128761 
3.38156 1.02249 4.44764 1.19549 2.7266 1.2373 1.05157 0.141681 -0.156653 0.278703 -0.142315 -0.0239036 
3.51881 1.04872 3.77361 0.654707 2.71847 -0.455456 0.186414 0.418738 -0.181681 0.428629 0.060649 0.0800324 
3.41236 0.566293 4.25798 0.418335 2.47626 0.319208 1.36711 0.537037 -0.768675 0.315674 -0.044842 0.0381015 
3.15849 0.907916 3.79862 0.777421 2.97322 1.01008 1.47737 -0.532065 -0.356874 -0.07452 0.146242 0.182549 
3.40698 0.0523264 3.83935 0.902699 2.66597 -0.291953 0.42089 0.63835 -0.282088 0.317195 0.0250893 0.0845225 
3.146 0.18502 3.36539 -0.407682 2.19069 0.473938 0.774343 -0.463475 -0.633911 0.0327012 0.0258056 0.170995 
3.16402 0.139945 4.31946 -0.561628 1.96949 -0.692262 -0.989138 0.113858 -0.651758 0.168248 0.0872164 0.0977768 
3.03826 0.270575 3.50326 -0.0890384 1.4049 -0.636672 -0.0612081 0.0664507 -0.784037 -0.0661965 0.202581 0.129319 
2.88493 0.0922347 3.55051 0.227793 1.77476 -0.583253 -0.408609 -0.909409 -0.364648 0.511543 0.0103254 0.111861 
3.10041 0.522195 3.1089 -0.816939 1.76623 -0.488585 0.573853 -0.433061 -0.768939 -0.104035 0.054875 0.232196 
3.04828 -0.0137264 3.02075 -0.267863 2.68908 0.327846 0.218936 -0.166666 -0.207776 0.175305 0.00140417 0.14083 
2.97147 -0.0153792 2.56013 -0.402378 1.62059 -0.598731 -0.0229202 -1.08201 -0.251442 0.67642 -0.199971 0.129882 
2.67152 0.307851 2.89539 -1.23882 0.967739 -0.343655 0.876321 0.170392 0.0946819 -0.160625 -0.156494 0.200874 
2.87239 0.0527803 2.72991 -0.341695 3.09119 -0.475096 0.0259976 0.2316 -0.534155 -0.324584 0.0248543 0.226224 
3.07403 -0.0550612 2.72643 -0.850967 1.54928 -0.183433 0.785886 0.398441 -0.479478 0.0929247 -0.233828 0.0838235 
2.91924 0.0447089 3.19386 0.294342 1.47175 -0.436287 0.236845 -1.06138 -0.645526 0.246216 0.0828585 0.156147 
3.00873 0.0214531 3.12833 -0.126976 1.97269 -0.757748 -0.516505 -0.761104 -0.742825 0.173928 0.0884333 0.172221 
3.01119 -0.116937 2.32608 -0.942891 1.40946 -0.517466 0.126597 -0.291491 -0.153225 0.174549 -0.153509 0.194952 
2.7842 -0.336134 3.37508 -0.924525 1.76803 -0.2487 -0.510932 -0.397896 -1.1433 -0.0267382 0.224326 0.202597 
2.85991 -0.209966 3.10836 -0.719973 2.50304 0.148734 -0.538884 -0.129906 -0.471487 0.110368 0.209705 0.168443 
2.68713 -0.155189 2.9063 -0.794507 2.59151 0.03582 0.0725167 0.668957 -0.0869394 0.252479 0.0498641 0.125001 
2.86793 -0.640223 3.11491 -0.919942 1.56752 -0.132239 -0.545145 -0.805656 -0.886493 0.268501 0.0968158 0.213958 
2.84055 -0.30394 2.43478 -0.326985 2.12137 -0.222954 -0.0392172 -0.80106 -0.508977 0.417811 0.0111201 0.169992 
2.8341 -0.336806 2.75804 -0.124366 1.91464 -0.18833 0.0352283 -0.659176 -0.386257 0.460388 0.106287 0.171811 
2.85232 -0.250024 3.33486 -1.00348 1.14325 -0.333264 0.498128 0.511835 0.00176729 0.00746323 -0.17539 0.176343 
2.95974 0.00581484 3.32237 -0.347353 1.30572 -0.661027 0.230172 -1.24873 -0.264584 0.141145 -0.175521 0.272162 
2.72783 0.1646 2.76645 -0.897927 1.27645 -0.518216 0.260277 -0.1011 -0.67577 -0.429882 0.0866919 0.247494 
2.39606 -0.120091 2.61042 -1.00564 1.65393 -0.453861 0.415227 -0.585042 -0.821545 0.157457 0.159351 0.278892 
2.62085 -0.106533 2.85893 -1.60727 1.67498 -0.449035 -0.408631 0.0997 -1.0563 -0.0720783 0.090457 0.205703 
2.87799 -0.0992202 3.05524 -0.581663 1.6136 0.0269051 0.613294 -0.059642 -0.105371 0.154998 0.260755 0.247776 
