3.10878 0.000393729 2.14256 -0.562346 2.04833 0.235867 -0.113589 -0.33787 -0.474733 -0.193325 0.0880812 0.217598 
2.8668 -0.104795 3.00007 -0.41014 1.59056 -0.0979629 -0.0321107 -0.472317 -0.240886 0.237171 0.00214249 0.189918 
2.87017 -0.188252 2.98378 -0.952677 1.45101 -0.488029 0.566884 0.225046 -0.397519 0.0747489 -0.176844 0.213698 
2.85104 -0.198459 2.85705 -0.232174 2.01589 -0.514072 -0.745699 -0.47873 -0.292884 0.309411 0.28785 0.224223 
3.07883 0.0544979 2.80338 -0.223692 1.98824 -0.306946 0.180698 0.135642 -0.59638 0.0148953 0.092009 0.17376 
3.08412 0.168562 2.54325 -1.17361 1.76065 0.197756 -0.140129 -0.0870218 -0.547977 0.457139 0.143383 0.121124 
3.11287 -0.234098 2.81989 -0.738604 1.76267 -0.245103 -0.600029 0.0764937 -0.424696 0.250166 0.129231 0.140941 
3.10267 -0.580708 3.3626 0.178742 1.82263 -0.617715 0.189219 -0.573019 -1.02311 0.796445 0.306029 0.162281 
2.94779 -0.0654378 2.76265 -0.35879 1.99631 0.0770014 -0.0183564 -0.205985 -0.11611 0.0550123 -0.0667205 0.175315 
2.98283 0.129488 3.55919 -0.980777 0.584615 -0.359158 0.624354 -0.182687 -0.625402 0.0803476 -0.0167549 0.188789 
3.00703 0.0851618 3.11799 -0.613254 1.2442 -0.578527 0.311106 0.0711803 -0.936333 0.172785 0.127487 0.155145 
2.66856 0.00331673 2.85616 -0.0240518 1.67271 -0.41211 0.552311 -0.685861 0.0222932 0.260683 -0.119841 0.22892 
3.06158 0.0954051 2.60137 -0.665063 2.35343 0.0903932 0.501927 -0.229001 -0.408526 0.406296 0.0268238 0.187523 
3.05407 0.402975 2.55714 -1.02947 1.49189 -0.543705 0.487445 -0.0513017 -0.568735 0.344609 -0.0251843 0.168043 
2.88979 0.206681 3.04138 -1.48285 1.32958 0.205498 0.121267 -0.230676 -0.951946 -0.0591138 0.194743 0.209972 
3.4064 0.675532 3.62754 0.191639 2.42295 0.0784418 0.379623 0.970438 0.639142 0.322467 -0.112126 0.09297 
3.62039 1.09041 4.13393 0.498059 2.13116 0.555633 1.56905 1.64601 0.448873 0.618657 -0.11937 -0.0246127 
3.92804 1.26773 3.86716 1.08081 2.96622 1.69395 1.43165 1.14565 0.233968 0.245956 -0.0293561 -0.00463252 
4.28511 1.64029 2.91387 0.455803 2.46753 0.359732 1.5959 1.23856 0.117272 0.491844 -0.0874446 -0.0193724 
4.26263 1.42991 3.33145 -0.0282134 2.11406 1.45231 1.50881 1.45165 0.818139 0.38391 -0.191647 -0.0828838 
4.3994 1.43638 3.01105 0.168627 2.04706 1.32114 2.14137 1.30597 -0.208937 0.400127 -0.170739 -0.127609 
4.38755 1.79881 2.5389 0.355173 1.964 0.942178 1.80087 0.234448 0.176525 0.40981 -0.236071 -0.0781405 
4.4136 1.4299 3.80327 -0.0559225 2.59095 0.00888175 1.31702 0.505879 0.0517975 0.0918962 -0.389171 0.08935 
3.67352 0.700188 3.70625 0.966461 2.77155 0.534537 0.852465 0.752499 -0.215474 0.0514824 -0.0609497 0.0441095 
3.40729 1.06822 3.79604 0.197796 2.88286 0.791966 1.10548 0.69368 0.242888 0.22602 -0.228517 0.0557095 
3.41724 0.6166 3.3476 0.178567 2.43314 1.04726 0.691103 0.687697 -0.233215 0.31129 -0.192298 -0.070208 
3.22905 0.599757 3.96365 0.0099282 2.59549 -0.306148 -0.652606 -0.0114092 -0.369048 0.186535 0.103951 0.121022 
3.21618 0.80373 2.9538 0.0934096 2.38361 -0.134252 0.747202 -0.500142 -0.451477 0.33706 -0.0495 0.142022 
3.14475 1.13837 4.19056 0.535011 3.32819 0.54063 0.627988 0.850595 0.491724 -0.038812 -0.128035 0.114567 
4.76459 1.89578 3.84707 0.477487 2.46412 -0.514099 0.460472 0.406252 -0.456121 0.808068 -0.0954302 -0.06991 
5.43809 2.28641 4.37564 -0.255638 1.5241 0.129077 -0.317306 0.0819434 0.0296444 1.05899 0.249026 -0.00513799 
5.08001 2.31101 4.21731 -0.679754 1.23866 -0.23799 0.261482 -0.194553 0.847162 1.35407 -0.0418996 0.0311431 
5.29891 1.46025 3.28711 -1.37414 1.19251 -0.540696 0.0417163 0.0946026 -0.181501 1.21391 0.158551 0.00893904 
4.44482 2.69599 3.79408 0.754781 1.49131 0.0128956 0.0230492 0.512367 0.796355 1.18998 0.0860172 -0.0253184 
4.3888 2.52489 3.74274 1.55316 1.51085 -0.0760641 0.122738 0.711268 0.607097 1.25158 0.133008 -0.0150355 
4.63064 1.88556 3.77018 0.241054 0.909773 -0.200979 -0.14877 -0.0516869 0.576735 1.19333 0.0560052 -0.0579422 
4.18383 2.35356 3.84463 -0.715031 1.78248 -0.634228 -0.314159 0.68841 0.915634 1.02202 0.0465454 0.0282785 
3.9686 1.64947 4.19845 0.500407 1.69804 0.0721707 0.466944 0.697275 0.751172 0.460162 -0.110629 0.0126829 
4.14131 1.3464 3.81443 -0.176426 1.55191 0.210516 -0.438072 1.1918 1.05961 0.954306 0.186548 -0.0198124 
3.96485 1.46035 3.72236 -0.675501 2.25038 1.1079 0.682914 0.754594 0.821987 0.634202 0.0501566 0.0936685 
3.78652 1.1654 3.57648 0.447084 1.99198 -0.256865 0.795796 -0.0233171 0.188656 0.753502 0.160559 0.191226 
3.67972 1.08434 4.12345 0.132971 2.19724 -0.121593 0.666294 0.176226 -0.071619 0.530939 0.237977 0.24238 
3.1555 0.525343 3.93296 0.155299 2.2606 0.325337 0.72064 0.167825 0.0430275 0.898813 0.328745 0.173803 
3.22661 0.684209 2.56481 -0.440854 2.2593 0.360369 0.703462 0.273171 0.425592 0.0788735 0.0269325 0.18482 
3.20138 0.466071 3.03796 -0.696941 2.15574 -0.267239 0.0465994 -0.00121264 -0.556526 -0.000260773 0.148183 0.211298 
3.10726 0.385382 3.32392 -0.230514 1.53365 -0.347052 0.20134 -0.520627 -0.425963 0.0816704 0.160647 0.233446 
2.90807 0.09025 3.15978 -0.978204 1.97469 0.129353 -0.398955 -0.108927 -0.48035 -0.00594264 0.110462 0.177579 
2.89505 -0.347649 2.03548 -0.884746 1.66584 -0.373984 0.455473 0.443425 -0.300127 0.394092 -0.272098 0.10292 
2.92371 0.165158 2.78181 -0.397065 1.83949 -0.0207078 -0.0153173 -0.545475 -0.499778 0.00452547 0.219504 0.232375 
2.94236 0.228588 3.43384 -0.305427 1.42507 -0.81294 -0.304994 -0.400796 -0.600881 0.441144 0.12432 0.163204 
3.17064 -0.26987 2.82179 -0.380644 1.38785 -0.268068 -0.682983 -0.0135815 -0.782002 0.172803 0.2118 0.104436 
2.84536 0.492358 2.79902 -0.376571 1.4301 -0.502042 0.780315 -1.07984 -0.61894 0.531982 0.114399 0.224824 
2.80762 -0.131254 2.35119 -0.937331 2.29458 0.11664 0.129918 -0.756633 -0.106885 0.236094 0.0327632 0.289989 
2.86735 0.141338 2.82791 -0.323837 1.80229 -0.461256 -0.257601 -0.932035 -0.376868 0.286687 0.080693 0.224396 
2.83808 -0.0162931 2.72061 -0.884177 1.91252 -0.460725 -0.427495 -0.61599 -0.0986142 0.145366 -0.10569 0.251973 
2.9265 0.189475 3.26488 -0.710689 0.969092 -0.81761 0.148108 0.25724 -0.700315 0.0974737 0.0824902 0.16042 
2.69154 0.220269 2.27049 -0.103419 2.44169 0.0803416 0.740867 -0.451339 0.00627636 0.325587 0.237094 0.238234 
2.74741 0.498613 2.78077 -0.93623 1.95854 -1.153 -0.739207 0.319007 0.0684412 -0.464919 0.0306037 0.263088 
2.92168 0.0511164 2.86863 -0.872203 1.87745 -0.318543 -0.358508 0.0563168 -0.800554 0.0201728 0.177755 0.177293 
2.85878 0.16318 3.45122 -0.798245 2.18826 -0.397794 -0.613491 -0.148239 -0.294454 0.241206 0.0769545 0.188689 
