2.53952 -0.262719 2.45555 -1.05349 2.46775 -0.466215 0.403602 0.499602 -0.640369 0.0427986 0.198155 0.256295 
2.44457 0.387178 2.27398 -0.795953 2.01656 -0.549124 0.0636478 0.384462 -0.0671162 0.200628 0.0265408 0.144324 
2.64906 0.102414 2.39857 -0.547779 1.98951 -0.71007 0.134799 0.259611 -0.547286 0.0417016 0.128043 0.194709 
2.87809 -0.136382 2.48087 -1.60049 2.20241 0.974004 0.36538 -0.505035 -0.204887 0.539877 0.0746387 0.195288 
3.06552 -0.0252359 3.43167 -0.572236 2.05931 -0.597637 0.0970263 0.272104 -0.759638 0.45136 0.0608445 0.105792 
3.07995 0.168886 3.92741 -0.678513 2.2672 0.610628 0.801192 0.1309 -0.312936 0.122438 0.0481171 0.18254 
2.75723 0.0806479 3.59483 -0.383847 1.70862 -0.145493 0.398509 0.0912493 -0.0840441 0.257328 -0.0229284 0.145919 
3.25421 0.202604 3.84195 0.677264 2.42587 -0.104198 0.275997 -0.152951 -0.117438 0.462749 0.0889668 0.132556 
3.32287 0.878998 3.90528 1.25062 2.91015 0.335531 1.48174 0.301876 -0.355607 0.364155 -0.325069 -0.0494429 
3.87447 1.81037 3.40045 1.14777 1.33302 0.889813 1.63008 0.961305 1.078 0.0703715 -0.335793 -0.100657 
4.27162 2.3436 1.34975 -0.927466 0.312364 1.35999 1.77616 1.43348 -0.202102 0.229523 -0.243047 -0.14987 
4.74975 2.70827 1.11876 -1.70569 -0.145708 2.06457 2.54498 1.40514 -0.401188 0.306527 -0.261285 -0.0736521 
4.91237 1.84278 2.27752 -1.5757 1.39061 1.06911 1.94784 1.22159 -0.275606 0.282153 -0.0723061 -0.0198818 
4.66558 1.13321 2.5564 -2.36595 1.03111 0.622261 1.49744 1.61781 0.265617 0.364085 -0.00750808 0.0321612 
4.29033 1.39384 2.20304 -1.87806 1.38965 0.374999 0.868218 0.818237 0.97811 0.0804444 -0.0743326 0.0808276 
3.9239 0.750612 3.43982 -1.60628 1.05718 0.224918 0.804431 1.07301 0.569766 0.637237 0.109611 0.0835043 
3.55635 0.792941 2.57858 -1.06779 2.04448 0.341092 1.27928 1.141 0.547419 0.603413 0.0810532 0.0911989 
3.49662 0.284221 3.27279 -0.287769 2.45594 0.146068 1.03147 0.906542 0.180985 0.593179 0.0298684 0.110376 
3.21699 0.865684 3.6464 -0.398943 2.352 -0.541263 0.466372 0.557097 0.392992 0.32027 -0.0566414 0.151996 
3.13258 0.866581 3.11741 -0.150576 2.51016 -0.284814 0.601803 0.391406 -0.234505 0.841611 0.0831583 0.0528324 
4.67289 2.42102 2.80962 0.192166 0.878659 0.465863 0.197381 0.100661 -0.042406 0.395876 0.00507048 -0.0693486 
5.1346 3.1145 1.64065 -1.27011 0.290709 1.46878 1.2303 0.186179 -0.753411 0.706213 0.163863 0.0953242 
5.23424 2.94425 1.32801 -1.3862 0.168475 1.50644 1.78568 0.876909 -0.638529 0.71694 0.175367 0.0879151 
5.17722 2.18845 1.62464 -1.16607 0.800054 0.959093 2.25168 0.0701892 -0.37811 0.918084 0.359125 0.210472 
5.15206 2.27082 2.26711 -0.851479 0.957998 0.847204 1.01504 0.333634 -0.00576395 0.904871 0.349182 0.108386 
4.81849 2.58088 2.3715 -1.0454 0.847796 0.959958 2.03604 -0.213873 0.162246 1.52006 0.241194 0.13573 
4.57529 1.74095 3.2539 0.276247 1.60341 0.636404 1.07092 0.165687 0.0929001 0.761883 0.102324 0.029333 
4.1969 1.74313 3.05203 0.238393 1.08552 0.374633 0.278353 1.22117 1.02686 1.10478 0.292635 0.0227474 
3.83704 2.20389 3.95269 0.369514 1.11911 -0.128873 0.771099 0.656354 0.918426 1.11424 0.0817729 0.0595654 
3.73601 0.904579 3.18225 -0.0824119 3.24632 0.166946 0.458309 0.629133 0.474921 0.501155 -0.0777457 0.100113 
3.47782 0.642679 3.36095 -0.272446 1.65178 -0.268951 0.902717 0.862864 0.689585 1.18776 0.263367 0.143736 
3.5487 0.434724 3.84066 -0.592568 2.72695 0.935361 0.69118 0.107738 0.50629 1.08764 0.0471524 0.161275 
3.30673 0.172934 3.89941 0.529468 2.79196 0.69784 1.31396 0.712586 0.0757957 1.00414 0.0547762 0.0627916 
3.01322 0.268313 3.37776 -0.325519 2.82864 0.5098 1.36216 0.831959 0.3666 0.20653 0.0726841 0.232652 
2.99201 0.185508 3.11112 0.260686 2.83373 1.41234 1.21269 0.248375 0.487404 0.465793 0.100456 0.15139 
3.33776 0.45402 3.6995 -0.0712256 2.16743 0.318952 0.876795 -0.278618 -0.188963 0.169026 -0.0294071 0.192361 
2.97834 -0.238718 3.75823 -0.075719 2.65916 0.268639 0.697952 -0.0200753 -0.23483 0.347534 -0.140077 0.170038 
3.06297 0.1977 2.83515 -0.316484 2.1563 0.433899 0.770365 0.447917 0.395149 0.255289 0.081602 0.143643 
2.95471 -0.500512 2.65625 0.0555448 2.2027 -0.866335 0.271193 -0.729178 -0.0966794 0.334638 -0.146412 0.28414 
2.91486 -0.170055 2.68927 -1.16619 1.55323 -0.040742 0.0971558 0.460907 0.171666 0.188699 -0.0243721 0.157288 
2.46301 -0.0548443 2.54007 -0.23583 2.15228 -0.00381624 0.416267 0.578725 0.306204 0.00840261 0.0830259 0.168067 
2.95514 -0.27111 3.20745 -1.43117 2.38104 0.80859 0.318496 0.857833 -0.671641 -0.176927 0.164789 0.146892 
2.88611 -0.375389 3.63782 -0.177592 1.10885 -0.203358 0.657079 0.675307 -0.311879 0.234038 0.085967 0.104773 
2.61985 0.0336931 3.36331 -0.496892 2.03383 -0.497193 -0.0783868 -0.138408 -0.0502623 0.319031 -0.0384028 0.176636 
2.99702 -0.145206 2.35922 -1.07816 1.57793 -0.238221 0.463244 0.388364 -0.0364654 0.636302 0.197664 0.137904 
3.15918 -0.0340746 3.59272 -0.619434 1.91312 0.019235 -0.372992 0.708635 0.21107 0.319179 0.223511 0.105922 
2.77799 -0.110873 3.38606 -0.525968 2.04602 -0.0859891 0.107129 -0.399754 -0.881953 0.550305 0.264212 0.128599 
2.83404 -0.0299375 2.59307 -0.104419 2.18632 -0.626302 0.112626 -0.0106155 -0.362427 -0.11546 0.0508183 0.216786 
2.78086 -0.485507 2.42784 -0.590515 1.57387 0.347713 0.755366 -0.0146551 0.160922 0.134688 -0.136834 0.200704 
2.6661 -0.274061 2.89654 -0.817493 1.12553 -0.299412 0.585669 0.419036 0.321545 0.425634 0.286854 0.222678 
2.7303 -0.120824 2.72529 -0.383255 2.02009 -0.915438 0.414841 0.209801 -0.551442 0.312857 0.105638 0.203716 
2.54462 -0.0561448 2.98328 -0.624183 2.01075 0.188974 0.399594 -0.770245 -0.346241 0.0478228 0.043133 0.243362 
2.53892 -0.532684 2.195 -0.864428 2.85357 0.0653121 0.154854 0.373397 -0.886622 0.109193 0.0986292 0.195359 
2.91411 -0.330045 3.02968 -1.37207 1.69835 -0.227758 -0.620743 0.303059 -0.727003 0.24044 0.211031 0.133251 
2.56649 0.0196286 2.20223 -1.00576 1.67164 0.00327452 -0.297643 -0.00562161 0.147909 -0.0707534 -0.146195 0.183343 
2.81823 -0.0673232 3.42637 0.10884 1.98021 0.110582 0.573209 -0.152711 -0.441101 0.0651701 0.103807 0.152461 
2.62086 -0.0870563 2.05141 -0.707308 2.45308 -0.661295 0.52751 0.125142 -0.210217 0.387951 0.0552845 0.227939 
2.56844 0.161364 2.77182 -1.01107 1.86052 0.02698 -0.245922 -0.3327 0.147352 0.477538 -0.0416319 0.147467 
2.52789 -0.499878 2.98569 -0.501486 2.23692 -0.294501 -0.630178 -0.48208 -0.700837 0.263579 0.245968 0.196009 
2.7478 -0.513604 2.72739 -1.01508 1.65204 -0.38871 0.298521 0.506069 -0.726175 0.229132 -0.00524985 0.155963 
