3.4604 -0.524311 2.85379 -1.44094 0.820704 -0.287768 -0.847988 -0.428531 -0.767523 0.116832 -0.00524847 0.0311388 
2.8625 -0.235532 2.60525 0.362621 1.24452 -1.00217 0.756703 -1.48049 -0.32589 -0.0289939 -0.257074 0.166741 
2.88369 -0.134728 2.20861 -1.14701 1.71129 -0.252875 0.177504 -0.465381 -0.411954 0.0217103 -0.0895936 0.0917659 
2.63432 -0.282762 2.99985 -0.545871 0.800226 -0.508546 0.972368 -0.0863922 -0.701362 -0.102231 -0.186054 0.0391876 
2.78094 -0.0163505 3.21888 -1.78143 1.42831 -0.116239 -0.810076 -1.34948 -1.24974 0.301593 0.179374 0.152573 
2.71136 -0.000880894 2.36818 -0.677064 2.15948 -1.23096 -1.44204 -0.739446 -0.282755 0.153296 -0.180868 0.0634274 
2.69694 -0.153148 2.90455 -0.466997 1.23177 -0.666698 -0.238105 -0.813486 -0.918254 0.514664 -0.0520242 0.0315363 
2.86806 -0.529018 2.3765 -1.1408 1.10884 -1.15996 0.233768 -0.123958 -0.936313 0.0806531 -0.15495 0.110754 
2.67397 -0.135558 2.1003 -0.774532 1.21975 -1.25078 0.0928827 -0.610212 -0.97554 0.0220935 0.0989208 0.235853 
2.86388 -0.262891 2.59643 -1.49268 0.412511 -0.21519 0.482993 -0.627359 -1.42801 0.0923657 -0.0441236 0.0742393 
2.56371 -0.449198 1.58947 -0.546485 2.07588 -0.786899 -0.822196 -0.79892 -0.485947 -0.184239 -0.0162625 0.246972 
3.47395 0.426474 2.50553 -1.16559 2.39431 0.152656 -0.49223 -0.403255 -0.049384 -0.129077 -0.0611822 0.143938 
3.41415 0.946955 3.63158 0.940798 1.84457 0.358601 0.356908 -0.417705 -0.279656 0.534751 0.210577 0.0307912 
3.83779 1.13205 3.25426 0.226431 1.61888 0.187031 0.836217 0.404232 0.0045362 0.914467 0.0578998 -0.0447274 
4.50586 1.34539 3.46612 -0.715749 1.48977 -0.456657 0.661726 0.789373 0.309488 0.807871 -0.0602844 -0.000472759 
5.00436 1.43742 2.32439 -1.94223 1.93606 0.563761 1.26968 1.20687 0.30977 0.370307 -0.196425 -0.00941447 
4.94606 0.57808 2.55175 -2.15333 1.14821 1.55875 0.99536 0.946483 0.296983 0.189921 0.0996078 0.113127 
4.21371 0.681524 2.24492 -1.795 1.49369 0.755687 1.3646 1.0718 -0.257548 -0.36336 -0.0179074 0.121171 
4.08441 0.914538 3.03868 -1.24497 1.56865 0.249138 1.71305 0.47378 -0.786154 -0.171363 -0.216865 0.0867639 
4.0992 0.800571 3.45095 -0.91751 1.4445 0.2219 1.30063 -0.0616971 0.0441907 -0.259865 -0.244041 0.248972 
3.45558 0.691369 3.48253 -0.917321 2.27183 -0.0459057 0.916543 0.687959 0.395928 0.462128 0.0473792 0.208756 
3.40451 0.699628 2.65193 0.425895 2.58283 0.245785 1.32546 -0.662097 0.106526 0.448078 -0.0641088 0.136532 
3.42752 0.232649 3.31919 0.534879 2.07194 -0.0810692 0.123979 -0.868244 -0.589809 0.644562 0.0761543 0.0280643 
3.50724 0.329742 2.79986 -1.28132 1.65381 -0.465234 0.146918 -0.033503 -1.07714 -0.3247 0.0546087 0.170276 
3.10957 0.0335094 2.34452 -0.883066 1.97167 -0.281708 -0.0413024 -0.0232754 -0.169719 -0.171776 -0.119387 0.0547918 
4.16515 1.2773 4.04639 0.451525 2.013 0.529744 1.33912 0.322856 -0.582415 0.264152 -0.177933 -0.067026 
4.93629 2.01527 1.6666 -1.05955 1.01334 1.01958 0.660492 0.211643 -1.28166 -0.504432 -0.017647 0.010992 
5.31736 2.8505 2.01179 -0.354237 1.03941 1.65079 1.80135 0.52257 -0.820714 -0.0806579 -0.110785 -0.0281808 
5.51411 2.86305 1.42062 -1.02581 0.241515 1.08672 1.51545 0.707963 -0.364403 0.507834 0.124192 0.0135893 
5.34584 3.04234 1.58645 -1.35775 -0.0113125 1.62937 1.66966 0.911337 -0.263624 0.662589 0.120228 0.0366205 
5.1133 2.23845 2.12179 -0.81737 1.12385 0.471944 0.319844 0.705771 0.528234 0.89236 0.295963 0.0263244 
5.30411 1.73541 2.83041 -0.670597 0.753925 -0.153447 0.784112 0.41785 0.469032 1.313 0.249958 0.00837036 
5.0593 2.28332 2.6 -0.360447 0.929663 0.669787 1.41891 0.342924 -0.372784 0.87109 0.111705 -0.048119 
4.46416 2.30556 3.85279 0.144291 1.36576 0.145144 0.193512 0.997057 0.570075 0.891289 0.129691 -0.0364496 
4.65076 1.98057 2.78795 -0.978283 1.1363 0.224385 0.280586 0.0961144 0.656113 0.55342 -0.0291502 -0.0170473 
4.46064 1.55826 3.66805 -0.146759 1.04229 -0.668456 -0.836008 0.817567 0.667599 0.585684 0.114035 -0.027804 
4.29022 1.54889 3.46485 0.371531 1.199 -0.764081 0.355364 0.054147 0.542047 1.16721 0.045409 0.0206711 
3.80682 0.953278 4.1886 -0.0259264 2.24064 0.0515733 0.0452776 0.287326 -0.0948782 0.219076 -0.0276489 0.0540335 
3.54095 0.840183 3.4941 1.14868 2.39736 -0.514349 0.482551 0.729935 0.371543 0.507411 0.0414869 0.0783013 
3.63614 1.07939 3.43612 0.337917 1.71485 -0.576035 0.747888 -0.78409 0.0765476 -0.145151 -0.0424751 0.220589 
3.34826 0.419349 4.16878 0.320837 2.3995 -0.166298 0.540563 -0.336744 -0.624996 0.695954 0.146666 0.125405 
3.50343 0.3267 3.6762 0.00261195 1.83711 -0.786119 -0.0823715 -0.563272 -0.572791 0.295999 -0.226055 0.0528333 
3.43516 0.660773 3.93738 -0.940661 2.15484 0.682405 0.897738 -0.391912 -1.53879 0.0602128 -0.0588541 0.0196228 
3.2625 0.207735 3.47915 -0.230028 2.10522 -0.269569 -0.527897 -0.306902 -0.519029 -0.331619 -0.0444352 0.0679861 
3.45909 0.295419 4.04041 -0.035488 2.14778 -0.204056 0.163861 -0.0779916 -0.65421 -0.0479191 -0.024321 0.119719 
3.71332 0.0436125 3.47153 -1.70468 1.63452 -0.462654 -0.82189 0.885253 -0.540344 -0.61782 -0.174694 0.0170675 
3.19952 0.366335 3.11311 -0.732185 2.06509 -0.26389 -0.0164943 -0.314436 -0.665848 -0.110981 -0.242961 0.00663742 
3.02221 0.297275 2.65272 -0.767055 1.30881 -0.289566 0.429387 -1.36802 -0.78257 0.315412 -0.126193 0.0782108 
2.86376 0.319138 2.81214 0.197992 1.88247 -0.747073 -0.439743 -1.5644 -0.142806 -0.132864 -0.0316736 0.153827 
3.12374 0.571043 2.50602 -2.08006 1.24017 -0.752413 -0.11793 0.01809 -0.20052 -0.666344 -0.316653 0.108866 
3.10365 0.252078 3.17102 -0.856027 1.60676 -0.438239 0.199234 -0.572552 -1.43936 -0.387109 -0.00941861 0.0753764 
2.763 0.127261 3.03745 -1.04098 1.36967 -1.01229 -0.630202 -1.06268 -0.455537 -0.264233 -0.159098 0.170262 
2.81642 0.188054 2.56423 -0.220013 1.69521 -1.28374 0.00545138 -0.796211 -0.826585 0.086038 0.0386587 0.137402 
3.08732 -0.280105 2.45299 -0.406424 0.076358 -0.994782 1.18184 -1.10977 -0.681106 0.109557 -0.211042 0.0937569 
3.04414 -0.00454012 3.36511 -0.552199 1.97113 -0.54992 -0.178227 -0.505226 -0.49989 -0.386479 -0.20515 0.135562 
2.92631 0.116275 2.46536 -1.00666 1.76143 -1.1549 -1.05108 -0.517975 -0.932743 -0.187848 0.0482943 0.119476 
2.81778 0.114421 2.7771 -1.16279 0.776596 -1.05604 0.346828 -0.775044 -0.565427 -0.564624 -0.12638 0.239613 
2.81105 -0.16487 2.76214 -1.12867 1.48131 -0.607582 0.389694 -0.549665 -0.477879 -0.148386 -0.221147 0.15666 
2.77071 -0.204513 2.60359 -0.67441 1.57084 -0.586133 -0.302948 0.177805 -0.734354 0.00806587 0.00270816 -0.00716525 
2.90992 -0.139585 2.78594 -1.31815 1.15805 -0.585884 -0.845594 -0.81197 -0.445116 0.184366 -0.0633876 0.147599 
