2.66483 -0.0665413 2.15845 -1.44696 1.15921 -1.18967 -0.991254 -0.775975 -0.334598 -0.600856 -0.263067 0.165832 
3.03174 -0.490294 2.77181 -1.09671 1.83029 -0.89615 -0.685688 -0.0687442 -0.858455 -0.271094 -0.117542 0.147569 
2.82013 0.0600803 2.22156 -0.72417 1.49784 -1.02315 0.0683646 -0.541869 -0.550036 -0.227556 -0.0465555 0.132156 
2.49896 -0.496322 2.26763 -1.22489 1.01317 -1.66382 -0.235306 -0.883383 -1.09257 0.0310445 -0.191762 0.17426 
2.61096 0.0621529 2.65998 -1.08374 1.0187 -0.618094 -0.362842 -1.56617 -0.563917 -0.167499 -0.0490732 0.203267 
2.69635 -0.00274451 2.22618 -0.519194 1.67784 -0.800205 -0.642441 -1.51805 -0.395548 -0.100583 -0.0729387 0.130835 
2.67478 -0.151354 2.09649 -0.751455 1.35216 -1.43672 -0.454225 -0.358574 -0.568646 0.0891042 -0.281182 0.107631 
2.91055 -0.221019 2.71369 -1.17097 1.32596 -0.814494 -0.315653 -0.267488 -1.34923 0.127908 0.0357505 0.0421015 
2.58 -0.175502 2.47863 -0.967572 1.36624 -1.05637 -0.460645 -0.358182 -0.519865 -0.282096 -0.167771 0.176034 
2.62015 -0.557257 2.14552 -1.21095 0.78654 -1.03438 -0.689828 -0.931736 -0.30521 -0.360654 -0.379522 0.146084 
3.02079 -0.199091 2.52456 -0.859715 1.32834 -0.91887 -0.349038 -0.72237 -1.33805 0.234544 0.0306832 0.0667201 
3.15502 0.508193 3.64066 -0.107375 2.43038 -0.0704459 -0.117027 0.13406 -0.306659 0.0555869 0.162648 0.108479 
3.3862 1.1491 3.80896 0.986753 3.12603 1.38976 1.9882 0.418719 0.0426098 0.560777 -0.264392 -0.00108241 
4.09459 1.61265 4.30692 0.816629 3.0563 0.845663 0.984164 0.472408 0.0585207 0.517117 -0.144174 -0.0112537 
4.22065 1.30836 3.2767 -0.0983541 1.87637 1.44389 0.444861 0.841995 0.750196 0.0761238 0.0210357 0.0151899 
4.14285 1.16494 2.46116 -0.272482 1.56034 0.847571 1.9291 0.386525 0.394906 0.221466 -0.0995987 0.0698121 
4.19922 0.891701 2.57372 -1.15188 1.90847 0.315402 1.71515 1.19656 -0.0693213 0.150063 0.0113644 0.15331 
4.28761 1.15453 2.49776 -1.3961 1.4202 0.638723 1.7409 0.808032 -0.466124 -0.0313911 -0.000365864 0.112953 
3.6852 0.891373 3.09975 -0.118552 1.7231 0.411269 1.56846 0.686754 -0.307665 0.242975 0.0677961 0.0709539 
3.43851 0.730106 4.50748 0.145226 2.31513 0.007892 0.855982 -0.0963721 -0.488524 0.498218 -0.0295226 0.12239 
3.13424 0.975898 4.24512 -0.194692 2.02886 0.136919 1.01716 0.430342 -0.959412 0.464683 0.300866 0.0532546 
3.1269 0.374036 3.56597 -0.791897 1.82852 -0.503126 0.0134385 0.162516 -0.392301 -0.108547 -0.0234228 0.140036 
3.0162 0.152949 2.39971 -1.41773 1.07423 -1.44451 -0.614097 0.0262424 -0.340338 -0.000848931 -0.0634227 0.0701658 
3.32122 0.220321 2.73651 -1.26537 1.48428 -0.80955 -0.00125484 -0.38165 -0.376245 -0.234545 -0.0464594 0.237905 
3.89617 1.11946 3.48178 0.0846171 2.00124 -0.505368 0.729219 -0.0226636 -0.720851 0.015162 -0.0705049 0.0684929 
4.30915 2.629 3.26411 0.623119 1.73771 1.69048 0.858115 0.35457 -0.931335 -0.301783 -0.130469 -0.0904375 
4.82563 2.73255 2.61949 0.223992 1.48274 0.934478 0.851423 0.0497547 -0.637048 0.0845066 -0.0753014 -0.0506584 
5.15332 2.57839 3.46999 -0.844227 1.02849 1.7599 0.571714 0.188767 -0.174254 0.520472 0.14366 -0.00399291 
4.45314 2.18608 3.01231 0.563266 0.957231 -0.695813 0.03082 0.405812 0.468528 1.18667 0.148413 -0.0256076 
4.20951 2.54064 4.04311 0.64876 1.18996 -0.330326 -0.366764 0.878298 0.771692 0.746514 0.074771 -0.0225941 
4.36979 2.54768 3.68321 0.363998 1.59153 -0.404382 -0.292566 0.598043 0.677994 0.815217 0.0265409 -0.0359383 
4.46694 1.88168 2.95812 -1.04849 0.115368 -0.2037 -0.684153 -0.18911 -0.0456937 0.706978 0.120348 -0.0746705 
4.30071 1.93902 4.04353 -0.77544 1.16694 -0.489858 -0.690287 0.720527 0.476764 0.725497 0.116881 -0.0238258 
3.87215 0.926096 3.22715 -1.52656 1.23246 -0.630792 0.692223 0.249942 0.287278 0.739365 0.0480125 0.175047 
3.8012 0.88375 3.60755 -0.814709 1.63459 -0.0865013 0.118637 0.12839 0.0853815 0.93762 0.107174 0.0383767 
3.65458 0.419991 3.57772 -0.705991 1.48567 -0.343442 0.242923 0.466411 -0.0947338 0.145767 0.225254 0.181107 
3.49332 0.473001 3.41219 0.317354 1.94233 -0.447755 0.527158 -0.407666 -0.288409 0.150003 0.180496 0.207094 
2.99942 0.928768 4.54548 0.133207 2.74686 -0.100051 0.55057 0.524884 -0.445953 0.397957 0.164101 0.0841981 
3.14735 0.206162 3.33031 -0.041586 1.84486 -0.577888 -0.691479 -0.452355 -0.255139 0.386304 -0.0208597 0.0341007 
2.88919 0.399767 2.98478 -0.700971 2.35465 -0.924563 -0.402845 0.13211 -0.821465 0.0542999 0.0720322 0.0841013 
2.92725 -0.137186 2.53141 -0.717418 1.6026 -1.01316 -0.104358 -0.851771 -0.569525 0.074392 -0.132045 0.174932 
2.86018 -0.0773984 2.70042 -0.845148 1.29657 -0.372781 -0.0283705 -0.164019 -0.830738 -0.371087 0.0274135 0.155553 
2.7789 -0.00919267 2.45146 -1.37534 1.27125 -1.04465 -0.738159 -0.23869 -0.885875 -0.353314 -0.120769 0.11951 
2.64649 0.143663 2.49041 -1.50838 2.23487 -0.808267 -0.173363 0.193066 -0.874079 0.124147 0.0971338 0.109225 
2.5267 -0.219939 2.75681 -1.18047 1.32475 -0.357957 -0.0773383 -0.507992 -0.970366 -0.413054 0.0583683 0.209161 
2.86971 -0.214824 2.65544 -1.3204 1.09848 -0.896494 -0.406357 -0.690344 -1.22311 -0.109255 -0.0732828 0.106528 
2.54475 -0.142585 2.85967 -0.965616 1.31646 -0.611919 0.505449 -0.26843 -1.2224 -0.0863246 0.0596076 0.0885323 
2.65059 -0.391807 2.53823 -0.640168 1.56539 -0.767641 -0.0123515 -0.195634 -0.359033 -0.0418272 -0.261815 0.104451 
2.68417 -0.714201 2.86617 -1.3158 0.275419 -0.950155 -0.400259 -0.60578 -1.11452 -0.296899 -0.204659 0.0858979 
2.63742 -0.409482 2.67345 -1.65726 0.906345 -0.242343 0.184556 -0.610683 -1.12516 -0.379996 0.0223538 0.189647 
2.53426 -0.10503 2.27483 -2.04441 1.25585 -0.789622 -0.633537 -0.243897 -0.458354 -0.520315 -0.220601 0.1525 
2.58731 -0.548323 2.60786 -0.432543 0.926353 -1.1316 -0.142379 -1.2544 -0.742144 -0.31446 -0.2474 0.184719 
2.81165 -0.531097 2.60136 -1.64678 1.15305 -0.666334 -0.279295 -0.14486 -0.960379 -0.203352 -0.0560121 0.116441 
2.86263 -0.310369 3.15519 -1.48761 1.27268 -0.680173 -0.838589 -0.388782 -0.92443 -0.0116799 0.239617 0.0944658 
2.3471 -0.467298 2.00334 -1.30072 1.46382 -1.03458 -1.35036 -0.790735 -0.520357 -0.156571 -0.240617 0.0729577 
2.66481 -0.170958 2.00479 -0.786269 2.4334 -1.07666 -0.660988 -1.12731 -0.385887 0.117703 -0.303636 0.188928 
2.6261 -0.507623 2.86267 -1.01176 1.5898 -1.07325 -0.850452 -0.646047 -0.715555 0.112161 -0.196437 0.0896228 
2.40416 -0.487302 2.38462 -1.88483 1.28691 -1.6775 -1.16207 -0.444015 -0.93011 -0.181886 -0.0562416 0.125051 
2.53815 -0.208139 2.92584 -1.66287 0.944178 -0.860101 -0.608134 -1.02727 -1.41275 -0.039399 -0.0184692 0.0859769 
2.39726 -0.431787 2.54596 -1.51187 0.89922 -0.756009 -0.0944766 -0.502113 -0.54283 0.0718617 -0.189877 0.160872 
