2.60878 -0.146476 2.06614 -0.549185 1.30786 -0.610472 0.0893895 0.244805 -1.0413 -0.151529 0.0957827 0.107023 
2.62897 -0.413346 3.80478 0.113293 1.88676 -0.613009 0.104858 -0.573089 -0.819275 0.483673 -0.0598856 0.0652933 
3.03363 -0.185207 2.63891 -1.18084 1.76989 -1.12997 -0.194483 -0.520394 -1.14564 -0.0496563 -0.188125 0.192613 
2.34934 0.0513154 3.04471 -0.740462 2.25656 -0.359327 -0.0608966 -0.625037 -0.608547 -0.0177598 -0.0529577 0.200105 
2.79617 -0.485219 2.84932 -0.532509 1.79784 -0.579596 -0.00193224 0.582475 -0.685749 -0.105048 0.0678183 0.0848261 
3.10933 -0.298218 2.90383 -1.01535 1.37912 -1.13834 -0.152397 -0.551159 -0.850218 0.0955252 -0.236621 0.18057 
3.71893 -0.56782 1.63344 -3.6545 0.154128 -0.672326 -0.574234 -0.411161 -0.602922 0.477976 0.121739 0.238089 
3.54334 0.151044 0.772985 -3.02105 -0.790998 -0.922921 -0.23734 0.206432 0.841368 0.943528 -0.0557587 -0.00247619 
3.35264 0.401935 2.16991 -3.36435 -0.475025 -1.68697 -0.165706 0.857744 0.723562 0.405202 -0.142905 0.104156 
3.2436 -0.00562555 1.40591 -1.33757 0.460269 -0.90239 -0.541527 -0.0922354 0.442536 0.495591 -0.205583 0.0294092 
3.09027 -0.244688 2.51754 -2.22844 0.840401 -0.854962 -0.538926 1.20951 -0.241656 -0.442028 0.00886608 0.0754508 
3.09721 -0.128545 3.1115 -1.0512 1.81907 -0.579703 -0.192518 -1.02747 -0.969916 -0.0736948 -0.0579445 0.242065 
2.89178 -0.461328 2.34463 -0.632389 1.57161 -0.819561 -0.376151 -0.891207 -0.0778124 0.299336 -0.0748628 0.225713 
2.78281 0.106753 2.63646 -2.16953 1.10215 -0.407519 0.518125 0.386083 -0.67559 -0.181796 -0.180282 0.143205 
3.04859 0.132011 3.25732 -0.374761 2.33378 -0.52337 0.0567281 -0.183523 -0.543996 0.0569517 -0.219039 0.08945 
3.53481 1.57996 2.8506 0.28395 1.81121 1.07019 0.507091 0.981863 0.172272 0.262479 -0.0175233 -0.0790626 
3.68542 2.20716 3.31077 1.09142 0.579064 0.734134 1.03248 1.3989 0.904783 0.79142 -0.0400887 -0.0748078 
4.2116 2.33192 2.94394 1.48418 1.38086 0.605016 1.11108 1.44001 0.853609 0.981754 -0.0297805 -0.10222 
4.73134 2.41408 1.52245 -0.0787243 1.33666 2.02393 2.52717 0.693241 -0.75867 0.160575 -0.073127 0.00194213 
4.59252 2.30166 1.06265 -0.99555 0.922267 2.13478 2.36846 0.871938 -0.614132 0.0616301 0.00705084 0.0846576 
4.41034 1.37989 1.41851 -0.884219 1.20318 1.10171 1.92308 1.05485 0.258396 0.0287176 0.167106 0.153825 
4.2473 1.07187 2.36946 -0.663838 2.16753 0.907506 1.59329 1.34405 0.0377278 0.15602 0.239326 0.189407 
3.89635 1.3324 3.63138 0.494996 2.84375 1.83658 2.35741 1.14511 0.257566 0.083353 -0.0712007 0.104433 
3.72922 1.33321 2.92838 0.193582 3.38333 1.14715 1.0892 1.1792 0.232821 0.0469045 -0.144674 -0.00587367 
4.20746 1.24958 4.19998 -0.507407 1.87291 0.0178038 1.01055 0.951602 -0.189296 0.256573 -0.110073 0.0482437 
3.17536 0.589208 3.95894 0.695977 2.64621 0.515526 1.07401 0.673308 0.0793582 0.827521 0.0264778 0.0324942 
3.2599 0.575534 4.31133 0.481838 2.25483 0.444646 0.574519 0.769706 0.07811 0.588881 0.148515 0.0468488 
3.48797 0.786558 4.48545 0.22178 2.0363 -0.488111 0.292299 -0.0792177 -0.248535 -0.0324385 0.0670321 0.233428 
3.98621 1.40628 3.63768 1.14428 2.86424 1.2174 1.72637 0.390282 0.0114735 0.196614 -0.236519 -0.0249421 
4.33166 2.30727 4.57984 1.61111 2.38302 0.584724 0.560727 0.234725 0.210819 0.11813 -0.195246 -0.061862 
4.76247 2.56504 3.90289 0.203407 2.02876 0.38627 -0.0724583 0.235316 -0.0430127 0.82254 0.0726545 -0.0618228 
4.35639 2.07924 3.36998 0.495703 1.63485 -0.38021 -0.34413 0.461274 0.602478 0.492667 0.0434298 0.00477643 
4.16441 2.35988 3.24072 0.528922 0.885677 0.0953901 -0.00887288 0.0181625 0.334209 0.470501 -0.0707837 -0.0680558 
4.227 2.42333 4.47938 1.30977 1.38278 -0.0540903 -0.336384 0.359255 0.419256 0.920731 0.0664793 -0.00946948 
4.25987 1.89637 3.98367 0.742097 1.95372 0.625886 -0.061567 -0.111538 0.0905778 0.675046 0.00776247 -0.0429809 
4.18906 1.63719 4.12057 0.493248 2.02578 0.162951 0.640508 -0.227326 0.00633089 0.563471 -0.2226 -0.0263285 
3.84421 1.42963 3.92179 0.824343 2.0271 -0.962377 0.588683 -0.0873577 0.261501 0.930191 -0.180301 0.0430559 
3.48787 0.920946 3.56715 0.421699 2.03962 -0.70523 0.350044 0.02279 -0.264994 0.623061 0.122421 0.0715255 
3.35492 0.844748 3.48434 -0.387319 2.23329 -0.0573315 1.00754 -0.0893571 0.319565 0.341157 0.178415 0.289166 
3.42762 0.348783 3.12381 -0.395156 2.72292 -0.189217 0.418116 0.274252 0.0479965 0.434107 0.0313043 0.148181 
3.34971 0.971978 4.08497 0.001736 2.41156 -0.189022 0.2003 -0.257682 -0.649434 0.592445 0.111131 0.0775744 
3.21761 0.125189 3.33128 0.306813 2.39414 -0.0482255 0.198569 0.488979 0.475036 -0.279585 -0.0903096 0.182393 
3.36936 0.0607616 3.00304 -1.22158 1.93935 -0.264764 0.0251734 0.391134 0.172699 0.495952 0.222271 0.188186 
3.07557 0.317985 3.15065 -1.33693 1.07537 -0.971402 -0.519743 -0.405705 -0.507347 0.303394 -0.0298338 0.133673 
2.97478 -0.103757 2.96884 -0.810426 2.31229 -0.470968 0.382481 0.134466 0.169021 1.07753 0.251773 0.158668 
3.02243 -0.371773 2.95979 -1.20518 1.25006 0.0318254 0.458148 0.257101 -0.279115 0.193622 0.168353 0.146475 
3.14433 0.628536 3.74608 -0.721798 2.52447 -0.67293 -0.547427 -0.441756 -1.37121 -0.513718 0.245707 0.164292 
2.82423 0.372827 3.16531 -1.13039 1.64189 -0.124989 0.439419 -0.329435 -0.855657 0.121028 0.187862 0.11912 
2.82797 -0.170253 2.7028 -0.684977 2.51052 0.0665522 -0.0246458 -1.0207 -0.490476 0.191366 -0.101145 0.14198 
3.13499 -0.040288 3.64265 -0.551889 1.86613 -1.00345 -0.438179 -0.101766 -0.955039 -0.0703416 -0.0735021 0.106307 
3.22266 0.305757 3.50557 -1.01213 1.56157 -0.733726 0.0641941 -0.733257 -0.697968 0.126285 -0.121222 0.19356 
2.92189 0.161052 2.43353 -1.70858 1.21054 -0.806996 0.539202 -0.0730463 -0.452863 -0.232423 -0.210644 0.164463 
3.31971 -0.119427 3.28357 -0.451204 2.3655 -0.742087 -0.908956 -0.449844 -0.403443 -0.0734139 -0.193512 0.0968644 
2.86176 -0.101884 2.56848 -1.38327 1.2464 -0.680741 -0.0309137 -0.587122 -0.1605 0.0575849 -0.142516 0.233866 
3.05843 -0.366093 2.95681 -1.75466 0.547666 0.116031 -0.0622412 -0.121729 -0.456537 -0.227781 -0.086559 0.166671 
2.89905 -0.224515 2.10063 -0.658567 2.44983 -0.847355 -1.07059 -0.597023 -0.486412 0.0480369 0.0416812 0.134839 
2.61161 -0.347943 2.45168 -0.906991 1.8176 -0.553874 -0.50561 -0.748977 -0.615103 0.106546 -0.0670583 0.190077 
2.74384 -0.489608 2.20005 -1.21054 1.97995 -0.451419 -0.5182 -0.379636 -0.787879 0.113819 0.0362784 0.185699 
2.55933 -0.247648 2.58984 -0.901467 2.26715 -1.13309 -0.448122 -0.222028 -0.238377 -0.0294124 -0.1949 0.198191 
2.65495 -0.29123 3.04733 -0.487159 1.26975 -0.412131 -0.803609 -1.11181 -0.549705 -0.149756 0.223973 0.229059 
