2.52339 0.0811852 2.89351 -1.08345 1.79492 0.703507 1.26614 0.529284 0.0434528 0.418301 0.00559333 0.149994 
2.83972 0.208928 3.01029 -0.318848 1.8159 0.520229 0.446203 -0.16744 0.00103138 0.281436 0.3405 0.213827 
2.73654 0.474116 2.85457 -1.06765 2.36157 0.283545 0.138896 0.722655 -0.430755 0.249703 0.256788 0.111284 
2.75179 0.303019 2.48038 -0.811933 2.39944 -0.780684 -0.0410444 -0.188411 -0.251934 -0.0731549 -0.0706446 0.261329 
2.70419 0.118999 2.71795 0.206881 2.25972 -0.417262 0.0933018 -0.267059 -0.834811 0.205192 0.148163 0.147763 
2.8881 0.0160148 2.51625 -0.0242223 1.69164 1.02875 0.818993 -0.359175 0.282979 0.263346 -0.0141531 0.157881 
2.87358 0.261608 2.85527 0.0870755 1.64822 -0.161427 0.508119 -0.212663 -0.408848 0.531749 0.152428 0.125931 
2.56413 0.0433243 3.64279 -0.714848 1.87487 0.146222 1.04918 0.196188 -0.984244 -0.0317242 0.257266 0.207112 
2.85701 0.314248 2.98971 -0.75763 2.48063 0.219815 -0.309022 0.0718437 -0.232359 0.519393 0.229187 0.123235 
2.47255 0.215248 3.05145 -0.418595 2.39212 0.223403 0.553877 0.15484 -0.305248 0.801544 0.14823 0.102802 
2.71694 -0.233544 3.3683 -0.259671 1.48872 -0.224295 -0.421811 0.0724421 -0.515569 0.604409 0.241262 0.0729247 
3.01763 0.745433 3.69131 0.759338 2.26631 -0.128898 0.659805 -0.407793 -0.166353 0.633941 0.070992 0.126611 
3.79386 1.20129 4.2483 0.880202 3.7204 1.69308 1.83823 1.50207 -0.204038 0.262509 -0.0810982 0.00445661 
4.41195 1.54377 4.35058 0.385775 1.60604 1.07756 2.39933 2.40227 0.957302 0.640599 -0.236114 -0.160918 
4.14493 2.04575 3.16976 0.256735 1.67635 1.79304 1.4976 2.43206 1.25643 0.807279 -0.142104 -0.191216 
4.00499 2.29324 3.06086 0.648119 2.12087 1.37934 1.58547 2.38317 1.72249 0.926378 -0.188053 -0.149792 
3.96775 2.15564 2.95085 1.56417 1.91646 1.76869 2.69547 1.61204 0.530099 0.452795 -0.128896 -0.0635298 
3.56849 2.26293 3.10536 0.721862 2.44988 1.38397 1.4926 1.95491 0.903543 0.38823 -0.088054 -0.0524334 
3.68567 1.70018 4.4785 0.229904 2.40145 0.683803 1.98501 2.04183 0.763963 0.608517 -0.199473 -0.0146617 
3.44596 1.07464 4.18765 1.2202 3.03637 1.2477 2.12948 0.778832 0.640075 0.436304 -0.11424 0.148293 
3.63286 1.52246 4.52344 0.334166 2.0203 0.889193 1.54535 1.76425 0.617207 0.249475 0.0505729 0.0571314 
3.23272 0.566415 4.09484 0.618355 3.17084 1.49089 1.29456 1.46079 0.363747 0.0448705 0.104236 0.146632 
3.17422 0.790664 3.67385 -0.0855901 1.79081 1.14345 1.76939 1.33218 0.632949 0.306809 0.093402 0.128714 
4.07313 2.78838 3.32739 0.952985 0.693238 -0.14831 0.235186 -0.169529 -0.226262 0.391975 0.0265696 0.00252696 
4.83015 2.82693 1.90602 -0.499874 0.578216 1.48227 1.0692 0.239097 -1.09983 -0.37129 -0.167073 -0.0235468 
5.27416 2.48361 1.07938 -1.19577 1.05071 0.928441 0.977569 0.294726 -0.755433 0.0505766 0.143729 0.103639 
4.63091 2.44013 0.960114 -0.700114 1.0449 1.5337 1.29616 0.56971 -0.347338 0.0116374 0.188656 0.146911 
4.50835 2.86187 1.40609 -0.436747 0.424025 1.21936 1.60711 0.786381 -0.25085 0.495196 0.169043 0.127899 
4.58196 2.66638 1.35467 -1.09097 0.677437 1.53738 1.28071 0.583896 -0.4018 0.466363 0.275926 0.176153 
4.07406 2.23992 1.88931 -0.0787682 1.02886 -0.0295968 1.00208 1.2378 0.310277 0.871267 0.298068 0.083251 
3.99489 2.11063 2.19769 -0.862779 1.1941 0.993375 1.19361 0.774936 -0.139767 0.81567 0.391755 0.154434 
4.52969 1.71666 2.73743 -0.685005 2.51917 -0.515126 0.569642 0.883952 1.18821 1.11673 0.102045 0.175356 
3.99602 2.16705 3.88468 0.872801 1.02779 -0.314882 0.539808 0.638835 1.20378 1.33518 0.163734 0.0840259 
3.74347 1.7938 3.05473 1.28165 2.16349 -0.0650186 1.173 0.809977 0.809827 0.74114 0.025048 0.0620857 
3.8935 0.89657 4.37481 0.267262 2.45912 0.0517122 0.752518 0.771932 0.758 0.60034 -0.0735777 0.211124 
3.40473 1.26365 3.61129 0.23257 3.35892 1.42971 1.2199 0.206097 0.733592 0.217654 0.121653 0.23944 
2.95436 0.645041 3.61276 1.09057 3.40233 0.497865 1.0403 0.788722 0.743435 0.429856 0.0720056 0.189898 
3.12186 0.924685 3.8216 0.793118 2.99263 -0.111959 1.14547 0.587206 0.346382 0.980008 0.121599 0.17449 
3.14986 0.273053 3.09388 0.92691 1.83287 0.721857 1.86555 6.55012e-005 -0.238984 0.234411 0.216751 0.182147 
2.9518 0.537932 3.62821 0.618308 1.55948 -0.117846 1.34552 -0.17837 -0.355657 0.127173 0.174533 0.186798 
2.84977 0.401084 3.25812 0.0845094 2.11896 0.583852 -0.280848 -0.539947 0.0975116 0.26777 0.0746611 0.123229 
2.59888 0.453732 3.26432 -0.529005 2.05646 -0.24092 0.188255 -0.547032 -0.409835 0.169838 0.034252 0.202454 
2.84901 0.0691663 3.0923 0.153131 2.19487 -0.322728 -0.126523 0.161524 -0.214728 0.411837 0.110199 0.115173 
2.94895 0.261293 3.43001 -0.369384 1.94399 0.49685 1.03654 0.515191 0.228199 0.739655 0.241183 0.164009 
3.23913 -0.0932481 2.50282 -0.724456 2.04551 -0.278274 0.185728 0.333788 -0.532378 0.485082 0.0022146 0.0971439 
3.08448 0.405996 2.35482 -0.354967 2.08658 0.011693 0.554576 -0.446178 0.0991913 0.39097 0.147258 0.227774 
3.08731 0.284942 3.044 -0.502403 1.72835 -0.164531 0.550689 0.340747 -0.292742 0.103226 -0.0505108 0.140502 
2.90236 0.43176 2.08856 0.161871 2.29228 -0.0482081 0.816364 -0.715992 -0.070612 0.117684 0.0875448 0.227115 
3.06989 0.584843 2.93694 -0.120784 1.22407 -0.121058 1.03078 -0.542567 0.109458 0.103203 0.0787747 0.241716 
3.08762 -0.0693026 2.68456 -0.461887 2.24658 0.0331934 0.236225 -0.31372 -0.107018 0.34689 -0.0221243 0.198874 
2.88073 -0.069982 3.25671 -0.507516 1.58171 -0.105057 0.679485 0.279423 -0.443609 0.0208448 0.0349816 0.192841 
2.71874 -0.0652293 3.04141 -1.02954 1.65779 0.126002 -0.14938 -0.505298 -0.543418 0.220237 -0.0938368 0.173464 
2.73903 0.267451 2.96134 -0.333133 1.54242 -0.783496 0.682501 0.196419 -0.161868 0.212034 -0.245234 0.159967 
2.8664 0.632856 2.35037 -1.38223 2.37437 -0.447796 -0.566117 -0.13631 -0.596506 -0.0741342 -0.0239654 0.172529 
3.02277 -0.00568424 3.13776 0.212957 1.99919 -0.626248 -0.373751 -0.425431 -0.975857 0.0421728 0.263664 0.18643 
2.98318 0.405831 3.54837 -0.581709 1.72011 -0.593853 -0.0204422 -0.205648 -0.804144 -0.261598 0.0849383 0.222171 
2.69687 0.587137 3.89038 0.163578 1.89457 -0.573287 0.259767 0.451256 -0.157098 0.0603185 0.105099 0.15786 
2.78356 0.678282 3.49107 -0.257851 2.23875 -0.317503 0.434842 -0.160137 -0.464121 -0.0499044 0.150103 0.210327 
2.99794 0.748543 2.59277 -1.00564 1.75764 -0.321556 0.564588 -0.0756205 -0.25043 0.324943 -0.159784 0.137915 
2.86824 0.271025 2.45622 -0.466798 1.86078 0.173602 0.478823 -0.0576494 -0.240975 0.688896 0.0306495 0.0918311 
