2.96605 0.227206 2.5633 -1.24189 1.46331 -0.636731 1.04587 0.216063 -0.378115 0.133871 -0.0401182 0.247449 
2.90671 -0.243716 2.96935 -0.766779 1.92208 -0.324034 -0.0605645 -0.300274 -0.522394 0.320217 -0.10371 0.176073 
3.01503 0.232955 2.9808 -1.16404 1.65281 -0.977827 -0.134595 0.136585 -0.239811 0.11304 -0.091182 0.227948 
3.05214 -0.375061 2.53106 -1.07741 1.6989 -0.16076 0.756998 0.681468 -0.254186 0.585648 -0.118451 0.0905996 
2.8612 -0.489795 3.28246 -0.668347 2.35784 0.437459 0.292397 0.341626 -0.491837 -0.047007 -0.0334746 0.184362 
2.62886 0.0301954 3.06646 -0.825733 1.34287 -0.302784 0.156161 -0.515549 -0.777409 0.436087 0.173921 0.187251 
2.86937 -0.100729 3.02512 -0.983684 1.68365 -0.264778 -0.447139 -0.0474077 -0.580119 -0.483739 0.215972 0.294604 
2.62591 -0.262788 2.95574 -0.618871 1.727 -0.313188 0.60378 -0.586153 -1.15467 0.404755 0.191793 0.219443 
2.75568 0.216027 2.76664 -0.816455 1.40538 0.118621 -0.0222154 -0.850786 0.0853335 -0.0883203 0.0105576 0.269751 
2.69143 -0.367759 2.55256 -0.359088 1.93931 -0.70975 -0.0837274 -0.706881 -0.768675 0.154539 -0.0302877 0.258828 
2.97896 -0.560638 2.58719 -0.890243 2.0041 -0.205989 0.177914 0.594891 -0.502053 0.160701 -0.0982971 0.140784 
2.80415 0.221465 2.46647 -0.764128 1.96625 -0.492608 0.233592 -0.364499 -0.197256 0.11237 0.0381001 0.254304 
2.77112 -0.178658 2.62564 -0.54305 1.87469 -0.544841 0.241316 -0.0540219 -0.302376 0.318647 -0.0642453 0.193039 
3.03059 0.153509 2.92867 -1.2525 1.4917 -0.597908 0.281786 0.440507 -0.633189 -0.261781 -0.115382 0.191658 
3.11592 0.0680127 3.37076 -0.314945 1.7996 -0.501329 0.741269 0.807572 0.129655 0.456989 -0.208863 0.104961 
3.35699 0.384348 3.65438 0.119886 2.6415 0.154162 0.388115 0.147263 0.161048 0.350993 0.0796451 0.202447 
3.11664 0.742027 3.07691 -1.03787 1.72348 0.115611 0.433547 -0.216778 -0.256813 0.647976 -0.018574 0.109579 
3.62747 1.39568 3.38951 0.234161 2.72692 -0.110071 1.11504 0.647309 0.202699 -0.127572 0.0568912 0.20356 
3.88513 2.46952 3.7565 1.49387 1.7528 -0.0443522 -0.317702 -0.992147 -0.528343 0.197427 0.121275 0.080397 
4.17126 3.10132 4.45926 1.68829 1.65042 -0.461512 -0.771656 -0.86612 -0.209489 0.338488 -0.0257204 0.0588258 
4.82858 2.8986 5.19237 1.03424 1.78618 -1.51196 -0.815978 -0.739432 -0.970009 0.453386 -0.0863535 0.0373617 
4.86694 2.83856 5.20288 1.43989 1.19969 -1.33923 -1.56105 -1.30765 -0.304009 -0.135594 -0.197522 0.046693 
4.58113 2.84885 4.04785 0.931141 -0.115679 -0.958685 -1.54441 -1.41091 -1.0186 -0.379833 -0.109373 -0.0231895 
4.95077 3.38761 2.44393 -0.608553 0.128153 -0.276766 -0.202906 -1.29483 -1.87969 -0.390233 -0.17804 0.027711 
4.99768 2.95365 3.65652 -0.0388028 0.598421 -0.68154 -0.817454 -1.38753 -1.19489 0.110311 -0.0131061 0.0248064 
4.06709 2.68765 3.6268 1.12605 -0.125559 -1.3898 -0.762672 -1.05094 -0.935443 -0.342306 -0.0889349 -0.0335741 
4.14059 2.83629 3.92261 1.82585 1.1582 -0.64396 -0.994076 -0.780413 -0.730121 0.102486 -0.166247 -0.0688381 
4.45077 1.82775 4.02846 1.2806 0.784697 -0.0240758 0.304301 -0.935109 -0.380195 0.140185 -0.0561321 0.011748 
3.88317 1.24726 4.43508 0.648751 2.14118 -1.36544 -1.18639 -0.640989 -0.456038 0.307662 -0.232262 -0.002341 
3.6218 0.808219 4.24048 0.180142 1.84998 -0.388832 -0.131336 -0.249485 -0.280788 0.529755 0.179745 0.160694 
3.28987 0.897815 3.90669 0.599531 1.79222 -0.453536 0.652919 -0.133996 -0.14812 0.571013 -0.0020304 0.096821 
3.34216 0.723008 3.94827 0.884071 2.11022 0.439331 0.0425879 0.242401 0.438108 0.242693 0.199041 0.138849 
4.80656 1.63381 3.29372 -0.586604 1.86316 0.0197199 0.393804 0.561096 -0.227935 0.77936 0.0242892 -0.0722281 
4.3927 1.98062 3.09983 0.38896 0.841458 -0.335367 0.0705214 1.10301 1.04656 0.627603 -0.133113 -0.150902 
4.10996 1.87302 2.05199 -0.879905 0.409021 0.117448 0.509911 0.63562 0.207328 0.741325 -0.13302 -0.188359 
4.32584 2.28165 3.09234 -1.16997 0.525651 -0.487956 0.391196 1.2827 0.359113 0.62359 -0.0493119 -0.133687 
4.29545 1.39652 3.48719 -0.920139 1.11321 -0.462147 0.110862 1.28585 0.817661 0.434523 -0.245856 -0.145034 
3.96868 1.67406 3.26891 -0.733739 1.64909 0.356944 0.697882 0.486984 0.851573 0.84313 -0.341652 -0.121604 
3.96884 1.11275 3.43852 0.4957 1.03347 0.14955 1.37339 0.786178 0.227461 0.169974 -0.113743 -0.0181839 
3.93218 0.920482 3.62042 0.577629 2.46924 -0.228708 0.443212 0.201916 -0.337827 0.772082 0.178827 0.0905898 
3.42883 0.813953 4.41058 0.343065 2.19727 -0.357666 -0.358763 0.14648 -0.391874 0.499474 0.138735 0.060608 
3.26918 0.709374 3.26017 -0.0187176 2.09743 -0.0481411 1.43219 0.411741 -0.373398 -0.0809576 0.109239 0.211236 
3.2037 0.72555 4.32853 0.249304 2.55543 0.381154 0.276226 -0.139169 -0.444013 0.584737 0.300596 0.13091 
3.17809 0.314086 3.3022 -0.0911775 2.24196 0.936016 1.00884 -0.185189 -0.0510291 0.387625 0.116469 0.168033 
2.61442 -0.0712892 3.01548 -0.543358 2.08299 -0.69195 -0.128951 -0.0220573 -0.768372 -0.0492094 0.197413 0.235532 
2.58236 0.170521 3.21305 -0.623789 2.21307 0.634769 0.229102 -0.270719 -0.0329053 0.356667 0.173286 0.171057 
2.64387 -0.128098 2.71878 -1.27274 2.2534 -0.273655 -0.00169654 1.25859 0.404692 0.317623 0.246371 0.17271 
2.81787 -0.116076 3.02262 -0.896307 1.22973 -0.077008 -0.66976 0.276538 -0.0503219 -0.244655 -0.0150292 0.168409 
2.94267 0.629706 3.17572 -0.522967 1.86911 -0.154897 1.32636 -0.378108 -0.57368 -0.171168 -0.0516995 0.233603 
3.0365 -0.0191237 3.04519 -0.35482 1.60106 -0.49071 1.19561 -0.313669 -0.797174 0.314339 -0.0563561 0.203554 
2.85691 0.132522 2.86891 -0.419377 1.51552 -0.687792 -0.249947 0.329718 -0.319943 -0.00197291 0.12714 0.17482 
3.0512 -0.429619 2.74903 -1.38495 2.15045 0.0195751 0.659162 1.11345 0.0574251 0.198639 -0.0451137 0.203625 
2.84037 -0.335125 2.34282 0.099211 2.16753 -0.544852 0.44932 -0.439792 0.504479 0.338909 -0.00443982 0.285585 
2.96278 -0.224453 2.50545 -0.633157 1.88795 -0.287276 -0.502509 -0.50271 -0.141293 0.510079 -0.06056 0.145309 
2.93365 -0.278881 3.68744 -0.247331 2.05104 -0.516674 -0.480357 -0.726142 -0.767719 0.356792 0.123187 0.198047 
2.83508 -0.367236 3.12519 -0.425957 1.7324 -0.167897 -0.162748 -0.586222 -0.49938 0.20466 0.102048 0.225473 
2.93247 0.166533 2.8263 -0.641112 2.07961 -0.654001 0.251959 0.73045 -0.658826 -0.219138 0.0912022 0.194008 
2.82753 -0.201167 2.50976 -0.327922 0.870323 -0.398099 0.760964 -0.589359 -0.299767 0.236021 -0.152025 0.199358 
3.01213 -0.338281 2.61284 -0.430745 1.6481 -0.718734 0.114534 0.102774 -0.534742 0.0479451 0.0695901 0.235775 
2.89299 -0.534629 3.13632 -0.53152 1.70629 -0.0239175 0.149483 -0.115801 -1.15889 0.0557979 0.128802 0.162226 
