3.11459 0.153187 3.0498 -0.387833 2.71873 -0.655807 -0.194967 -0.304495 -0.795033 0.217517 0.0917051 0.184844 
3.29684 0.106294 3.211 0.686535 1.58713 -0.641281 1.45129 -0.943166 -0.430762 0.0839772 -0.201007 0.190109 
3.09789 0.464359 3.42848 0.0113011 2.26667 -0.355429 0.175159 0.348763 0.206635 -0.442257 -0.195723 0.162954 
2.95591 0.307328 3.36993 -0.906793 1.95583 0.220633 0.851821 0.33402 -0.527046 0.25391 -0.0759592 0.0975008 
3.06472 0.251897 3.17376 -0.406232 1.78657 -0.0663535 0.437531 -0.631762 -0.293682 -0.0309782 0.0826561 0.252906 
2.92053 0.110245 2.92582 -0.524393 0.933896 -0.183681 0.736476 0.441526 -0.604271 -0.200153 -0.0611669 0.0961813 
2.79912 0.552761 3.18058 0.0081596 2.33238 -0.461882 -0.0223267 -0.261318 0.137641 -0.30963 -0.0171291 0.198729 
3.22318 -0.133747 3.11481 -0.620176 2.29292 0.234258 0.692937 0.0266989 -0.803083 0.384866 -0.0172232 0.107993 
2.80319 0.414347 2.92111 0.386227 2.15118 -0.620871 0.671902 -0.189865 -0.257653 0.264954 0.103146 0.159181 
3.41333 0.0891847 3.09902 -0.474925 1.34186 -0.054646 0.823959 0.192174 -0.130808 0.124601 -0.0345133 0.161482 
3.44338 0.606181 3.04247 -1.12526 1.39037 -0.841737 1.13167 0.788364 0.0577699 0.266108 -0.309799 0.111468 
3.12063 1.3215 3.31325 1.66006 2.56656 1.52722 0.802983 0.453929 -0.164554 -0.128438 0.120454 0.000155719 
4.00296 2.57337 4.2948 2.16552 2.22182 0.740578 0.310521 0.0467366 -0.0409507 0.0139784 -0.0569052 -0.0333168 
4.84182 3.13702 4.77474 1.34053 1.63307 -0.114269 -0.639805 -1.20644 -0.62157 0.31596 -0.0745606 0.00262003 
4.52427 3.27028 3.14897 1.05541 0.326357 -0.502883 -0.64219 -1.2269 -0.956123 -0.17228 -0.051799 0.0153262 
4.4084 3.13102 2.67607 0.188309 0.22621 -0.388243 -0.558391 -1.30728 -1.52132 -0.474972 -0.130223 -0.000747154 
5.11983 2.41735 3.64239 -1.56455 0.739345 -0.292924 0.790085 -1.45094 -1.58402 -0.169848 -0.386874 0.0819241 
4.69322 3.26222 2.74687 0.00418665 0.409008 0.0778328 -0.490342 -1.26028 -1.44841 -0.349735 -0.118949 0.0072145 
3.93638 2.82333 3.24111 0.93137 0.388702 -0.3678 -0.885362 -0.810345 -0.789628 -0.161356 -0.0773476 -0.0389501 
4.49335 2.21586 4.47564 0.810857 0.915181 -1.3061 -0.330405 -1.07908 -0.984621 0.408088 -0.0440409 0.026192 
4.11687 2.29788 4.4277 0.452465 1.71923 -0.801053 -0.430675 -0.190473 -0.460141 -0.205479 -0.0601776 0.0424329 
3.67323 1.37141 4.29369 0.450904 1.65605 -1.00457 -0.50742 -0.870809 -0.598153 0.13154 -0.0166978 0.0953293 
3.9651 0.970852 3.93221 0.418389 2.66056 0.0776698 0.0606508 -0.000747135 -0.560243 0.159489 0.210615 0.166323 
3.86646 0.792989 3.771 0.512022 1.5914 -0.414301 -0.214313 -0.935133 -0.647648 0.308256 0.243165 0.191574 
3.61373 0.938298 3.77575 -0.0444562 1.84486 -0.162925 -0.204809 -0.544758 -0.615856 0.102624 0.273396 0.1892 
3.55036 0.5803 3.55263 -0.199179 2.24053 -0.259519 -0.639067 -0.663865 -0.219728 0.207693 0.145089 0.196629 
4.11616 1.2332 3.45265 -0.977772 2.84 -0.456321 -0.197212 0.154566 -0.357974 0.0136064 -0.168892 0.0997883 
4.81435 1.60228 1.74742 -1.22083 0.564258 -0.457944 -0.0206501 0.370946 0.0220533 0.512542 0.0115284 -0.123291 
5.13122 1.73517 0.726737 -1.53226 0.208957 0.76026 1.17604 -0.336116 -0.317116 0.51918 0.00637633 -0.116129 
5.19042 1.44339 1.28852 -1.77212 0.82557 1.02292 0.96674 -0.23046 -0.559361 0.633354 0.0651569 -0.119938 
4.79841 1.41388 0.491683 -1.27699 0.439006 0.618493 0.869248 -0.698895 -0.884345 0.743974 0.154766 -0.0890373 
4.53589 1.72449 1.10083 -1.81022 0.548431 0.975766 0.567819 0.185058 -0.648895 0.570808 -0.015342 -0.158177 
4.59321 1.8553 1.8744 -0.907075 1.23424 1.42376 0.895963 0.546947 0.00287987 0.992154 0.0896282 -0.12248 
4.56977 1.53587 2.00543 -1.63102 1.55249 -0.131315 0.799156 0.367927 0.542122 1.08262 -0.136363 -0.0765039 
4.34241 1.9137 2.98176 -0.792388 1.76835 -0.573147 0.251483 0.97504 0.454307 0.209444 -0.331777 -0.140481 
4.00004 1.70746 3.36662 -0.4566 2.45613 -0.216205 0.911135 1.16872 0.784251 0.697161 -0.326624 -0.0528055 
3.5682 0.908483 2.82676 -0.859518 1.07608 0.087182 1.31342 0.69063 1.11915 0.736432 -0.119635 0.0695165 
3.29998 0.883371 4.54975 0.10882 1.55069 0.505422 0.241002 -0.421397 -0.448079 0.202924 0.319465 0.151165 
3.33225 0.336942 3.14851 -0.364077 1.99384 -0.630775 0.245221 -0.177977 -0.324698 0.54544 0.0601525 0.175141 
3.22944 0.154406 3.93337 -0.324122 2.41412 0.3202 0.589519 0.550757 0.101006 0.00320941 0.0149816 0.228757 
3.09399 0.364199 2.66661 -0.91082 1.808 0.442879 1.19608 0.214696 -0.465304 0.197023 -0.042712 0.125617 
3.03097 -0.184632 3.37202 0.151054 1.22331 -0.91302 0.946709 -0.232825 -0.950954 0.0964816 -0.0512723 0.175788 
2.86012 -0.198914 3.33159 -0.263356 1.53099 -0.683273 0.319346 -0.968644 -0.806998 0.41216 0.159401 0.252806 
2.79112 0.00642281 3.04038 0.0752849 1.90602 -0.370972 0.584103 -1.22141 -1.03539 0.32255 0.107452 0.19493 
3.09646 -0.239937 2.47581 -0.943994 2.15511 -0.347152 0.302802 0.173151 -0.343555 0.20752 -0.200907 0.16862 
2.78638 -0.305516 2.32932 -0.397396 2.08473 -0.16229 -0.30377 -0.423778 -0.423106 -0.122625 0.160548 0.262029 
2.72199 -0.0617446 2.46526 -0.993989 1.04049 -0.450107 0.0327555 -0.00571791 -0.820866 0.147442 0.0275373 0.160434 
3.07865 0.327229 2.34905 -0.808767 2.43056 -0.667602 0.173403 -0.268474 -0.489445 -0.443943 -0.0631547 0.284274 
2.62384 0.10284 1.5857 -1.20827 2.22875 -0.213471 0.016192 -0.82655 -0.713794 0.15082 0.0283995 0.276636 
2.6288 -0.555935 2.61886 -0.857588 2.23618 -0.440829 -0.188433 -0.289309 -0.455587 0.248809 0.00906232 0.270431 
2.9832 -0.292223 3.03437 -0.733748 1.77669 -0.333645 -0.576291 -0.219063 -0.479584 -0.181863 0.135711 0.256029 
2.99743 -0.156661 3.05385 -0.301436 1.93738 -0.560284 -0.0458475 -0.955563 -0.587108 0.499074 0.022273 0.211265 
3.17087 -0.344884 3.29773 -1.20938 1.90527 -0.0244192 -0.788532 -0.114629 -0.754552 0.0720753 0.0864005 0.151805 
2.73795 -0.462256 2.40104 -0.190087 2.11512 -0.335534 0.69521 -0.685435 -0.57622 0.231999 -0.0236487 0.269108 
2.83544 0.107458 2.70005 -0.940503 2.33515 -0.31094 -0.773739 -0.327393 -0.599883 -0.248671 0.314832 0.26165 
2.99501 0.301379 3.34624 -0.567938 1.64503 -0.332606 0.310889 -0.264844 -0.827453 0.241573 0.0537235 0.131087 
3.26024 0.307989 2.66652 -0.651235 1.48516 -0.186094 0.615996 -0.526196 -0.658562 -0.273754 0.138068 0.282177 
3.12883 0.27836 2.80879 -0.304636 2.30471 0.166658 0.759257 -0.487942 -0.398156 -0.0175798 -0.162485 0.161784 
3.17229 0.166952 3.07572 0.249079 1.7211 -0.741093 0.616416 0.0313898 -0.127545 -0.0300172 -0.165745 0.162795 
3.09356 0.535267 3.3008 -0.376204 2.24808 -0.728498 0.045859 0.122763 -0.381116 0.194392 -0.13859 0.108762 
