2.99439 -0.179686 2.48259 -0.982564 2.13884 0.0112219 -0.33387 0.332388 -0.425676 0.00783631 0.234186 0.195418 
2.80692 0.230476 2.54075 -0.857462 2.50343 -0.469009 0.320811 -0.563193 -0.683819 -0.0417601 0.218896 0.33098 
2.91799 -0.318849 2.9088 -0.135448 1.279 -0.952956 0.244547 -0.610817 -0.633682 0.234667 0.144655 0.276548 
2.93318 0.418919 2.45792 -1.18702 2.39091 -0.105289 -0.00240386 0.22229 -0.454683 0.0162299 0.111561 0.17586 
2.73928 -0.140842 2.45631 -0.454698 1.80322 -0.0692408 0.616818 -0.352798 -0.228427 0.440019 -0.0295623 0.17952 
2.91751 0.0639078 2.54508 -0.795231 0.954206 -0.151904 1.19605 -0.167691 -0.470501 0.34637 0.00621598 0.172668 
3.01833 -0.322085 2.89667 -0.195133 2.78547 -0.0873004 -0.672887 -0.994326 -0.453137 0.434696 0.23154 0.227402 
3.15501 0.164018 2.83987 -0.908564 2.25519 -0.399845 -0.453411 -0.216373 -0.232369 -0.218392 0.00509375 0.25965 
2.54615 0.254997 2.63383 -0.877707 2.05855 0.0936062 0.460725 0.300339 0.0422469 0.177679 0.149602 0.184977 
2.92094 -0.240272 2.52203 -0.797002 1.8684 -0.572231 -0.0441097 -0.22635 -0.826492 -0.0463065 0.0992347 0.267738 
2.78617 -0.235459 3.46918 -1.0313 1.6548 0.100198 -0.394262 -0.37712 -0.711538 0.0588931 0.142093 0.202294 
2.98463 -0.238897 2.43226 -0.617112 1.68669 -0.775743 0.209925 -0.79292 -0.387807 0.50229 -0.00359811 0.267649 
2.91893 -0.224956 1.98877 -0.803463 1.52833 -0.20019 1.12569 -0.454465 -0.679458 0.159706 0.010521 0.271296 
2.92134 -0.363476 2.56805 -0.813977 1.71245 -0.150049 -0.574116 -0.392915 0.0563146 0.55196 0.0400195 0.168666 
2.84762 0.0964708 2.63984 -1.15273 1.44301 -0.475146 0.159733 -0.179983 -0.295937 0.0973724 -0.197752 0.201017 
2.85498 0.0331792 2.70328 -0.562051 2.33623 0.297706 0.592528 -0.772779 -0.17775 0.136637 -0.164186 0.233742 
2.90566 -0.0032406 2.77333 -1.06473 3.11661 0.0251279 -0.325878 -0.201851 -0.274998 0.28423 0.0710003 0.223729 
3.23594 0.0477564 1.96047 -0.447653 1.63165 -0.341251 0.0817253 -0.0112827 0.115775 0.134832 -0.128153 0.141013 
2.74192 0.251959 3.16136 -1.3636 0.938059 0.0536947 0.525192 -0.013648 -1.19253 -0.264421 0.323244 0.203575 
3.05893 0.287373 2.62641 -0.310985 1.51303 -0.543622 0.74335 0.429514 -0.376325 0.0864643 0.0762942 0.165364 
3.27879 -0.169913 3.07776 -0.919816 1.71968 0.139271 0.0589739 0.633007 -0.22849 0.0911967 0.0423307 0.117138 
3.03702 -0.113409 3.19969 -0.401558 2.82749 -0.150243 0.0338117 0.171493 0.0670556 0.264789 0.0759415 0.251275 
2.77534 0.309638 3.35808 -0.305349 1.4711 -0.653342 0.443065 -0.257475 -0.482744 0.287901 0.129577 0.190429 
3.98459 1.25451 4.24663 0.476056 2.76454 -0.0452001 -0.293717 -0.39622 -0.28857 -0.237068 0.0278388 0.191807 
4.46583 2.50054 4.50927 0.768459 2.05176 0.0260147 -0.631458 -0.832872 -0.47774 0.0992198 -0.0328944 0.0365328 
4.58508 2.70723 4.70994 1.66799 1.87956 -0.44487 -0.436939 -1.71104 -0.49432 0.614515 -0.166443 0.00911114 
4.81684 2.94482 5.19991 1.20179 1.33159 -1.32308 -1.83776 -0.585216 -0.430132 -0.342515 -0.0689118 0.0343891 
4.64461 2.52116 4.45273 0.214319 1.36192 -1.10969 -1.5973 -1.62872 -0.984718 -0.0278695 -0.18855 -0.0127552 
4.64963 2.76112 4.13169 0.92292 1.41645 -1.65771 -1.13156 -1.6495 -1.1242 0.0575881 -0.224229 -0.00557675 
4.5869 2.93007 4.47374 1.53172 1.08991 -1.78064 -1.05788 -1.06155 -0.399447 -0.136079 -0.103004 0.0880945 
4.68707 2.93983 4.87286 0.783124 0.999224 -1.35492 -0.79562 -0.578516 -0.922056 -0.0419543 -0.108118 -0.0258444 
4.62704 1.88589 4.25024 -0.0160809 1.48636 -0.828903 -1.18521 -0.933857 -0.688492 0.354782 -0.0436885 -0.00541109 
4.0967 1.96219 4.00725 0.341839 1.94714 0.566666 0.100203 -0.563737 -0.789228 0.26433 0.08537 0.0359452 
3.88392 1.71604 3.96557 1.71275 1.35265 -0.172563 0.189372 -0.577366 -0.758711 0.194736 -0.115788 -0.104639 
3.42843 1.27085 4.55214 0.872251 2.07268 -0.577433 -0.0123184 -0.645872 -0.282986 0.254652 -0.151101 0.0620157 
3.73119 0.768883 4.46884 -0.0637612 1.99632 -0.479095 0.111246 -0.377204 -0.709785 0.403686 0.0217148 0.152494 
3.65879 0.69898 3.36931 -0.393929 2.41367 -0.314427 -0.544138 -0.0188001 -0.0330377 0.0253353 0.226962 0.235807 
3.48683 0.362023 2.95252 -0.797227 1.92594 -0.0351774 0.171928 0.262782 0.261905 0.537522 0.207466 0.188965 
4.12916 1.52881 3.44781 0.553904 1.29572 -1.08632 0.819264 0.822597 0.666006 0.823682 -0.0541861 0.0200172 
4.69382 1.94649 3.18584 -0.375961 1.16971 -0.650387 0.61857 1.08225 0.369639 0.772139 -0.0949697 -0.125757 
4.11552 1.96526 3.08913 -0.21575 0.490753 -0.924841 -0.374055 0.545909 0.491536 0.710696 -0.0748036 -0.122842 
4.21371 1.64229 3.09684 -0.600861 -0.240607 -1.19018 0.312944 0.908932 0.131107 0.69389 -0.0126436 -0.137824 
4.8383 1.21013 3.37653 -1.04958 0.551895 -1.08634 0.0618882 0.974984 0.481621 0.684694 -0.180057 -0.154977 
4.49325 1.27504 3.14944 -1.05383 0.232179 -0.834283 0.382651 0.745126 0.532281 0.751589 -0.138121 -0.134135 
4.35975 0.878817 3.47 -0.501069 0.701442 -1.32996 0.18036 1.58469 0.603875 0.74211 -0.197944 -0.162154 
3.95607 0.982758 2.75554 -0.152964 1.80027 -0.856435 0.755081 1.16421 0.702142 0.583196 -0.155868 0.0174998 
3.75428 0.690087 3.28252 -0.951745 1.88331 0.112385 0.847833 0.659554 0.244949 0.509627 0.0276433 0.136915 
3.48023 0.528976 3.43249 -0.106534 1.88051 1.02145 0.54776 0.28832 0.476652 0.218787 0.11911 0.127526 
3.47212 0.284916 2.88081 0.388922 1.81722 -0.525227 1.59875 0.0341805 -0.250268 0.912878 -0.0194654 0.0919308 
3.53258 0.543413 3.66052 0.199493 1.63687 -0.385803 0.84917 -0.236541 -0.0415618 0.360031 -0.0267645 0.189305 
3.29689 0.651462 4.02744 -0.726338 2.42111 -0.467993 0.00153181 0.202756 -0.907917 0.0652894 0.13719 0.178652 
3.08715 0.478307 3.9255 0.302369 2.28976 0.030309 0.670428 0.748866 -0.373535 0.0353728 0.00842614 0.0716053 
3.30919 0.344516 2.7486 0.112009 1.4957 -0.534155 0.961316 0.161408 -0.355847 0.629698 -0.0684396 0.0477021 
3.0116 0.0954648 2.4473 -0.838834 2.94019 0.180134 0.281125 -0.217617 -0.473423 0.110509 -0.111198 0.191811 
3.13247 -0.235448 2.88839 -0.869382 1.75995 -0.215167 0.118156 -0.869566 -0.540302 0.18484 0.10133 0.329136 
3.33146 0.177419 2.6376 -0.0691292 2.47176 -0.741246 0.0457457 -0.0107274 -0.179426 0.0961798 -0.0284251 0.212325 
2.89547 0.0985031 3.5215 -0.222839 1.78458 0.329393 0.320004 -0.130488 -0.562404 -0.0175661 0.0361353 0.124681 
3.13568 -0.523944 3.08662 -0.958558 1.86338 0.866944 0.220505 -0.147629 -0.251868 0.339873 -0.0803594 0.12264 
3.13233 0.354023 2.34426 -1.0187 1.72417 -0.601227 0.835638 0.407559 -0.408142 -0.00234991 -0.24586 0.145696 
3.10147 -0.0669112 2.707 -0.48111 1.78753 -0.25655 0.28493 -0.700056 -0.213349 0.405276 -0.0026143 0.22486 
