2.9895 -0.0911503 2.4198 -0.94835 1.7831 -0.221954 0.0758361 -0.139723 0.053918 0.249113 -0.0909603 0.209403 
2.93697 -0.302507 2.37246 -1.36935 2.02774 0.579904 -0.128823 0.239472 -0.284549 0.0755593 0.127784 0.179242 
2.79262 0.243994 2.26136 -0.581331 2.0997 -0.0564221 0.0590078 -0.056325 0.0874793 0.540932 0.191429 0.163234 
2.88203 0.411288 2.65175 -1.04789 1.31145 -0.412615 0.175448 -0.0559705 -0.389292 -0.130736 -0.0569913 0.195501 
2.80036 -0.0765724 2.62418 -0.00629666 1.7816 0.0663362 0.728633 0.0338756 -0.161345 0.00929468 0.0826543 0.206504 
2.943 -0.023435 2.7199 -1.16108 1.62796 -0.317216 0.912642 -0.899375 -0.808998 0.0998169 -0.231134 0.304058 
2.68467 0.0905778 2.61447 -0.597424 2.0505 0.340968 0.205917 -0.983526 -0.571866 0.755655 0.0387732 0.140061 
2.87325 -0.0411128 2.42251 -0.582982 1.76358 -0.515018 0.538097 -0.832704 -0.447691 0.576075 -0.0330027 0.230905 
2.87245 -0.220751 2.99153 -0.581957 2.05451 -0.452791 -0.361931 0.162149 -0.517084 0.0836326 0.0352501 0.174594 
2.89755 -0.142663 2.23638 -0.538035 2.0061 -0.104699 0.511633 -0.385756 0.335009 0.596286 -0.164907 0.181066 
2.91774 0.122099 2.89266 -0.396004 0.768301 -0.204116 0.650514 -0.583584 0.0336178 0.429616 0.0665943 0.20984 
2.76785 -0.119992 3.44558 -0.0549608 1.30922 -0.486161 0.150093 -0.0706013 -0.38559 0.0200177 0.178504 0.219142 
2.92487 0.0257483 2.79861 -0.664796 2.16434 -0.621919 0.399195 -0.155976 -0.165066 0.588122 -0.0516714 0.217262 
2.81685 -0.0435959 2.87732 -1.18044 1.40612 0.0760913 -0.401827 0.313597 -0.794571 0.0692695 0.0885048 0.0928658 
2.93993 0.355868 3.66402 0.0215289 1.17752 0.224232 1.4665 0.189054 0.0957094 0.250391 0.101184 0.184447 
3.03304 0.164746 3.33778 -0.0176548 1.83493 -0.0674186 0.147168 -0.346696 0.0506837 0.404655 -0.0912613 0.138376 
2.80456 0.165056 3.38318 -0.716994 1.68368 -0.404046 0.0286726 0.337988 -0.420522 -0.0767287 0.0876955 0.187266 
3.67195 1.23831 4.11757 0.635397 2.93985 0.599961 0.137278 -0.123824 0.189984 -0.137009 0.140859 0.195701 
4.51819 2.22232 4.67212 0.907418 2.18916 -0.527668 -0.954958 -0.468691 -0.558583 0.350505 0.04939 0.0388759 
4.9509 2.74542 4.71923 0.996417 2.28696 -0.856216 -1.46192 -0.567574 -0.384077 0.461173 0.0409559 0.0308154 
4.68299 3.24619 4.92749 1.36955 0.95142 -0.477717 -1.36123 -1.12426 -0.438324 0.0815359 -0.030253 0.0371459 
4.69772 3.59103 4.95526 2.29114 1.12843 -0.720659 -0.990509 -1.04587 -0.864818 0.243439 -0.0946844 -0.000185189 
4.68089 3.68618 5.32188 1.72721 1.15646 -0.527417 -1.64776 -0.825224 -0.625203 -0.172267 -0.0776496 -0.00496575 
4.56095 3.36682 4.69555 2.16381 1.1357 -0.667655 -1.59187 -0.975951 -0.364789 0.228652 -0.0911031 0.00664493 
4.55254 3.09941 4.04016 1.10964 0.666272 -0.794049 -0.911249 -0.455438 -0.622838 0.768266 0.164316 0.0578391 
4.30616 2.6243 4.26137 1.11505 0.983448 -0.588407 -1.16067 0.416245 -0.053774 0.532106 0.318344 0.101553 
4.22812 3.03462 4.80668 1.84888 0.861357 -0.0671006 -0.800569 -0.455283 0.208912 0.475586 -0.0270462 0.0329743 
3.73641 2.31009 4.31512 1.72329 2.18509 0.906636 -0.0973762 0.277952 -0.290407 0.0723841 -0.164584 -0.13096 
4.06638 2.25525 4.27405 1.03039 1.15128 -0.771163 -0.310034 -0.695904 -0.0650945 0.360527 -0.228949 -0.0470285 
3.77555 1.3298 4.16448 0.442326 1.89881 0.345673 0.0975609 -0.280215 -0.106087 0.513008 0.195154 0.120591 
3.68715 1.01754 4.81037 0.387271 2.3302 0.371077 0.70873 0.103982 -0.70381 -0.129304 0.0285188 0.123806 
3.69162 0.320812 3.98169 0.635881 2.0106 0.445088 0.814936 0.99714 -0.0869943 0.0308903 0.0786111 0.0960105 
4.39726 1.67152 3.38629 -0.0316877 1.53331 0.149896 0.672241 -0.00934837 0.208392 1.13795 0.0555475 8.45579e-005 
4.87409 2.30797 4.36965 0.0448918 1.081 -0.668558 0.339159 0.937832 0.813547 0.91902 -0.050763 -0.0699482 
5.17731 2.19714 3.39501 -0.90149 0.769064 -0.500751 0.542318 0.568416 0.662264 0.936684 -0.0858651 -0.0960598 
4.87443 1.98192 3.91887 -1.15944 0.238338 -0.200514 0.760848 0.839538 0.339852 0.940464 -0.102855 -0.173107 
4.2318 2.32032 3.57006 0.642329 0.492281 -0.218162 0.446111 0.85783 0.954181 0.479604 -0.126437 -0.104657 
3.96456 2.19458 2.63764 0.391108 0.82808 -0.222797 0.298356 0.843469 0.691721 0.589113 -0.213149 -0.156514 
4.20317 1.50362 3.99615 -0.251238 1.42164 -0.200756 0.737171 1.02902 0.704512 0.869277 -0.324157 -0.149149 
3.76248 1.43203 4.10666 0.128704 1.29369 0.0228877 1.31602 1.09757 0.503263 0.787398 -0.0892618 -0.0162172 
3.99375 1.005 3.83159 -0.15773 1.2339 0.0409955 0.444648 0.941237 0.783647 0.689343 -0.236061 -0.0850728 
3.44281 0.549111 3.51013 -0.088763 1.74745 -0.328536 0.823749 0.513683 0.0227611 0.845089 0.0288448 0.0841372 
3.21271 0.526152 3.37933 -0.853881 2.26836 0.656659 0.421048 0.682505 0.187933 0.504606 0.155381 0.118602 
3.44678 0.360291 4.34023 0.199851 1.64981 0.565786 -0.0488144 0.400085 -0.120396 0.00787361 0.248382 0.122299 
3.36928 0.977577 3.77126 0.131715 2.76231 0.225236 0.321457 0.534318 0.0375451 0.172783 -0.110145 0.061502 
2.96406 0.192669 4.09911 0.175079 2.25109 0.302418 0.667887 -0.212979 -0.453818 0.198807 -0.0678686 0.137236 
3.06902 0.265711 2.98372 -0.440808 2.01972 -0.16492 -0.259848 -0.0122105 -0.555347 -0.0888873 0.00801384 0.132735 
3.15367 0.46148 3.80292 -0.469406 2.02525 0.371879 0.127362 0.00345916 -0.276727 0.499084 -0.0660622 0.0542141 
3.1906 0.174055 2.69219 -0.212797 2.31125 -0.27805 0.726138 -0.515078 -0.565442 0.85438 -0.184944 0.0817009 
2.91875 0.220175 2.40567 -0.881608 1.62425 0.150464 0.507511 -0.21458 -0.41603 0.255116 0.124226 0.189932 
3.01506 0.205277 3.5823 0.28816 2.03424 0.0503745 0.76343 -0.232988 -0.537528 0.68054 0.163297 0.114659 
3.06965 0.151226 2.96343 -0.940497 1.1967 -0.627381 0.109 0.436501 -0.320943 0.0643932 -0.0701081 0.146395 
3.16751 -0.167828 2.51577 -0.72099 2.17248 0.125539 1.18123 0.545322 -0.469095 0.305726 0.0276423 0.183862 
2.98577 0.469893 3.59115 0.363781 2.3034 -0.252216 0.508924 0.572279 -0.503409 -0.04324 0.0637583 0.117263 
3.03279 0.593989 2.61377 -0.608538 2.57651 -0.118842 -0.531912 -0.276319 -0.183055 0.100095 0.232159 0.192012 
2.75734 0.468699 3.68025 -0.617233 1.9222 -0.307822 0.352621 -0.0467097 -1.16487 -0.298316 0.325268 0.206136 
2.82268 0.0238686 2.13695 -0.890934 2.24598 -0.151681 -0.0834054 0.305997 -0.415144 0.467411 0.0347304 0.106862 
2.67948 -0.321113 3.18081 -0.483931 2.03061 -0.139178 -0.0401031 0.604643 -0.430386 -0.121934 0.23345 0.200667 
2.83016 0.564457 4.17901 0.795791 2.40639 -0.37973 0.650868 -0.0299519 -0.653759 0.479135 0.288124 0.130384 
2.80883 0.150085 3.07943 -1.28481 1.57298 -0.557776 -0.0944334 0.378706 -0.375159 -0.226336 -0.0930952 0.209337 
