3.00273 -0.328343 2.39301 -0.799516 1.52165 -0.315982 0.00244146 -0.229203 -0.0282825 0.294269 -0.129077 0.193553 
3.05911 -0.243483 2.92422 -0.718613 1.41301 -0.149486 -0.102481 -0.453546 -0.45327 0.0706685 0.0163323 0.216318 
2.90969 -0.29076 2.58922 -1.01998 1.57207 -0.463191 0.198918 -0.239984 -0.3552 0.29052 -0.0692625 0.236028 
3.07735 -0.308199 3.20302 -0.366139 1.52114 -0.0126452 0.0755297 -0.571211 -0.830556 -0.0796292 0.2763 0.267947 
2.60447 -0.0201125 3.05686 -0.986763 2.43472 -0.453741 -0.635952 -0.1931 -0.806967 0.32184 0.441055 0.215713 
2.77631 0.234337 2.78418 -0.290748 1.41468 -0.784739 0.104714 -0.67178 -0.396363 0.261003 0.0808898 0.220816 
2.80445 -0.572211 2.88305 -1.22459 1.75245 0.642817 -0.0319375 0.106125 -0.471365 0.131099 0.0593749 0.159762 
2.87365 -0.130958 2.70605 -0.605134 0.774341 -1.11678 0.411633 0.334619 -0.39519 -0.196642 -0.0517353 0.248671 
2.56091 -0.170379 2.94003 -0.522633 2.50579 -0.76891 -0.844245 -0.353055 -0.42897 0.140418 0.240389 0.248888 
3.08958 -0.41348 2.50467 -0.816326 1.59554 -0.224709 0.0698084 -0.0294627 -0.70212 -0.0662823 0.0085172 0.213629 
2.79348 -0.41058 2.22263 -0.859194 2.09595 0.358158 0.218141 -0.294338 -0.215013 0.406349 0.015719 0.186284 
3.35479 0.331686 3.69493 0.0657326 2.37344 -0.400268 -0.163926 -0.259281 -0.62211 0.678873 0.20851 0.125091 
3.29869 0.200825 3.47241 0.553054 1.85338 -0.205228 0.0404257 -1.00506 -0.193933 0.411799 0.0095191 0.161605 
3.23637 0.0336014 2.96399 -0.827603 2.21309 -0.234511 0.439495 -0.0306556 -0.924393 0.624142 0.191742 0.16631 
3.84043 1.04902 4.1054 0.244323 2.51572 0.503541 1.12015 0.431279 -0.648552 0.00270943 -0.00808616 0.0816054 
4.12662 2.34061 4.30985 1.47378 2.47457 -0.404701 -0.615429 -0.742787 -0.723165 0.431686 0.00529201 0.0179438 
4.44718 3.08678 4.06095 1.46132 1.72516 0.117068 -0.6549 -1.27284 -0.648736 0.149584 -0.088604 -0.0103049 
4.76582 3.17081 4.7217 1.05281 1.42259 -0.0686884 -0.991383 -1.03894 -1.15631 0.182691 -0.0641352 -0.0483351 
4.54287 3.57163 4.11785 1.85157 0.612913 -0.611249 -1.44329 -1.1998 -0.969205 -0.204994 -0.162112 -0.0358345 
4.29733 3.35151 3.67766 1.98529 0.533962 -1.12282 -1.60546 -1.20532 -0.861059 -0.111288 -0.152798 -0.0173408 
4.63764 2.9537 2.48722 0.0549161 0.258171 -0.00194296 -0.44485 -1.16147 -1.66844 -0.447 -0.106388 0.00135369 
4.72856 2.5167 2.75771 -0.844998 0.264369 0.193412 0.391564 -0.933499 -1.71812 -0.508575 -0.185992 -0.0209102 
4.37704 2.98497 2.98754 0.747228 1.00217 -0.148403 -0.210785 -0.502296 -0.688776 -0.168151 -0.141246 -0.0688122 
3.95422 2.98986 4.07525 1.68378 1.50839 0.664676 0.020384 -0.0494108 -0.250735 -0.210835 -0.153748 -0.0869243 
4.40117 2.02804 3.59244 1.25128 1.70377 -0.0792571 0.0436887 -1.29941 -0.648239 -0.244838 -0.231527 -0.0449473 
3.40004 1.48652 3.90295 0.557498 1.96187 -0.271627 -0.384253 -0.616551 -0.13063 0.0534275 0.079324 0.104717 
4.03433 0.805258 3.76075 1.1241 2.05401 0.284562 -0.675763 0.155701 -0.0612716 0.0791849 0.319928 0.117797 
4.00117 0.648644 4.27846 0.230602 1.82093 -0.00320378 0.385972 -0.280922 -0.302345 0.129863 0.0750857 0.241253 
3.48534 0.951009 3.4202 0.538944 2.64943 0.242376 1.39684 0.457426 -0.178087 0.653867 0.189946 0.14544 
4.38383 2.2832 3.70135 0.0644721 2.10178 -0.32035 -0.222373 1.30467 0.62102 0.634763 0.0376571 -0.0600098 
4.85147 1.98665 2.96097 -0.689116 1.05451 0.143933 0.378117 0.1425 0.813668 0.795746 -0.168396 -0.13869 
4.68224 1.61477 3.64591 -1.04031 1.10194 -0.887293 0.109272 0.811337 0.531269 0.62242 -0.303828 -0.140274 
4.492 2.06805 3.37133 -0.707568 0.97667 -0.696718 0.208013 0.965369 0.161612 0.668326 -0.148832 -0.175341 
4.27926 1.78268 2.84302 -0.746757 0.630481 -0.832625 1.12049 0.439282 0.216397 0.752037 -0.198915 -0.100837 
4.22546 1.72928 3.62715 -0.113584 0.599368 -0.532925 0.673467 0.651133 0.81263 0.737116 -0.203533 -0.105179 
3.82443 1.20235 2.63081 -1.05151 1.91403 -0.596497 0.353632 0.504276 1.09025 0.712101 -0.139657 0.0720565 
3.8517 0.724619 3.34856 -0.654824 1.51483 0.482868 1.12872 0.870051 0.619323 0.60451 -0.217703 -0.0171055 
3.80181 0.676736 3.54468 -0.31369 1.76806 -0.0043733 0.340707 0.566054 0.354974 0.089593 0.124361 0.199445 
3.60855 0.499322 4.07135 0.526468 1.77379 0.0325195 0.939487 0.660682 -0.244621 0.506003 0.168817 0.081763 
3.04213 0.999792 4.13502 -0.101586 2.36892 0.31039 1.69311 0.406993 -0.444738 0.131175 -0.036375 0.132688 
3.12288 -0.00800882 3.43333 -1.11938 2.11917 -0.11361 0.503617 0.767274 -0.209532 0.247538 -0.0381783 0.175181 
2.83312 0.334442 3.39292 -0.219941 1.77146 -0.151921 0.531161 -0.105476 -0.292314 0.524828 0.0791999 0.124088 
3.47726 0.316635 3.68964 -0.229156 1.52574 -0.0824285 0.587431 0.483829 -0.302214 0.173622 0.00459522 0.0971884 
3.11838 0.322413 2.68517 0.0375586 2.32942 0.322189 1.24296 -0.00517843 -0.148929 0.696146 -0.0667302 0.0807951 
3.10518 0.276354 3.40352 -0.337183 2.54801 -0.0551196 0.264498 -0.206385 -0.672227 0.32082 0.00674318 0.134553 
3.22166 0.308227 3.28085 0.694953 1.42209 -0.339834 1.49991 -0.748563 0.0673181 -0.0880631 -0.0609362 0.269781 
3.00562 0.532244 3.74755 -0.503241 1.03128 -0.00213948 0.0325109 -0.462394 -0.615667 0.115206 0.050001 0.106333 
3.38229 0.318668 3.29924 -0.86944 1.62753 0.863195 0.366665 0.450015 -0.271802 -0.0166847 0.0614674 0.075908 
3.25305 0.338018 3.32413 -0.247285 2.39262 0.739922 0.397415 -0.840582 -0.550051 0.666098 0.029088 0.0923044 
3.1139 0.510129 3.85609 -0.274027 1.75368 -0.0513957 0.856426 -0.334868 -0.839315 0.483531 0.106931 0.129237 
3.36175 0.741206 3.41014 -0.708192 2.3024 0.520608 0.238331 -0.4981 -0.905267 -0.0322675 0.204399 0.188387 
3.38 -0.107215 3.76847 0.0372941 2.50834 -0.378359 0.0671457 -0.235683 -0.814466 0.210448 0.0745904 0.206131 
3.24237 0.179143 2.85002 -0.458915 2.23297 -0.465254 0.0568026 -0.491605 -0.14119 0.137321 0.0585788 0.283936 
3.05795 0.399095 3.40477 -0.406064 2.35382 0.260374 0.325601 -0.395911 -0.329198 -0.00654941 0.0704833 0.212137 
2.97627 0.102569 2.86807 -0.688107 1.81901 0.0818308 -0.265285 -0.555384 -0.124275 -0.0231927 0.0547882 0.226588 
2.82823 -0.0735493 2.98226 -0.793952 1.06658 -0.443767 -0.119425 -0.441747 -0.00521845 0.323107 -0.0895395 0.207695 
2.73749 -0.14088 2.86026 -0.604477 2.18865 -0.297899 -0.498168 -0.989023 -0.0802732 0.373966 0.0337957 0.254315 
2.67911 -0.0117074 2.16083 -0.939799 1.94409 -0.106173 0.266811 -0.292178 -0.0778948 0.0829006 -0.189674 0.218036 
2.66059 -0.172944 2.55591 -1.2545 1.53659 0.00161301 0.652171 -0.0567309 0.0261311 0.113331 0.0675631 0.286483 
2.96374 -0.173766 2.46941 -1.23836 1.82753 -0.461085 -0.444679 -0.252297 -0.561335 0.526107 0.0463772 0.171609 
