3.14492 -0.0730869 3.33921 -1.04466 1.74864 -0.118474 0.0796894 0.275261 -0.330711 0.0654045 -0.130309 0.156356 
2.97518 0.000591337 2.42092 -1.28699 1.80559 -0.28363 -0.329562 0.320863 -0.359312 -0.450782 0.0984202 0.26081 
2.88155 -0.114568 3.38949 -0.706158 1.41987 -0.252937 -0.394704 -0.120115 -0.947459 0.12383 0.239028 0.140094 
2.85901 0.442612 3.14617 -1.85224 1.27276 -0.412951 0.236212 0.223956 -0.367051 0.356297 0.0485732 0.1878 
3.20582 -0.108164 2.38568 -0.466791 1.45002 -0.0775164 0.654303 -0.596594 -0.917041 0.612429 -0.229442 0.0263515 
3.09553 0.102062 3.11821 -1.31838 2.64492 0.142475 0.231168 0.544938 -0.668536 -0.0831025 -0.0493738 0.168344 
2.78529 -0.165672 2.41806 -0.277075 2.28457 -0.576707 -0.0161884 -0.461042 -0.414815 0.431076 -0.123248 0.169051 
2.80662 -0.384204 3.1905 -1.19231 1.64135 0.359852 0.28659 0.418454 -0.0575803 -0.0901285 -0.130992 0.199683 
2.77648 -0.269029 3.83198 -1.36065 1.45015 -0.0800705 -0.0880616 -0.262606 -1.20469 0.0648059 0.232897 0.219879 
3.14311 0.408496 3.75555 -1.15447 1.93386 -0.286511 0.0314811 0.162203 -0.415345 -0.117194 0.0563472 0.2372 
3.32508 0.654236 3.5985 0.415268 2.61242 0.684617 0.94727 0.319057 0.511267 0.450191 0.244409 0.217121 
3.40734 0.996629 3.66492 0.421241 2.58145 0.609096 0.658561 -0.169996 0.206576 0.396943 0.304083 0.217545 
3.42421 0.584188 3.44429 0.194148 2.74032 0.696412 1.1747 0.269807 0.499367 0.293278 0.210868 0.282663 
3.32631 0.844922 3.65345 0.675558 2.84228 0.0586546 0.287878 0.838265 0.730677 0.0856554 0.181312 0.193801 
4.17324 1.77606 4.71324 0.860135 2.41883 -0.0219248 0.213663 -0.0109986 -0.327676 -0.136877 -0.113341 0.0589484 
4.62912 2.65619 4.83155 0.961772 1.76991 -0.344888 -0.725494 -0.697327 -1.06355 -0.0176637 -0.0578449 -0.0261974 
3.97161 3.32498 4.07602 1.56556 0.714078 -0.783234 -1.36275 -1.00609 -0.78713 -0.094207 -0.103701 0.00587454 
3.98847 3.23597 3.62863 1.52127 0.712007 -1.20665 -1.57079 -1.37274 -0.918153 -0.332117 -0.168166 -0.0201874 
4.82626 2.78987 5.49341 0.867509 0.994174 -1.50976 -1.52385 -1.34065 -0.933702 -0.266803 -0.242566 0.00181647 
4.65663 3.07683 4.39639 1.59862 1.31975 -1.06675 -1.43027 -1.53896 -1.09229 0.0515549 -0.196598 -0.0571579 
4.24875 3.04149 4.11676 1.39179 0.790349 -0.841703 -1.52852 -1.29821 -0.561159 -0.291851 -0.162025 -0.0256864 
3.86908 2.3865 3.44036 1.28337 1.54652 -0.426221 -0.700351 -0.631214 -0.649666 0.0273991 -0.154386 -0.0844402 
4.16974 1.88904 4.53734 0.760732 2.04131 -0.0024249 -0.241392 -0.575757 -0.189809 -0.595404 -0.277963 0.0172829 
4.01043 1.85693 3.28912 1.57507 3.12849 -0.237292 0.198661 -0.835018 -0.388421 -0.0343497 -0.277165 -0.0525642 
3.66515 1.29845 3.89672 1.53609 2.34719 0.31083 0.490696 -0.843715 -0.164185 0.109962 -0.0628391 0.0494987 
3.61196 0.697288 3.80077 0.705216 2.20821 0.195078 0.240328 -0.174547 -0.333564 0.23481 0.247652 0.149914 
3.56464 0.609309 3.26953 1.20183 2.52377 0.00493545 0.687161 0.247652 0.0115275 0.379522 0.0624373 0.0904121 
3.39502 0.498265 3.48403 0.0530019 2.5129 0.471256 0.649097 -0.428903 -0.308552 0.0818117 0.159524 0.240916 
3.47329 0.542297 3.48396 0.273547 2.35405 0.482546 1.25134 0.505708 -0.678586 0.239597 0.229809 0.122565 
4.20635 1.89453 2.81266 0.761792 0.756547 -0.26207 1.17759 0.431855 -0.42367 0.662088 -0.0620532 -0.132944 
3.9808 1.68359 3.19041 0.112124 0.152246 -0.410475 -0.00331548 0.981525 0.272863 0.430837 -0.0859977 -0.170079 
4.71431 1.6107 3.33276 -0.878668 0.497299 -0.626724 0.607517 0.265027 0.449419 0.781517 -0.266825 -0.147793 
4.25772 1.66655 3.31862 -0.644326 0.693134 -0.510883 0.818015 0.921519 0.637371 0.762073 -0.222003 -0.139624 
3.88828 1.80899 3.05684 -1.02363 0.701139 -0.238625 0.0285052 0.594465 1.00469 0.312424 -0.142647 -0.0596617 
3.85618 1.64566 3.20827 0.076912 1.56903 -0.130495 0.415439 0.318065 0.298409 0.555306 -0.0939739 -0.0265177 
3.74501 1.1378 3.82161 0.0283803 1.88985 1.06941 0.718003 0.608257 0.153774 0.204325 -0.230574 -0.0851987 
3.60933 1.09433 3.76688 0.40207 1.95102 0.117569 0.877363 0.242672 -0.0372276 0.614269 0.110013 0.0946576 
3.58511 0.830334 3.58775 0.359972 2.53549 0.443041 0.837282 -0.0849171 -0.281756 0.72595 0.0273932 0.0552798 
3.62256 0.466347 3.18879 -0.895984 1.52432 0.0529399 0.508185 0.374231 -0.0219031 0.181876 0.0779254 0.179765 
3.19681 0.0478384 3.45103 -0.456658 2.24283 0.625572 0.663247 0.624867 -0.146802 0.780045 0.187785 0.0676696 
3.42146 -0.155222 3.59392 0.211834 1.63097 -0.0405728 -0.64919 -0.215542 -0.290276 0.140748 0.380237 0.19814 
3.27734 0.400819 2.74534 -0.625482 2.68532 0.479668 0.448917 0.29217 0.278342 0.312256 0.0552196 0.169148 
3.09284 0.0505663 3.41838 -0.137184 2.29404 -0.262014 1.04627 0.85748 -0.0988149 0.302894 0.00265761 0.183996 
3.25461 0.353691 2.77633 -1.0727 1.92603 -0.684157 -0.584936 0.371491 -0.631354 0.246859 0.0811279 0.101701 
3.09049 -0.209523 3.20917 -1.06035 1.59514 -0.0268699 0.0134369 -0.626637 -0.77342 0.221176 0.0985791 0.245346 
3.00473 -0.368805 2.48991 -0.955486 2.07748 0.334962 -0.342678 -0.0109896 -0.609287 -0.0694103 0.15576 0.192028 
2.96875 -0.0675696 2.29784 -0.139394 2.00713 -0.471628 0.65004 0.570409 0.220147 0.319721 0.0991407 0.192371 
3.12423 -0.155976 2.62353 -0.973111 1.5958 -0.395212 -0.110583 0.213086 -0.506826 0.25156 0.198454 0.188152 
3.04613 -0.0686297 3.53512 -0.848094 1.93191 -0.123369 0.400308 -0.0438251 -0.558143 0.115062 -0.0957268 0.205936 
2.66416 -0.381257 2.60972 -0.376206 2.52752 -0.232319 0.218247 0.148429 -0.90975 0.047615 0.0511995 0.195437 
3.40094 0.297382 3.27987 0.188975 2.67378 -0.694487 0.0595179 -0.472466 -0.384117 0.590061 -0.0875624 0.147282 
3.08168 -0.163064 3.22419 -0.780961 1.69071 -0.137061 -0.089313 -0.176131 -0.284349 0.00594328 -0.156768 0.188396 
3.32469 0.160147 3.16003 -0.857796 3.16427 -0.101024 -0.199453 0.353372 -0.314814 0.110201 0.0057244 0.204139 
2.97426 -0.419319 1.9457 -0.736014 1.83004 -0.441756 0.370387 0.252617 -0.095126 -0.114307 -0.0493478 0.278233 
2.7721 -0.0947389 2.46168 -0.903464 1.7435 -0.522838 -0.0696711 0.237314 -0.436178 0.0674571 0.0358814 0.199954 
2.83859 -0.338525 2.99668 -1.30031 1.26419 -0.322439 -0.0425119 0.415011 -0.630211 -0.0161652 0.0805492 0.197536 
2.77554 -0.171907 2.71878 -0.531205 1.69998 -0.779069 0.997499 0.560955 -0.580143 -0.0155545 -0.047609 0.232666 
2.79616 -0.134261 2.37034 -0.139157 1.00097 -1.4982 0.554744 0.00654158 -0.049419 0.0497382 -0.132705 0.2765 
2.76627 -0.254733 2.4416 -0.75645 1.95494 0.0304304 -0.279457 -0.251998 0.0657261 0.0304081 -0.106836 0.212349 
2.86694 -0.117281 3.09168 -0.147547 1.57766 -1.03489 -0.0240269 0.027443 -0.937749 0.221953 0.0488856 0.148457 
