2.77332 -0.525341 2.79363 -1.32277 0.942076 -0.131276 0.606269 -0.623867 -0.850308 0.106218 -0.027434 0.174743 
2.90871 -0.771986 2.25053 -1.79534 1.70011 0.291758 -0.697336 -0.0477308 -0.841093 -0.00525275 -0.0035259 0.0846132 
2.90316 -0.224054 2.47888 -0.840874 1.56003 -0.447021 -0.196303 -0.80785 -0.779933 -0.108353 -0.0336559 0.153905 
2.74842 -0.0569728 2.2359 -1.11155 1.69671 -0.477619 0.39462 -0.339023 -1.10094 -0.129088 -0.100654 0.133896 
3.35068 0.319933 3.61907 0.731006 2.23095 -0.194529 1.05139 -0.297589 0.298743 0.406986 0.041214 0.24624 
3.58585 0.539484 3.95639 0.893833 2.55969 0.0540953 0.478555 0.240197 0.152042 0.248368 0.247182 0.240563 
3.23011 0.911723 3.14621 -0.810445 2.46743 -0.166144 0.79417 1.08053 0.237107 0.0469705 -0.163704 0.0761038 
3.21154 0.261929 3.02338 -0.3822 2.1675 0.298533 1.16156 0.478942 0.29013 0.279037 0.0968987 0.199406 
3.42083 0.824136 3.61401 0.226267 2.40449 0.0732034 0.339649 -0.741353 -0.578033 0.37549 0.232777 0.169604 
3.36554 1.61535 3.2361 0.903492 2.32595 0.513349 0.864275 0.11066 -0.472747 0.0721969 0.232804 0.0675058 
3.66693 2.22182 3.34799 1.78401 1.23554 -0.147859 0.0358448 -0.750536 -0.37789 -0.352923 0.290723 0.129965 
4.07163 2.57046 3.6273 1.82917 1.51771 -0.209047 -1.13703 -0.966103 -0.633629 0.0994485 -0.0474135 -0.027435 
4.27333 2.69078 3.61855 0.749634 1.81161 -1.28852 -1.36092 -1.12981 -1.31442 -0.180943 -0.18596 -0.0587493 
4.29812 2.83667 4.49476 1.80676 1.05161 -0.999379 -1.34924 -1.15782 -1.05341 -0.063153 -0.217146 -0.0818786 
4.44002 2.7111 3.74865 1.23697 1.16658 -1.20686 -1.11079 -1.52501 -1.32712 -0.094822 -0.173542 -0.0490279 
4.3254 2.926 3.7805 0.624631 0.955408 -0.477403 -1.39044 -1.69944 -0.934961 -0.249225 -0.127145 -0.0126005 
4.07558 2.8741 3.63738 1.40971 0.496906 -1.06064 -1.01611 -1.14827 -0.823925 0.00274926 -0.0807389 -0.00961546 
3.96483 2.54968 3.37322 1.25151 0.740614 -0.844829 -0.561691 -0.734049 -1.05711 -0.235277 -0.0529622 -0.0334729 
3.92799 1.72942 4.50994 0.3574 1.42568 -0.851856 -0.383105 -0.376453 -1.20821 -0.468725 -0.132989 -0.0544643 
3.95789 1.18357 3.84046 1.48129 2.21523 -1.40729 0.0129211 -0.575763 -0.476737 0.344085 -0.142274 0.0695255 
3.53511 1.312 4.88002 0.287172 1.95946 -0.0208065 -0.0093446 -0.562505 -0.735535 0.110174 0.0532125 0.0915114 
3.43484 1.01022 3.88639 -1.12027 1.77166 -0.205246 0.791011 0.352091 -0.655037 -0.0082388 0.302038 0.250437 
3.51787 0.649731 4.01262 0.14764 2.72297 -0.00406646 0.0866241 -0.245752 -0.740249 0.254571 -0.0774502 0.02486 
3.25952 0.82858 4.17431 -0.543068 1.85604 -0.00710037 0.0566318 -0.944793 -0.829535 -0.270151 -0.063519 0.0856951 
3.96137 0.724179 4.38649 -0.146306 2.6871 0.400935 0.700314 0.195301 -0.98881 -0.138975 -0.0732016 0.109645 
4.31556 2.32384 3.26565 0.111326 0.695177 0.276963 0.310115 0.544916 0.294945 0.72556 -0.11975 -0.161342 
4.59169 1.92847 1.94778 -1.67936 0.335421 -0.252892 -0.111732 0.347561 0.367917 0.344081 -0.0963929 -0.147027 
4.5199 2.15838 2.05464 -1.22589 -0.562261 -0.810024 -0.186664 1.06685 0.450782 0.115226 -0.072437 -0.163503 
4.44334 2.36781 2.06104 -0.400447 0.142502 -0.430214 0.464764 1.42628 0.430664 0.331812 -0.185504 -0.216627 
4.75417 1.06658 2.91726 -1.54691 0.028432 -1.01226 0.26229 0.892174 0.487041 0.455966 -0.274198 -0.184601 
4.19696 1.47354 2.86008 -0.362423 0.558652 -0.0940758 0.199055 1.16685 0.52322 0.135973 -0.260028 -0.213778 
4.08133 1.58303 3.38675 -0.252522 0.89298 -0.402842 1.41893 0.779547 0.307086 0.250747 -0.396252 -0.127003 
4.11497 1.59261 4.03428 -0.382602 1.40412 -0.213932 0.644871 1.28834 0.884677 0.0917639 -0.198722 0.0099778 
4.24734 1.16422 3.69958 -0.293253 1.67855 0.390359 0.57603 0.984872 0.213952 0.0844109 -0.161217 -0.0462673 
3.94863 1.1474 3.02638 -0.248162 2.26726 0.546624 0.524986 -0.0980498 0.185734 0.463779 -0.0308435 0.0660703 
3.51556 1.23726 3.97421 -0.273496 2.27732 -0.232185 -0.055345 0.193516 -0.043903 0.0360096 0.0111939 0.109507 
3.42431 0.752189 3.44953 -0.282595 2.50541 0.662688 0.307257 -0.251472 -0.0609829 0.285624 0.169382 0.149169 
3.41761 0.581958 3.54234 -0.223693 2.29944 -0.396384 0.452806 0.175215 -0.787549 0.24431 0.0614417 0.094209 
3.32055 0.412654 3.44034 -0.392957 1.48334 0.424043 -0.0576452 -0.523795 -0.421827 0.0429696 0.197593 0.127517 
3.11814 0.572503 3.83965 0.0919838 1.57539 -0.0611674 0.427489 -1.40208 -0.797208 0.013534 0.0405086 0.151237 
3.03703 -0.182171 3.03564 0.625012 1.8219 -0.11397 0.895363 0.309208 -0.248515 0.35847 -0.0423726 0.0325109 
3.02913 0.229525 3.59581 -0.962972 1.81917 -0.829936 -0.281669 -0.136848 -0.756776 -0.532668 0.1286 0.268315 
2.98508 -0.138454 3.02405 -0.11 2.07288 -0.615606 -0.328694 -1.83965 -0.481699 0.690917 -0.0328009 0.112914 
3.15786 0.391404 2.89837 -1.34267 2.57718 -0.734963 -0.726013 0.278922 -0.933733 -0.707377 0.081378 0.173101 
2.75958 0.0490237 2.89073 -0.951728 2.18722 -0.240221 0.549667 0.37398 -0.400367 -0.49746 -0.169173 0.163023 
2.96335 -0.179037 2.38599 -0.802528 1.47265 -0.79335 -0.0563354 -0.723914 -0.808696 0.241666 -0.158534 0.0936125 
2.83096 -0.0379056 3.22779 -1.05034 1.24159 -0.845673 0.238558 -0.921742 -1.14185 0.194896 0.00498896 0.150449 
3.04311 -0.265294 2.83739 -0.954995 1.20985 -0.377466 -0.264788 -0.578791 -0.730277 -0.18915 -0.111635 0.101167 
3.06646 -0.458746 2.74989 -0.619007 2.2021 -0.375949 0.176171 0.0173722 -0.692136 -0.0550898 -0.109034 0.142401 
2.97094 -0.169249 2.09584 -0.702021 1.53867 -1.04032 -0.236269 -0.842217 -0.175524 0.578149 -0.304011 0.0830698 
3.11422 0.0181933 2.65372 -1.4438 1.95958 -0.467024 -0.464222 -0.148417 -0.726051 -0.0513285 -0.0324726 0.14446 
2.97833 0.157513 2.95708 -1.29672 1.24922 -0.898531 0.767401 -0.467997 -1.45129 0.249172 -0.0258096 0.166905 
3.06501 0.106383 1.90538 -0.681038 1.59916 -0.629375 0.395367 -0.373009 -0.903475 -0.147541 -0.0325419 0.0891882 
2.87426 -0.107582 2.80695 -0.603177 2.21592 -0.98474 -0.373241 -0.802384 -0.995391 0.154407 0.0903068 0.165548 
3.03319 0.107322 3.09191 -1.55444 1.82263 0.0556213 -0.283088 -0.757008 -0.35933 -0.0428828 -0.140165 0.18489 
3.16517 -0.160087 2.79918 -0.743416 1.37373 -0.411051 -0.107352 -1.13872 -0.770976 -0.00777518 -0.0384169 0.198076 
2.90758 0.386169 1.72461 0.262392 1.61411 -0.810673 0.24167 -1.43236 -0.761385 -0.231418 0.147067 0.178171 
2.54893 -0.229069 2.62028 -1.51728 1.08996 -0.51462 -0.0882617 -0.66296 -1.17125 0.40097 0.122114 0.116318 
2.85257 0.00679463 2.93341 -0.74318 1.16111 -0.969372 -0.036997 -0.206832 -0.885176 -0.244979 -0.0634008 0.136896 
3.00777 -0.431978 2.28251 -0.570715 0.947348 -0.21303 0.195867 -0.724565 -0.605781 -0.034589 -0.12746 0.157814 
