2.88983 -0.431453 2.4675 -0.678796 1.97666 -0.467669 -0.270268 -0.655777 -0.709448 0.138404 -0.0632117 0.182234 
2.87267 -0.199482 2.46331 -0.212887 1.44892 -0.0655115 0.326496 -0.784911 -0.646161 0.331302 0.167453 0.124405 
2.83541 0.10124 2.42629 -1.78314 1.5302 -0.524453 -0.242845 -0.334827 0.0724975 0.0528658 -0.350604 0.176234 
3.01089 0.109703 2.02593 -1.17516 1.19853 -0.258508 -0.35922 -0.0974331 0.114733 0.265114 -0.231823 0.0338466 
2.81879 -0.203866 2.36076 -0.837358 1.33688 0.334099 0.179428 -0.934874 -0.578236 0.145555 -0.0678759 0.160488 
2.86251 -0.0499625 2.41045 -0.752939 1.2468 -0.397284 0.0559169 -0.0036334 -0.659222 -0.185553 -0.0380025 0.116907 
2.80337 0.242057 2.32191 -0.931178 1.64188 -0.903571 -0.311449 0.106969 -1.20831 -0.164522 0.144642 0.144778 
2.74017 -0.167203 2.04956 -1.21029 1.62544 -0.262448 -0.138612 -0.661259 -0.437525 0.309682 -0.184319 0.149498 
2.79891 -0.477477 2.79395 -1.0599 1.62036 -0.50534 -0.360131 -0.577782 -0.713285 0.0958529 0.119598 0.239947 
2.97572 -0.359472 3.1096 -0.969499 1.27124 -0.821453 0.26265 0.254336 -0.662877 0.244329 -0.0221047 0.125218 
2.57973 -0.286255 2.00335 -0.554525 2.17744 -0.990476 -0.542648 -0.469244 -0.773571 0.347111 0.0797915 0.207921 
3.19499 -0.127316 1.81903 -0.999198 1.65363 -0.807229 -0.122164 -0.524063 -0.381176 -0.0206419 -0.0898221 0.238213 
2.73449 0.0088503 2.40712 -1.39953 2.24755 -0.468527 -0.705971 -0.0142415 -0.980672 -0.1907 0.116068 0.134318 
2.77224 -0.4633 2.22722 -0.961801 2.27098 -0.524022 0.407079 -0.298772 -0.274123 0.187586 -0.152266 0.243754 
3.0476 -0.118455 2.32404 -1.48238 1.07645 -0.624665 0.6744 0.576319 -0.744025 -0.195594 -0.196485 0.101938 
2.94885 0.0322378 1.88261 -1.12679 1.24073 -0.93963 0.070128 -0.16205 -0.301753 -0.0242756 -0.196265 0.175774 
3.08528 0.254566 2.99979 -0.479859 2.09833 -0.457932 0.0440269 -0.976225 -0.392366 0.296371 0.039724 0.225492 
3.29293 0.698637 3.16859 0.959418 2.48679 0.352412 1.00536 -0.595939 0.660271 0.94241 0.163865 0.160828 
3.53939 0.734178 3.64274 0.254788 2.14408 0.148589 0.403352 0.335802 0.329631 0.323075 0.18113 0.174234 
3.2226 0.482476 3.97164 -0.0258599 2.31418 0.27061 1.11468 -0.918306 -0.491013 0.501751 0.208926 0.268285 
3.72513 1.12974 4.00755 0.707002 2.7206 0.0126943 0.117251 -0.38006 -0.542109 -0.301412 0.118528 0.166184 
4.34975 1.86895 4.88873 1.03442 2.31072 -0.471232 -0.973884 -0.950869 -0.870469 0.178912 -0.116576 -0.0216645 
4.43843 2.56975 5.37922 0.989499 1.22849 -0.556808 -1.03829 -1.41893 -0.581305 -0.0656961 -0.244359 0.00554798 
4.03531 2.94276 3.67361 1.72964 0.468441 -0.741821 -1.52065 -1.30912 -0.826768 -0.229201 -0.127722 -0.0188914 
4.00857 2.79072 3.69299 1.52489 0.509713 -0.792302 -1.64745 -1.51269 -1.02095 -0.247756 -0.175357 -0.0466622 
5.22723 2.55265 4.46939 0.275593 1.47495 -1.59862 -1.08513 -1.8478 -0.911888 0.056895 -0.353064 0.0220305 
4.78127 2.44933 4.73505 0.713597 1.29058 -0.594104 -1.16472 -1.59163 -1.15975 0.313733 -0.139423 -0.07563 
4.0101 2.42426 3.79953 0.398597 1.46967 -0.674599 -1.15035 -0.656373 -1.09263 -0.20284 -0.0693958 -0.0625522 
3.89503 2.25857 3.76185 1.47139 1.78438 -0.114765 0.655364 -0.13878 -0.59008 -0.235123 -0.186874 -0.0792493 
3.73478 1.56342 3.53977 1.46973 1.57217 -1.13785 -0.98026 -0.911419 -0.471042 -0.27781 -0.150748 -0.0277146 
4.03702 1.12903 4.18692 -0.101463 2.2803 -0.166539 -0.641869 -0.308146 -0.931272 0.0797422 0.0703296 0.0249407 
3.76352 1.36615 4.14154 -0.131568 2.15017 -1.29864 -0.407724 -0.239354 -0.547704 -0.134294 -0.100375 0.143179 
3.86193 0.847171 3.64304 0.24589 2.04908 -0.0608999 0.490025 0.132099 -0.307398 0.0128666 -0.0272244 0.0897766 
3.53371 1.31795 3.34488 0.256603 2.20947 -0.202168 0.545659 -0.145075 -0.369832 -0.0968694 -0.0429921 0.0793562 
3.61981 1.2704 3.50419 -0.206527 1.41503 0.601206 0.843701 -0.440276 -0.30267 0.0194776 -0.108361 0.0287058 
4.57709 1.83386 3.76774 -0.0249107 1.04616 -0.940214 0.334825 1.71744 0.598742 0.542494 -0.0929082 -0.137905 
4.19984 1.43727 2.23282 -0.76488 0.629918 -1.1715 -0.110104 1.08133 0.570249 0.5091 -0.162578 -0.177698 
4.4451 1.60215 2.29646 -1.60957 0.460662 -0.398652 -0.0442607 0.743832 0.488998 0.61497 -0.103686 -0.174264 
4.50743 1.63437 3.82035 -1.64235 0.695258 -0.824187 0.288782 0.876312 0.954868 0.629125 -0.345441 -0.0906295 
4.3424 1.45706 3.36273 -1.88682 1.03257 -1.03091 -0.568794 1.11462 0.871773 0.34364 -0.206318 -0.0964016 
4.17519 1.31519 3.37827 -0.958948 0.449266 -1.49786 0.362569 0.398969 0.415166 0.57313 -0.359885 -0.0752829 
3.99195 0.865806 3.33701 -1.04195 0.61424 -1.11868 0.867789 1.15666 0.502496 0.924412 -0.201257 -0.0791557 
3.86838 0.630385 3.3721 -1.4156 1.84679 -0.0187358 -0.225865 1.53394 0.305562 0.353393 0.130939 -0.0127706 
4.14797 0.48693 4.02358 -1.57716 1.45877 0.426803 0.535831 1.30475 0.0565477 0.626875 0.0446002 -0.00284553 
3.44457 0.359737 3.17046 -1.10567 1.92784 -0.537054 0.128695 -0.147705 -0.083605 0.0361307 -0.0543385 0.242331 
3.44439 0.441259 3.74601 -0.931616 2.91819 0.110784 -0.333865 -0.268591 -0.680053 0.247303 0.0163381 0.141316 
2.96416 0.341937 2.77205 0.155179 2.4302 -0.318572 0.897558 -0.0365769 0.10134 0.11794 -0.104241 0.14275 
3.00012 -0.0117586 2.72555 -0.792638 1.8712 -0.645733 -0.155279 -0.553575 -0.727893 -0.0359764 -0.0661872 0.178746 
2.87249 0.0628112 3.65008 0.0627394 1.82129 -0.664973 -0.568297 -1.17818 -0.606944 0.237705 0.123546 0.135174 
2.98411 0.242877 2.76092 -1.14778 1.68523 -0.574146 0.118676 -0.75016 -0.837519 0.104018 -0.129781 0.16438 
2.80125 -0.349664 2.98065 -1.28533 1.39113 0.47142 1.19751 0.209696 -0.720805 0.170427 -0.065469 0.0764262 
3.04455 -0.315683 2.95991 -0.661835 1.82841 -0.864552 -1.02647 -0.302822 -0.79032 0.0606094 0.020105 0.0825141 
2.82673 -0.0104764 2.84841 -0.922257 1.23788 -0.247354 0.0423985 -0.58893 -0.696563 -0.0602378 -0.107767 0.155391 
2.66953 -0.289549 2.27034 -1.49807 1.54894 -0.394597 -0.0257871 -0.434325 -0.36675 -0.181484 -0.00347033 0.305128 
2.67592 0.0585411 2.12294 -1.59805 2.02122 -0.290711 0.10996 0.099356 -0.437669 -0.0932737 -0.0723601 0.187857 
2.88559 0.0317127 2.20594 -0.788718 1.847 -0.555141 0.372335 -0.407383 -0.209523 0.0432946 -0.0166872 0.22636 
2.88295 0.0174632 2.72282 -1.46104 1.24253 0.00712674 0.111036 -0.357446 -0.753124 -0.103884 -0.16379 0.111847 
2.82526 0.331816 2.14521 -1.11 1.32462 -0.698349 1.02837 0.0260353 -0.508138 -0.0122334 -0.318055 0.115989 
2.78091 -0.41696 2.0979 -0.423118 1.50095 -0.350455 0.477314 -0.962757 -0.518834 0.591075 -0.0181137 0.134248 
3.02193 0.120644 2.58934 -0.30567 2.38299 -0.855195 -0.734658 -0.211754 -0.626126 0.209185 0.0971812 0.0813807 
