2.5175 0.215297 2.83706 -0.280687 2.0587 -0.612312 0.605226 -0.205703 -0.67208 0.417898 0.00882048 0.175305 
2.84561 -0.199534 2.14567 -0.742198 2.00818 0.22314 0.951572 0.573695 0.294654 0.601897 0.252861 0.188562 
2.86649 -0.334027 3.09218 -0.224083 1.90758 0.349846 0.822522 -0.0805585 0.0740355 0.527573 0.129577 0.211877 
2.6876 0.190174 2.69437 -0.653449 2.59514 0.113871 1.05638 0.435773 -0.161907 0.364801 0.379395 0.25247 
2.74814 0.0684358 2.64973 -0.369572 1.87284 -0.740151 0.373368 -0.292259 0.132173 0.065901 -0.0198594 0.292058 
2.76613 -0.400323 3.58136 -0.265634 1.70208 -0.516654 0.940327 0.431242 -0.32241 0.538174 0.038792 0.199594 
2.46584 0.165859 2.84849 -0.945383 1.76348 -0.643513 0.77304 0.708106 -0.176747 0.449312 -0.0985159 0.160898 
2.45497 0.0590138 3.36686 0.450954 2.05672 -0.762445 0.630842 -0.766584 -0.63515 0.322906 0.14913 0.213843 
2.75212 -0.0640318 2.57426 -0.971621 2.47158 0.664124 1.1699 0.342955 -0.0687734 0.0100653 -0.0224399 0.248941 
2.87169 0.565792 4.78619 0.111971 1.7273 0.0284677 0.963804 0.778378 0.672566 0.766765 0.286739 0.242652 
3.12628 0.114481 3.90425 0.65364 2.58358 1.0027 1.46323 0.778468 0.318344 0.61916 0.3752 0.222448 
3.48858 0.868902 3.79207 0.0233931 1.78645 1.19005 0.995858 0.205042 -0.226822 0.354463 0.48033 0.209399 
3.53991 1.47014 4.07587 2.24535 3.85385 0.62893 1.82242 0.719619 -0.243112 0.32798 -0.00884188 0.0660753 
4.4801 2.41533 5.06503 1.30509 1.67727 -0.353383 -0.892713 -0.687827 -0.216215 0.484923 0.0364106 0.0605444 
4.41357 3.46061 5.08282 1.67466 1.60286 -0.72175 -1.14419 -0.446477 -0.804157 0.354391 0.00387426 0.0302614 
4.02952 3.49507 4.1272 2.28036 1.05611 -0.434662 -1.14495 -1.03659 -0.585929 0.197151 -0.12534 0.0201558 
4.074 3.51723 4.21322 2.18556 1.26664 -0.389932 -1.16524 -1.02807 -0.723765 0.0444544 -0.152956 -0.00352582 
5.22201 2.78146 5.56602 0.841035 2.03751 -0.266407 -1.04753 -0.532902 -0.779175 0.0725171 -0.0901033 -0.0558718 
5.3167 2.67812 4.4179 0.181966 2.41287 -0.70329 -0.603252 -0.399982 -0.651876 0.425447 -0.0583071 0.0326908 
4.32344 2.51897 4.26537 0.996627 0.911725 -0.249084 0.232983 -0.787195 -0.622571 0.168171 0.026349 0.0615612 
4.29999 2.85994 4.75785 1.7639 2.08599 -0.586012 -0.458275 0.03215 0.264839 0.169515 -0.10411 0.0169554 
4.1559 2.3131 4.80222 1.57917 2.0831 0.710651 0.948124 -0.356609 -0.63663 0.258187 -0.187773 -0.089332 
3.71743 2.14097 3.86053 1.93245 3.51173 0.767455 1.42177 0.743133 -0.0943702 -0.169643 -0.0773764 0.0166409 
3.24302 1.46796 4.24883 0.874183 2.81784 0.188441 0.738413 0.673287 0.0319778 0.506316 0.25836 0.131483 
3.342 0.895682 4.53429 1.26049 3.03101 0.786712 1.3168 1.12923 0.126245 0.692928 -0.0640142 0.0156448 
3.19783 0.77016 4.16105 1.07809 2.87617 0.376656 -0.00807519 0.360006 -0.231848 0.656366 0.474063 0.0978716 
3.66951 2.21621 3.93314 1.31715 1.56091 -0.537012 0.443606 0.988229 1.13236 0.678736 -0.103829 0.0162896 
4.39805 2.77094 3.45673 0.413616 1.24269 0.284458 -0.00722923 0.989343 0.673886 0.741008 -0.0122834 -0.113915 
4.98468 2.11246 2.78283 0.167297 -0.398753 0.744271 1.31362 0.880688 0.416999 0.413086 -0.16625 -0.205281 
5.03425 1.99755 2.58374 -1.70915 0.751058 0.785484 1.04322 1.246 0.557103 0.344969 -0.236886 -0.218215 
4.55613 2.34862 3.91798 -0.678064 0.880598 -0.180974 1.59528 1.49748 0.556204 0.927601 -0.229068 -0.183642 
4.09982 1.71355 3.67372 -0.676385 1.51115 -0.104818 1.027 0.666804 1.3993 1.10554 -0.420388 -0.0707954 
4.09151 1.6435 4.30259 0.437645 1.51339 -0.0719482 0.441488 1.55916 0.911755 0.39209 -0.261338 -0.131602 
3.92502 1.45759 4.30676 0.14235 1.63645 -0.528977 0.453575 0.800666 0.838096 0.627727 -0.29871 0.00433548 
3.71234 1.18273 3.29081 -0.391783 2.13579 0.488195 1.01862 0.621977 0.423625 0.637776 -0.144875 0.0328192 
3.64052 0.892627 3.99498 -0.470664 1.15755 0.0524934 0.891864 1.01448 0.174513 0.862099 0.174505 0.0597028 
3.53751 0.244421 3.82497 0.0810916 1.65366 0.891737 1.67062 0.904684 -0.102703 1.00354 0.345514 0.0829131 
3.36504 0.552681 3.62397 -0.41072 3.29346 0.735792 0.311335 0.999115 0.293692 0.819224 0.194064 0.104655 
3.11404 0.373448 3.08233 -0.0499095 2.51116 0.211527 1.17152 0.395359 0.0457588 0.965854 -0.000355798 0.102985 
3.06924 0.370545 3.30651 0.59687 2.16802 -0.584285 0.691634 -0.665512 0.137183 0.621487 -0.0681322 0.195901 
2.6144 0.340732 3.30589 -0.205634 2.16549 -0.607373 0.434655 0.178179 -0.885893 -1.09585e-005 0.325501 0.200767 
2.67084 0.415232 2.05632 -0.505878 2.51321 -0.167607 0.606467 0.408317 0.624305 0.307624 -0.21951 0.142179 
2.75454 0.616032 3.34077 -0.602197 1.19663 -0.171102 0.758829 -0.548146 -0.626287 0.468141 0.0641647 0.152426 
2.68254 -0.269684 2.68594 0.137714 2.07866 0.114254 0.694154 -0.646117 -0.171727 0.370214 0.122202 0.226261 
2.53304 -0.125962 3.70412 -0.308356 2.10506 0.0553302 0.109283 -0.468696 -0.192559 0.450915 0.169362 0.206839 
2.83869 -0.361335 2.54273 0.153234 1.24461 -0.316778 0.605373 0.327132 -0.197064 0.22709 0.0212798 0.14392 
2.8077 0.117414 3.59741 -0.501177 2.03161 -0.467959 0.379448 -0.209025 -0.607037 0.430093 0.27847 0.244412 
2.84984 0.248403 3.18826 0.26051 2.05325 -0.503338 0.920453 -0.0701763 -0.493494 -0.0175535 0.0480353 0.219772 
2.94677 -0.337583 2.76744 -0.599236 1.94841 0.420419 0.479529 0.308922 -0.149115 0.460479 0.0784042 0.128554 
2.64128 -0.0605591 3.68083 0.218372 2.19408 -0.801378 -0.225017 -0.172168 -0.258387 0.470676 0.030551 0.164522 
2.87185 -0.267443 3.02731 -1.15045 1.65097 -0.0156092 0.133448 0.141741 -0.393369 0.392303 0.0491172 0.169303 
2.52781 0.265604 2.33069 -0.577 2.71284 -0.213382 0.223936 0.264934 0.0105848 -0.167993 0.0994388 0.232417 
2.66427 0.184118 2.53862 -1.1588 2.10335 -0.348651 0.39658 0.756652 -0.177774 -0.0729119 0.122368 0.220536 
2.80156 0.0337384 2.58376 -0.789836 1.62824 -0.286033 0.532135 -0.253727 -0.776794 0.078661 0.0803551 0.230291 
2.73133 0.126334 2.80883 -0.406764 2.23828 -0.274353 -0.239026 0.290265 -0.633818 0.145071 0.252235 0.144559 
2.79939 -0.203686 3.14586 -0.416715 1.53393 0.594992 1.00037 0.754167 -0.13003 0.197939 0.181305 0.137215 
2.87109 -0.283763 2.60747 -0.553496 1.88415 0.0435513 0.241014 -0.260188 0.0325025 0.112726 -0.0400617 0.243935 
2.63693 0.167363 3.55615 -0.893132 1.9765 -0.138009 0.232567 0.257527 -0.789355 -0.0742478 0.262735 0.199956 
2.7497 0.0682068 2.61323 -1.06414 2.63021 -0.328248 0.870247 1.31659 -0.184363 0.079086 -0.0480549 0.187582 
2.8563 -0.264123 3.55948 -0.0885525 1.73169 -0.217178 -0.229433 0.0578957 -0.430969 0.612588 0.0595965 0.0573792 
