3.12761 0.0112201 3.14321 -1.16915 1.85899 -0.805973 -0.0694875 0.449079 -0.714293 0.189036 -0.151624 0.0864109 
2.96447 -0.0946212 2.65706 -0.32171 2.20342 -0.580144 0.120498 0.223088 -0.0865445 -0.0314755 -0.109232 0.166558 
2.93587 -0.111933 2.74369 -0.711027 1.79383 -0.0279689 -0.00587027 -0.988228 -0.714708 0.167386 0.0593741 0.194329 
2.772 0.307564 3.00768 -0.71194 2.18799 -0.238713 -0.419531 -0.115309 0.0477921 0.228811 -0.0618101 0.095615 
3.30701 0.12889 3.27449 -0.327036 1.89515 -0.616812 -0.117294 0.178279 -0.519861 -0.429553 0.118989 0.237511 
3.01257 0.144032 2.78102 0.356417 3.13132 0.6065 1.29579 1.27839 0.633337 0.36304 -0.0284305 0.122507 
3.22987 0.555409 3.51199 0.851309 2.94492 0.800093 0.35659 0.307926 0.317996 0.495505 0.297394 0.115765 
3.37493 0.689394 3.86086 -0.639882 3.06472 0.102074 0.611291 0.660403 -0.188261 0.378574 0.251891 0.244319 
3.76845 0.795528 4.06696 0.90118 2.65749 0.0867316 0.500686 0.0517923 -0.332119 0.090579 -0.0905843 0.0579096 
4.47983 2.27003 5.10232 -0.254831 1.9714 0.414198 -0.395718 -0.503118 -0.774126 0.157519 -0.00377636 0.0425543 
4.37109 2.98195 5.07507 2.18739 1.37103 -0.410693 -1.30023 -0.726824 -0.6316 0.268134 -0.0620661 -0.00873049 
4.56982 3.71872 4.32257 2.06646 1.11274 -0.630882 -0.741034 -1.18087 -0.686615 0.338254 -0.0548546 0.039748 
4.61293 3.47487 4.87761 2.1374 1.43967 -0.25665 -0.997896 -1.38154 -0.785152 0.485086 -0.161678 -0.032325 
4.91466 3.48142 4.96005 2.05394 1.28237 -1.48254 -0.93486 -1.01077 -1.02507 -0.00250833 -0.141023 -0.00701084 
4.74532 3.42544 4.32336 1.37594 1.09057 -0.894747 -1.49298 -1.30413 -0.998216 -0.000967091 -0.124766 -0.0296473 
4.2784 2.96796 4.15915 1.13844 1.1349 -0.921267 -0.59984 -0.309476 -0.743724 0.0482059 -0.038784 -0.00877265 
4.61748 3.05942 4.48405 1.74853 1.5047 -0.686018 -0.686398 -0.823272 -0.675986 0.260934 -0.139518 -0.0542111 
4.88676 2.54365 4.94938 1.21271 1.28512 -0.78336 -0.190508 0.155044 -0.53048 0.0118475 -0.106987 -0.0759718 
4.27404 2.2031 4.38349 0.750453 1.75295 -0.1702 -0.997097 -0.790463 -0.13059 0.282237 -0.227502 -0.0968573 
4.11076 2.14731 4.21478 0.746449 1.72362 -0.0689615 0.117276 -0.796043 -0.40629 -0.128309 -0.190038 0.00416819 
3.81796 1.48776 4.44324 0.711749 1.95756 -0.64576 0.213557 0.322699 -0.802231 0.326667 0.10153 0.0321093 
3.7259 0.999049 3.87394 0.0529646 3.16664 -0.236788 -0.0620781 0.332899 -0.596568 -0.243859 -0.0701081 0.0999106 
3.34462 1.07066 4.51421 -3.88644e-005 1.96176 0.224815 0.435198 0.485151 0.16184 0.197922 -0.0020267 0.0919109 
3.49865 1.75688 3.3413 1.82677 2.06804 0.395746 0.620197 0.483883 -0.0421901 -0.0149069 0.0105118 -0.0107826 
4.29626 2.94228 3.19319 -0.165606 0.713894 0.559445 0.119282 0.454955 0.717829 0.782303 -0.0154335 -0.0725129 
4.31888 2.1741 2.52914 -0.306688 -0.183269 -1.19126 -0.582542 1.03229 0.537318 0.346771 0.00683133 -0.114478 
4.51379 2.61439 2.70841 -1.21234 0.910345 -0.405124 0.644831 0.823279 0.572865 0.706203 -0.14957 -0.121689 
5.08159 1.70717 2.9085 -2.55297 0.18706 -1.10493 0.587864 1.07151 0.499419 0.721648 -0.277744 -0.143882 
4.10798 1.92147 2.4704 -1.35797 -0.00242486 -0.737546 0.325292 0.932663 0.898561 0.459443 -0.0673879 -0.108611 
3.89015 1.57618 2.34691 -0.501385 0.438841 -1.08048 0.415305 0.738038 1.20187 0.640129 -0.249179 -0.1138 
4.24365 1.03238 3.72035 0.167637 -0.218661 0.281226 1.09185 1.03351 0.30863 0.398218 -0.0560545 -0.142852 
3.82441 1.27894 3.50388 -1.54271 1.66306 -0.389175 0.140138 1.24095 0.502385 0.359862 -0.0277842 0.0318863 
3.8023 0.957569 3.24647 -0.978104 1.25266 -0.0365363 1.85789 0.489364 -0.039174 0.617881 -0.156356 0.0722111 
3.43527 0.449532 3.48281 0.223219 2.35594 0.0439894 0.939306 -0.197984 -0.0263408 1.10338 0.173228 0.132273 
3.39695 0.913808 3.38516 -0.0662628 2.95959 0.278469 0.455675 0.189863 0.440603 0.236017 -0.0413612 0.141402 
3.55048 0.360343 3.8081 -0.842105 1.54804 0.0383205 -0.0458522 0.23572 -0.655587 -0.0248347 0.167951 0.110982 
3.5021 0.478935 3.23909 0.0653739 1.70061 0.922522 1.05771 0.0919028 0.0999691 0.0321442 -0.138365 0.0571258 
3.12285 0.464723 2.70281 -0.14942 2.05962 -0.287151 -0.0254146 -0.897591 -0.0202197 0.00275439 0.0263998 0.194098 
3.11845 0.266494 3.14824 -0.742129 2.35706 -0.64389 0.0698511 0.19286 -0.651587 -0.213541 0.0860362 0.235671 
3.15663 0.0659152 3.27512 0.0135069 0.792782 -0.596417 0.148411 -0.8722 -0.719704 0.193857 0.00621616 0.105401 
3.01745 -0.201639 2.8704 -0.940923 1.9974 -0.143312 -0.196016 -0.510589 -0.88935 0.123372 -0.0419037 0.156712 
2.83042 -0.11735 2.58272 -1.29206 2.07293 0.250794 -0.702613 -0.514819 -0.340867 0.192358 0.177247 0.186621 
2.96001 0.315176 2.89838 -0.820372 1.4826 -0.863004 0.381323 -0.267795 -0.745277 -0.351221 0.00582191 0.231472 
2.86527 0.0249572 2.50381 -1.00467 1.6182 -0.352423 0.133231 -0.533623 -0.624425 -0.154485 0.00935385 0.236541 
2.97714 0.164401 2.53132 -0.911481 1.04258 -0.557421 0.549213 -0.479271 -0.620899 -0.300855 -0.0916555 0.219762 
2.6417 -0.36557 2.45022 -0.796183 2.4348 -1.17842 -0.94953 -0.116861 -0.383417 0.39144 0.10326 0.226371 
3.02291 -0.126001 3.08098 -1.09806 1.67473 -0.0404828 -0.569475 -0.686567 -0.80718 0.0879023 0.0419362 0.161635 
2.96885 -0.181236 3.00192 -0.778929 1.83316 -1.26837 0.234207 0.552662 -0.637877 0.0306456 -0.0844688 0.215109 
3.10101 0.296179 2.82083 -0.331553 1.5296 -0.967025 0.0799032 -0.824415 -0.174435 -0.125622 -0.139809 0.237929 
2.95556 -0.194908 2.72511 -0.166216 1.55925 -0.698432 -0.406726 -0.582475 -0.837009 0.692286 0.0797453 0.0530267 
2.84189 -0.245197 3.98194 -0.193439 1.7912 -0.622583 -0.649115 -0.168717 -0.875586 -0.0207891 0.147974 0.117711 
2.78805 0.0685421 3.55815 -0.394284 2.08053 0.105932 0.710418 -0.171428 -0.660311 -0.315726 0.0129678 0.198673 
3.02031 -0.127005 2.54918 -0.743357 2.22809 -0.897745 -0.838484 -0.232764 -0.148974 0.0151417 -0.176799 0.181674 
2.72754 0.0994896 2.8199 -0.357331 1.73092 -0.788052 -0.203151 -0.869237 -0.109987 0.137162 0.031296 0.234407 
2.97457 0.434867 2.39737 -0.426672 2.02454 -1.09577 -0.0256811 -0.209646 -0.22714 -0.525578 0.020345 0.260267 
2.68963 -0.306824 3.1475 -0.378111 1.47775 -0.0972427 0.937186 -0.575141 -0.434453 0.0524118 0.0465927 0.258165 
2.80059 -0.300867 3.24265 -1.44257 1.49026 -0.103869 0.124473 -0.713967 -0.911611 0.218172 0.0201531 0.247552 
2.79071 -0.28809 2.83845 -1.44985 1.42535 0.107052 -0.185772 0.118698 -0.546203 0.0394304 0.0665506 0.157042 
2.64777 -0.0617881 2.37173 -1.36593 2.62342 -1.01945 -0.49926 0.264179 -0.836926 -0.0881906 -0.0794717 0.225614 
3.13343 -0.596864 2.80974 -0.898083 1.39132 0.107712 0.0768711 -0.095033 -0.345678 0.094652 0.0239267 0.168489 
