3.13958 -0.179375 2.7804 -1.11579 0.761575 0.145933 0.37037 -0.478715 -0.27566 0.206549 -0.0667096 0.194463 
3.04702 0.12419 2.89873 -1.25777 1.85164 -0.481231 -0.589483 0.29057 -0.160954 0.0110375 -0.0474158 0.162195 
3.13496 -0.111251 2.46349 -0.803411 1.16498 -0.368022 0.653883 -0.153833 -0.501713 0.455575 -0.124383 0.115048 
2.83587 0.11033 2.93853 -0.388678 1.20841 -0.423956 -0.300466 -0.0398424 -0.596791 -0.38319 0.185768 0.2097 
2.95578 -0.176426 2.29985 -0.633877 1.38503 -0.76316 1.00184 0.0202089 -0.107986 0.318683 -0.240798 0.197172 
2.87559 -0.0733809 2.87634 -0.888362 1.39928 -0.352181 0.21274 -0.307238 -0.762947 0.223079 -0.00835318 0.175428 
2.84142 -0.265348 3.07754 0.00129356 2.00343 -0.592762 -0.652085 -0.455259 -0.44284 0.192425 0.272673 0.210356 
2.93877 -0.151008 3.3091 -0.981803 1.46125 -0.282437 -0.712739 0.0192308 -0.295044 -0.0738505 -0.0407262 0.165891 
2.47187 -0.107397 2.92711 -0.642068 2.08964 -0.127324 0.362638 -0.0916825 -0.368846 0.0848289 -0.0249869 0.211834 
3.04946 0.125945 2.99911 -1.75563 1.76184 -0.45099 -0.0860132 0.0318728 -0.590463 0.0770124 -0.113866 0.208612 
2.89581 0.0695033 3.57385 -0.720752 1.98085 0.041288 -0.249976 -0.646817 -0.570949 0.467497 0.0931262 0.150449 
3.0782 0.290276 3.01856 -1.07511 1.63207 -0.229091 0.0495479 -0.185968 -0.729283 -0.239073 0.112649 0.230375 
2.76472 -0.1485 2.17102 0.0127103 2.66846 -0.0754179 0.576637 -0.319221 -0.333944 0.349827 -0.0637865 0.163884 
2.73804 -0.0569492 2.82821 -0.525805 1.71383 -0.521268 -0.448775 -0.503273 0.0984071 -0.0091573 -0.149909 0.228819 
2.85416 0.00565178 2.89708 -0.14466 2.80161 -0.239174 -0.861257 -0.905974 -0.370779 0.210604 0.164522 0.188 
3.10709 0.0388857 2.48608 -0.906091 1.68966 -0.203166 0.170219 -0.0388625 -0.787407 -0.390008 0.157287 0.268046 
3.1603 0.333293 2.52112 -0.407422 2.55717 -0.235378 1.17208 0.307202 -0.503972 0.0821393 0.0305527 0.226477 
3.1218 -0.0431675 3.15376 -0.300122 2.10137 -0.643188 -0.314754 -0.00529379 -0.343397 0.578436 0.0418923 0.115822 
3.11441 0.600135 3.17688 -0.531763 3.51906 -0.659327 -0.502476 0.880034 -0.250491 -0.128642 0.156401 0.182884 
3.78627 0.664228 4.44961 0.172732 2.11302 0.364802 -0.0176558 0.673545 0.0672993 0.385483 0.26255 0.121509 
4.1426 1.51804 4.43975 1.74316 3.09929 0.685206 0.585112 0.460668 -0.617948 0.238756 0.0606308 -0.0356852 
4.40491 2.82558 4.94147 1.53487 2.09892 -0.747865 0.0719247 -0.673296 -0.200094 0.202281 -0.180962 0.0519054 
4.64621 3.16391 4.56078 1.98111 0.89551 -0.539927 -0.542408 -1.33497 -0.686134 0.268394 -0.0716528 0.00721444 
4.36343 2.96261 4.33118 1.0387 0.750545 -0.77034 -1.72947 -1.03375 -1.14126 -0.143585 -0.0850004 -0.0473156 
4.25583 3.14405 3.9723 1.60407 0.930648 -0.794616 -1.61075 -1.20391 -0.693248 -0.239842 -0.16405 -0.03603 
4.3831 3.48915 4.15491 1.95138 1.00523 -1.10824 -0.900346 -1.19593 -1.03069 0.0166938 -0.204236 -0.039403 
4.63903 2.75724 4.37096 0.549273 1.23985 -0.956749 -1.41131 -1.40475 -0.757861 -0.119649 -0.156946 -0.00995225 
4.74868 1.87088 4.24113 0.440921 1.33529 -1.72297 -0.808426 -0.940382 -0.74567 -0.0825811 -0.23436 0.0637993 
4.38547 2.39528 4.17774 0.761249 1.82517 -0.455102 -1.43532 -1.04873 -0.739904 0.019977 -0.111223 -0.0626729 
4.13599 2.21957 3.85371 1.22822 1.31781 -0.567957 -0.32907 -0.874192 -0.994069 -0.0813473 -0.0930349 -0.0427376 
3.78396 1.35387 4.70628 -0.214794 1.77877 -0.395229 -0.261001 -0.646231 -0.835982 0.100912 -0.0800855 0.0621549 
3.64201 0.994506 3.89305 0.196723 1.79697 -0.182999 0.129864 -0.476924 -0.361492 -0.0389686 0.15674 0.194051 
3.64827 0.73083 4.13748 -0.14832 1.95397 -0.00104888 -0.121728 0.354713 -0.631456 0.379945 0.419208 0.128424 
3.31663 1.1853 4.15075 0.0961349 2.2917 0.174393 0.446191 -0.595578 -0.484677 0.333022 0.205221 0.17164 
3.33759 0.395947 3.9446 0.474529 2.18073 0.522237 0.504065 0.262744 -0.478075 0.257795 0.17674 0.0482467 
4.46916 1.68496 2.89682 -0.540249 1.50684 -0.946724 -0.44594 1.13066 0.449382 0.401071 -0.0543978 -0.0908354 
4.80785 1.63588 2.967 -0.923995 0.855155 -1.16134 0.483895 0.295129 0.63892 0.950255 -0.271963 -0.119831 
4.79379 2.14351 2.52578 -0.941153 0.0187429 0.108461 -0.116479 1.05755 0.70764 0.394708 -0.0447365 -0.176466 
4.48848 2.44245 2.04925 -1.21153 0.271055 -0.288823 0.447293 1.13121 0.521561 0.298462 -0.193871 -0.209256 
4.37631 2.33539 2.38991 -0.60673 0.756802 -1.0143 0.538869 1.31639 0.801288 0.0695279 -0.284787 -0.177096 
4.50854 1.56928 3.21592 -0.499277 0.716476 0.0465454 0.379626 1.32072 0.314067 0.89848 -0.0500994 -0.256197 
4.31999 1.40338 3.14981 -1.04901 1.29509 0.125379 0.0845225 1.30293 0.588727 0.485521 -0.207922 -0.212006 
3.79597 0.767918 3.37187 -0.972695 1.25522 -0.00498066 0.914336 1.12812 0.673697 0.476783 -0.215616 -0.0062996 
3.69008 0.924079 3.35617 -0.760089 1.21744 -0.508874 0.740925 0.420002 0.289168 0.429138 -0.0583386 0.122251 
3.51165 0.996598 3.90591 -0.608698 1.24793 0.571003 0.999689 0.389052 -0.105629 0.0529079 0.0702117 0.0984914 
3.50041 0.975082 4.20968 -0.301595 2.48212 -0.0926643 0.516214 0.243466 -0.796735 0.127545 0.00294688 0.09284 
3.52703 0.533354 3.75314 -0.921092 2.1026 0.142681 0.0558197 0.743277 -0.036487 0.285644 0.0946269 0.0994764 
3.41078 0.609108 3.13392 0.136865 2.83422 0.0247081 0.91363 0.0405363 0.279394 0.881723 0.0338103 0.150885 
3.15286 0.278684 3.6987 -1.08415 1.24832 0.195358 1.26475 1.38344 -0.014605 -0.0193233 0.0947245 0.121481 
3.16373 0.728072 3.30253 -0.0863628 1.30877 -0.278818 0.311344 -0.660496 -0.329406 0.320725 0.197208 0.177553 
3.19988 -0.224807 3.04131 -0.497932 1.90402 -0.237615 -0.903827 -0.358708 -0.0271975 0.233831 0.000959857 0.156846 
2.76674 0.210174 2.89784 -1.22679 2.03118 -0.501276 0.234287 0.431517 -0.0140634 0.343314 0.020274 0.192897 
2.97918 -0.22581 3.24271 -0.846871 2.3515 -0.175964 0.144178 0.350566 -0.329327 -0.135328 -0.0290695 0.249963 
3.27718 0.0113693 2.51641 -0.514739 1.55277 -0.0758161 0.440246 -0.495583 -0.310943 0.515348 -0.193102 0.0757798 
3.06359 -0.187843 3.23976 -0.274062 1.73384 -0.849336 -0.558523 0.102709 0.0585859 0.317022 -0.179641 0.133262 
3.47223 0.3521 2.78185 -0.348422 1.65671 -0.21616 0.723632 -0.215553 -0.249909 -0.000331374 -0.0458439 0.19514 
3.48476 0.161198 3.36658 -1.18142 1.41287 0.838502 0.433563 0.284397 -0.0742758 -0.0459922 -0.120084 0.0902143 
2.97763 -0.238057 3.40307 -0.359012 1.30921 -0.115265 0.26585 0.0952763 -0.829439 0.444854 0.00192461 0.0207645 
3.02249 -0.208643 2.91702 -0.634019 2.03181 -0.137093 -0.00419938 0.0471722 -0.241167 -0.153782 0.0438464 0.240715 
3.08962 0.424373 3.90343 -0.223828 2.05937 -0.459355 0.766201 -0.517925 -1.10056 -0.0141942 0.109794 0.225448 
