2.86875 -0.586476 1.95675 -0.190769 1.91473 -0.460717 0.0774919 -0.4706 -0.438236 0.205422 -0.132915 0.197824 
2.78399 0.303319 3.12644 -1.15239 1.87155 -0.143839 -0.916711 -0.419449 0.108528 0.406957 -0.00764307 0.142238 
2.81003 -0.513599 3.05674 -1.33105 1.48527 0.377692 0.126613 -0.192423 -0.317239 0.660434 0.0720817 0.140417 
2.85286 -0.306538 3.57657 -0.0809186 1.71123 -0.581937 0.247736 -0.503858 -0.849425 0.0924493 0.223561 0.255654 
2.93496 -0.253366 2.45426 -0.199058 1.80933 -0.771161 0.295576 -0.46961 -0.231851 0.226762 -0.036076 0.249081 
2.929 0.0177133 2.71707 -0.761878 1.57446 -0.854166 0.474377 -0.129961 -0.667368 -0.0274945 -0.0924724 0.229413 
2.38511 -0.515434 2.49173 -0.233332 1.16707 -0.27947 0.14725 -0.470284 -0.128585 0.131308 -0.0233482 0.245086 
2.93341 -0.0912476 2.35542 -1.53669 2.19415 0.0315131 0.455749 0.173261 -0.186474 0.22195 0.0413989 0.232424 
2.78987 0.230518 2.5123 -1.1895 2.58602 -0.478532 -0.425438 -0.150204 -0.784717 -0.0963569 0.0230234 0.202587 
2.93042 -0.0664439 3.04562 -0.605114 1.09397 -0.759481 0.292946 -0.570233 -0.233141 0.270207 -0.0129331 0.253024 
2.6005 -0.334496 2.24389 -1.30191 2.06809 -0.102694 -0.324142 0.973881 -0.516067 0.17199 0.175896 0.113111 
3.02042 -0.247402 3.58529 -0.586405 2.00839 -0.157719 -0.32005 0.696398 -0.117513 0.355877 0.0101822 0.0636043 
3.23341 0.307632 3.69052 0.136113 1.96248 -0.882135 0.581431 -0.0106034 -0.118147 0.0572155 0.0351677 0.284824 
3.11444 0.581387 3.92672 0.0484571 2.6377 0.207863 0.875218 0.239935 0.147318 0.686134 0.0939349 0.170631 
3.45512 0.591542 3.33564 0.0903722 2.62272 1.07459 1.54929 0.874288 0.0256793 0.289276 0.333273 0.209418 
3.10034 0.601452 3.41311 0.350392 2.33415 -0.93876 0.10029 0.404585 -0.428165 0.206155 0.0809134 0.125909 
3.09198 0.307299 3.36694 1.0596 2.42892 0.726386 1.03281 0.0999521 0.6984 0.782129 0.249984 0.150003 
3.55069 1.26746 4.1935 1.30956 3.31724 -0.0895475 0.320388 0.314058 -0.330448 -0.135352 0.197796 0.158071 
4.02937 1.8035 5.63465 0.716297 2.42163 0.101121 0.0302453 -0.223741 -0.49763 -0.149081 -0.0811821 0.104324 
4.44863 2.49716 4.56817 1.52829 1.43521 -1.04496 0.104119 -0.827527 -1.11806 0.0663878 -0.0684904 0.0227837 
4.29041 2.94566 5.32327 1.40375 1.0193 -0.700524 -1.59864 -0.678048 -0.950688 -0.000716702 -0.0475226 -0.0292455 
4.51967 2.77386 4.56031 1.21307 0.878119 -1.27418 -2.13588 -1.18958 -0.467863 -0.47264 -0.151955 0.0077128 
4.91201 2.52204 4.70851 0.0212658 1.52571 -0.72254 -1.7226 -1.61509 -1.04436 0.297477 -0.0645588 -0.00476555 
4.91478 2.53006 4.68377 0.321097 1.24298 -1.40427 -0.812437 -0.815116 -0.611252 0.0699426 -0.116074 0.078722 
4.3516 1.85752 3.97258 -0.249851 1.18775 -1.36382 -0.34158 -1.15962 -1.21844 -0.0372872 -0.24341 0.00763901 
3.93481 1.93076 4.67805 0.0178951 1.78034 -0.710446 -1.00028 -0.351016 -0.757538 -0.0249162 0.00851382 0.0227019 
3.90821 1.32114 4.31852 0.666768 1.84528 -1.31523 -0.729952 -0.640228 -0.816965 0.000409425 -0.145624 0.0236715 
3.68686 1.15772 4.52652 0.584351 1.926 -1.25745 -0.878078 -1.11842 -1.11393 0.051674 -0.132348 0.0143852 
3.29299 1.06356 3.80954 -0.493524 2.14448 -0.710899 -0.133195 -0.176587 -0.481716 -0.205812 0.278205 0.238787 
3.42559 0.358401 4.05739 -0.0848896 1.68284 -0.454581 -0.430806 -0.384012 -0.564221 0.340815 0.0786965 0.0826771 
3.33438 0.064896 3.25728 -0.130348 2.08431 0.228358 0.430775 0.167836 -0.827296 0.149844 -0.141148 -0.0158684 
3.49332 1.77167 3.43902 0.937679 0.669736 -0.0291255 0.849398 0.750753 -0.0203208 0.318374 -0.030533 -0.0746541 
4.10422 2.61831 3.41981 0.322727 0.648043 0.160492 0.664536 0.835444 0.704646 0.878841 -0.157407 -0.143499 
4.15469 1.95457 3.06121 -1.28859 1.07881 -0.854101 -0.323279 0.832571 0.991897 0.473271 -0.198506 -0.1316 
4.51516 2.05165 3.12454 -1.66433 0.303448 -0.578549 -0.0897613 0.531374 0.886326 0.36631 -0.189392 -0.120064 
4.40173 1.78315 3.0539 -0.422718 0.375443 -0.351213 0.958694 0.550212 0.665858 0.511801 -0.293276 -0.16502 
4.39031 1.58469 2.7929 -0.905997 0.737426 -0.447906 1.27098 0.504398 0.0115356 0.786714 -0.247257 -0.160297 
3.85318 1.2068 4.2273 0.127216 1.54032 -0.369366 0.142808 0.51338 0.150528 0.106086 -0.207992 -0.0197202 
3.81109 0.754795 3.18835 0.465938 2.0237 -0.271818 0.842475 0.801874 -0.0270948 1.06342 -0.124438 -0.127846 
3.57241 0.894539 3.84422 0.19455 1.94952 0.16911 0.893199 0.819405 0.751362 0.277617 0.0111304 0.152407 
3.47013 0.63019 3.10325 -0.352084 1.92174 -0.271484 1.07097 0.0689443 -0.213854 0.350461 0.0156575 0.177801 
3.54021 0.87693 4.55739 -0.326607 2.28102 0.0799647 0.0409197 -0.516706 -0.539141 0.227429 -0.0440327 0.152147 
3.13718 0.198324 3.46297 0.346428 2.05549 0.573946 0.341157 -0.424193 -0.537433 0.0965551 -0.067566 0.0307627 
2.94462 0.225107 3.24144 0.0414551 2.60023 0.52633 0.570071 -0.381206 0.21203 -0.112117 -0.334276 0.142699 
3.15126 -0.334771 3.44921 -0.900423 1.36929 -0.360201 0.639853 -0.306576 -0.986902 0.0418534 -0.0611057 0.241725 
3.05983 0.0420249 2.47177 -0.411201 1.9584 -0.849274 0.687015 -0.715647 -0.448796 0.104828 -0.0717005 0.298301 
2.69411 -0.173451 2.36154 -0.508664 1.88287 -0.418388 0.573972 -0.798924 -0.682436 0.194137 -0.00182063 0.263519 
2.71645 -0.196003 3.28398 -0.33449 1.55424 0.284238 1.22051 0.125034 -0.405604 0.369587 -0.0422045 0.109506 
3.14934 -0.286075 3.34094 -0.529352 1.26418 -0.271428 0.526583 -0.383052 -0.52992 0.305812 -0.0263715 0.184183 
3.10435 0.360395 2.83046 0.527726 1.47197 -0.32927 0.704025 -1.07882 -0.642743 0.489417 -0.0173015 0.083981 
2.92981 0.0857936 2.62698 -0.835186 2.12972 -0.374631 0.578762 0.268578 -0.546085 0.305369 0.123148 0.177569 
2.92782 -0.12769 3.36061 -0.244084 2.36907 -0.823409 -0.678054 -0.178451 -0.651648 0.497248 0.165966 0.131192 
2.67277 -0.0243488 3.02953 -0.52476 2.03919 -0.338218 0.546527 0.37287 -0.519824 0.102444 -0.13811 0.137865 
2.60474 0.230789 2.95183 -1.09512 1.70047 -0.57181 -0.135337 -0.37537 -0.121428 0.00747887 -0.1028 0.248797 
2.52401 -0.42905 3.00363 -1.44329 1.0973 -0.54899 -0.0786496 0.549829 0.158714 0.357096 0.114697 0.231627 
2.68148 -0.130908 2.68245 -0.359049 2.46276 -0.585903 -0.286213 -0.781589 -0.739778 0.372915 0.0936107 0.202244 
2.74154 -0.408926 3.03827 -0.10392 1.34574 -0.351972 -0.0177433 -0.473351 -0.636659 0.214908 0.1922 0.188427 
2.92284 -0.239876 2.62937 -1.17288 2.04104 0.173316 0.453614 0.293649 -0.518567 -0.10398 0.180621 0.247314 
2.76684 0.0901542 2.68161 -0.254969 1.52347 -0.820909 0.0838212 -0.152922 -0.294621 0.0702093 -0.053189 0.183131 
2.94165 -0.0544625 2.37905 -0.975774 2.13798 -0.258555 -0.54968 -0.501377 -0.282955 0.315548 0.136099 0.212247 
