3.02768 -0.0803707 3.04248 -1.55948 0.654196 0.516102 0.139149 -0.550387 -0.5088 -0.139289 -0.214638 0.0342323 
2.88398 -0.450205 2.3563 -1.06325 1.28552 -0.452041 0.295658 -0.897083 -1.00659 0.256308 0.0020043 0.198548 
2.71491 0.228798 2.86326 -0.683544 1.18249 -1.31109 -0.366442 -0.251909 -0.313228 0.249332 -0.197172 0.0801253 
2.92731 0.00281761 2.36375 -1.70402 0.685319 -0.912048 0.0167593 -0.653019 -0.474048 0.0457098 -0.272624 0.168506 
2.9765 -0.00787613 2.46926 -1.75829 1.14906 -0.611844 -0.213882 0.265899 -0.584631 0.0165437 -0.150498 0.0731487 
2.68808 0.221306 2.8713 -1.52483 0.791885 -0.869966 0.473891 0.600068 -0.0723141 -0.494359 -0.287763 0.123272 
3.21694 1.16034 3.33243 0.760819 1.52682 0.02864 1.17374 0.989277 0.266131 0.507726 -0.0779076 -0.0369242 
3.78564 2.21345 3.67666 1.67093 1.16996 -0.134337 -0.396638 0.0373675 0.0520343 0.285411 0.109142 0.0353055 
3.84799 2.38217 3.80096 0.914996 0.962841 -0.252106 -0.594308 0.25604 -0.346374 -0.0101578 0.198961 0.039308 
4.12147 2.53138 3.23217 0.0792136 0.948096 -0.881563 -1.12119 -0.56756 -0.933392 -0.356696 0.0563938 0.0172914 
4.0826 2.96725 3.75944 1.74762 0.36997 -0.898827 -1.36774 -1.51469 -1.01684 -0.125915 -0.172924 -0.0389854 
4.17992 3.30155 3.70142 1.1859 0.802565 -1.17865 -0.971995 -1.52852 -1.30933 0.0170218 -0.189939 -0.0192831 
4.50371 2.59535 4.16474 0.273251 0.197089 -1.3149 -1.02531 -0.980634 -0.920549 -0.635866 -0.103755 0.010479 
4.40634 2.6756 3.35798 1.14832 1.29722 -0.883113 -1.19682 -1.68189 -0.873621 0.141339 -0.0651951 0.00180176 
3.92516 2.71349 3.27232 1.1923 0.77566 -1.01338 -1.09347 -1.12494 -1.14929 -0.338568 -0.0768817 -0.0226384 
4.15441 2.36366 3.56364 1.13384 1.25747 -0.870331 -0.780681 -1.04425 -0.786729 -0.297029 -0.117209 -0.0223153 
4.29948 1.70986 4.53264 0.271487 1.3077 -0.924272 -0.544497 -0.470007 -1.16694 -0.0932285 -0.055063 -0.0196387 
3.92946 1.6225 3.76121 -0.00072436 1.76876 -0.365607 -0.11936 -0.681156 -0.604716 -0.0900494 0.102683 0.145085 
3.67278 1.54902 3.47623 0.0189559 2.31169 -1.11241 -0.603018 -0.0164663 -0.932287 -0.200367 0.137594 0.0992803 
3.84673 0.994768 4.05299 -0.419534 1.76352 -0.73288 -1.21815 -0.363264 -0.344819 0.213567 0.0466504 0.0451984 
3.58304 0.740747 3.82788 -0.634159 2.53544 -0.0124357 0.0344911 -0.192219 -0.840071 -0.135593 -0.1317 0.0583132 
3.54004 0.346479 3.26925 -0.21458 2.06481 -0.142008 -0.0609192 -0.3184 0.122351 -0.0659447 -0.1559 0.100505 
3.90009 1.3416 4.07583 -0.724068 1.6249 -0.0905184 -0.0880726 -0.232673 -0.022685 -0.0698373 -0.176471 0.0578394 
4.48773 2.15631 3.11695 -0.678992 0.0547717 -0.374425 -0.216568 0.238799 1.02129 0.346148 -0.116054 -0.0914862 
4.54234 1.88678 2.84238 -0.497378 0.217693 -0.163008 0.250112 0.577042 0.760248 0.55993 -0.16873 -0.182066 
4.50995 2.06888 2.55876 -0.90188 0.33022 0.986993 -0.156303 0.895807 0.742065 0.239707 -0.157746 -0.219337 
4.30455 2.28708 2.15979 -0.613341 0.116867 -0.389915 0.480129 1.26386 0.372157 0.404194 -0.212274 -0.232452 
4.14022 1.65354 2.70129 -1.02198 0.553544 0.151856 0.601686 0.999672 0.220919 0.378124 -0.36486 -0.290934 
4.19344 1.48842 4.12657 -0.848795 2.04714 -0.211217 0.308721 1.63512 0.826627 0.291226 -0.50166 -0.179601 
4.34608 1.70985 3.49383 -0.334513 1.91757 0.313366 1.40804 0.511338 -0.227124 0.668953 -0.325307 -0.136314 
4.02924 1.35377 3.77656 -0.039303 2.24761 -0.0400949 0.922131 1.71575 0.0367934 -0.0466367 -0.160668 -0.0369025 
4.03614 1.22513 4.18621 0.251403 1.59063 0.448746 1.48556 0.639233 0.0710476 -0.068929 -0.344336 -0.0207981 
3.72729 1.11044 4.07345 0.389245 2.91147 1.12084 0.941961 0.131511 0.0566432 0.0759092 -0.279755 0.0217882 
3.54243 0.761547 3.74921 0.745206 2.41578 -0.568792 0.232062 0.0905133 -0.291382 -0.00911968 -0.104733 0.0819395 
3.54108 0.571161 3.9405 -0.759749 2.14135 -0.266552 0.785449 0.464403 -0.872543 0.0491182 0.0923836 0.181252 
3.24415 0.635237 4.4542 -0.344519 2.76068 -0.430982 -0.0385902 0.00397537 -0.611538 0.476948 0.0848012 0.145503 
3.35441 0.390025 4.01977 -0.798988 1.42017 -0.166031 0.395029 0.593487 -0.556134 0.240044 0.0546116 0.0383075 
3.29928 -0.14564 3.49219 -0.917434 1.83729 -0.509743 -0.0400106 -0.00792522 -1.15695 -0.0719282 0.0372402 0.171712 
2.81826 0.00130261 2.8784 -1.64087 3.05158 0.0926248 -0.485149 -0.167201 -0.653026 0.11948 -0.00158755 0.160396 
3.10793 -0.258604 2.99264 -0.474886 1.85485 -0.476918 0.504594 0.00256745 -1.15212 0.357508 0.0184773 0.0827141 
3.1831 -0.172367 2.55841 -1.40413 1.76407 -0.00958501 -0.739233 -0.551401 -0.734152 0.73103 0.115282 0.0324599 
2.97978 -0.290248 3.14444 -0.87721 2.17028 0.0764264 -0.529824 -1.01039 -1.03184 0.156265 0.144874 0.170526 
2.78456 -0.0993905 1.79406 -0.620851 2.25339 -0.156552 0.642958 -0.372777 -0.598952 -0.0859212 0.0453679 0.158057 
2.68526 -0.0635048 2.57689 -1.3671 1.11729 -0.799584 0.655026 -0.0286634 -1.26567 0.0203361 0.0601488 0.141176 
2.96284 -0.507529 2.22829 -0.765459 1.19127 -0.680097 -0.165615 -0.920357 -0.18318 0.515459 -0.120414 0.176953 
2.88467 0.0234648 2.85679 -1.44781 0.951806 -0.939707 0.656532 -0.0425191 -0.999878 -0.39124 -0.0530021 0.213761 
2.72978 -0.253995 3.01098 -1.84727 1.59664 0.151041 -0.0954758 0.043366 -1.19171 -0.0156605 0.133859 0.0899893 
2.82841 -0.513249 1.62872 -1.29755 1.34043 -0.309523 -0.33107 -0.0466603 -0.329663 0.0888495 0.0231228 0.136405 
2.66796 -0.237226 2.68051 -1.1542 1.06506 -0.314148 0.156504 -0.253162 -0.606716 -0.1147 0.0730639 0.192193 
2.70265 -0.239402 2.26297 -0.165058 1.6091 -1.18779 0.0477752 -0.404642 -0.719179 -0.292364 -0.0295637 0.225937 
3.11571 -0.487753 2.37816 -0.730313 1.82745 -0.930229 0.321356 0.517771 -0.584779 0.522521 -0.148474 0.0173741 
2.72008 -0.271809 2.28233 -0.972177 2.19593 -0.675302 -0.223945 -0.801832 -0.443094 0.253831 -0.0958679 0.175184 
2.96376 -0.419313 3.17265 -1.04576 1.85244 -0.989418 -0.369394 -0.611681 -0.708243 0.34377 -0.101351 0.184869 
2.97363 -0.150055 2.60426 -1.16921 0.851625 -0.599534 0.0834006 -0.183991 -0.834267 -0.243116 -0.155674 0.107749 
2.90363 -0.295966 2.38724 -0.742252 1.86378 -0.475109 0.176906 0.0868226 -0.599609 -0.0146785 -0.177819 0.0948118 
3.04585 -0.222744 2.36175 -1.68216 1.98683 -0.167971 -0.576193 0.0647439 -0.48077 -0.138376 -0.00763266 0.134065 
3.00107 -0.458668 3.01154 -1.06966 1.12011 -0.428973 -0.772106 -0.631593 -0.632339 -0.249583 0.0163511 0.163693 
3.15101 -0.481289 2.35907 -1.00382 0.712012 -0.966146 0.237277 -0.828021 -0.904281 0.215172 -0.10247 0.160503 
3.11031 -0.300348 2.43847 -0.956176 1.35983 -0.608343 -0.377959 -0.202737 -0.555367 -0.225241 -0.255797 0.0844888 
2.84932 -0.574891 2.19389 -1.00895 1.44642 -0.757644 -0.172207 -0.276581 -0.475055 -0.0767229 -0.0800091 0.187217 
