2.85914 -0.520472 3.03935 -0.266016 2.26032 -0.393649 -0.939967 -0.144309 -0.294066 0.139188 0.0889043 0.183884 
2.79279 0.210984 3.1764 -0.838051 2.26721 -0.115245 0.423699 -0.0944157 -0.602817 -0.116516 0.229607 0.279473 
2.83631 -0.344302 3.14916 -0.964451 1.32937 0.0648653 -0.0115372 -0.172141 -0.937238 -0.239575 0.120735 0.22685 
2.8458 -0.0683171 2.73254 -0.983229 1.82293 -0.489463 -0.451399 0.0363333 0.140445 0.0805444 -0.0522855 0.229955 
3.10608 -0.301601 2.77251 -1.58386 2.24847 -0.482585 -0.453998 0.971631 -0.371807 0.302979 0.0948675 0.150132 
2.67532 -0.139498 2.78925 -0.458209 1.93477 -0.246244 0.72895 0.519071 -0.684721 0.0670104 0.249954 0.202765 
2.61198 -0.141166 2.73906 -0.833105 1.96183 -0.636617 0.069959 -0.29839 -0.159571 0.105632 -0.0658305 0.29241 
3.00355 -0.293801 3.06886 -0.709818 1.87033 -0.378574 0.159597 -0.491701 -1.02809 0.368591 0.143734 0.222583 
3.05585 0.185212 3.59709 -0.211587 2.64271 0.329785 0.115962 0.0321001 0.0436799 0.477163 0.103337 0.162813 
3.18873 -0.0663869 3.08006 -0.137055 2.33156 0.233206 0.558026 0.371482 -0.112279 0.214641 0.0882076 0.181358 
3.42554 0.621147 2.93196 -0.917373 2.07521 0.338609 1.06822 0.905636 0.208391 0.386669 -0.222237 0.0486735 
3.77848 1.31905 4.55351 0.569873 2.62747 0.185884 0.265851 -0.575667 -0.367864 0.0443456 0.127593 0.222241 
3.99759 2.59348 4.49413 1.87074 1.25038 0.0441022 -0.78476 -1.21522 0.00465084 0.130544 0.0033406 0.0874238 
4.21986 3.10291 4.7102 1.74148 1.65462 -0.342886 -0.892333 -1.11993 -0.194378 0.349719 -0.0977528 0.0392263 
4.75052 2.73403 4.8104 1.65155 0.782584 -0.62929 -0.736126 -1.06109 -0.644553 0.299247 -0.00579425 0.0104136 
4.55772 2.97132 4.13632 0.895723 1.02582 -0.226148 -1.70606 -2.20677 -0.848222 0.1011 -0.14674 -0.0137926 
4.72438 2.72143 5.09177 0.988243 1.13309 -1.89473 -0.956336 -1.67574 -0.982316 0.0349079 -0.31281 0.0295887 
4.56577 3.36587 4.50272 1.65828 0.983378 -0.717198 -1.48237 -1.37847 -0.936965 0.136123 -0.113891 -0.00563631 
4.27325 3.40925 4.51227 2.07964 1.3048 -1.19945 -1.43377 -1.07734 -1.11036 0.171829 -0.233751 -0.0409524 
4.12685 2.52269 4.11234 1.31729 1.17 -1.08913 -0.657153 -0.946032 -1.036 -0.129736 -0.163247 -0.0511948 
4.38077 1.95293 4.43238 0.973128 2.26768 -0.56894 0.103621 -0.836734 -0.0760485 0.235192 -0.304916 0.0483303 
4.11355 2.02038 4.02035 0.982152 2.13653 0.955683 0.179565 0.088458 -0.260588 -0.792555 -0.0645434 0.00845046 
3.58378 1.51866 3.40034 0.805864 2.29208 0.669353 -0.348463 -0.540626 0.028853 -0.0630607 0.085566 0.0481207 
3.84168 1.2057 4.24341 0.256226 2.55605 0.240139 0.312497 0.241824 0.513151 0.0208338 -0.222338 0.118119 
3.74705 0.625846 4.10816 0.228885 3.39358 0.686715 -0.319581 0.481529 -0.154304 0.134976 0.222406 0.131448 
3.34813 0.375496 4.66788 0.710845 2.84766 0.432449 0.222833 0.717636 0.119093 0.0690908 -0.151344 0.0754818 
3.40715 0.567387 4.03629 -0.220951 2.45885 0.0945832 0.34587 0.710199 -0.546982 -0.00866027 0.169419 0.143138 
4.46458 1.40776 4.30502 0.186844 2.73467 0.646107 -0.0422323 0.0536081 0.0152553 -0.221529 -0.238203 0.0351413 
4.85655 2.02254 4.09774 -0.616387 1.39257 -0.208232 0.273406 -0.0671695 1.01543 1.04227 -0.278142 -0.0442549 
4.98209 1.97495 3.31371 -1.48123 0.842152 -0.584152 0.343672 0.415262 0.714371 0.931029 -0.168753 -0.0826047 
4.72386 2.24128 2.71815 -1.29371 0.118512 -0.598996 0.630781 0.240842 0.465571 0.47232 -0.178374 -0.101662 
4.43883 1.76038 3.52586 -0.199862 0.982505 -0.592466 0.035401 1.05092 0.349408 0.0955513 -0.183157 -0.13302 
4.40936 1.33737 4.18375 -0.772669 0.653451 -0.273395 0.505928 1.40234 0.838569 0.270799 -0.215997 -0.087638 
4.25229 0.794046 3.08163 -0.661722 1.23164 0.344025 0.0998928 0.928334 1.37943 1.06927 -0.19922 -0.163111 
3.69221 0.878372 3.27634 -0.557792 2.66707 0.710826 0.565342 0.792705 -0.0513066 0.48916 0.0402473 0.0249168 
3.79613 0.99223 3.85031 -0.549131 1.55001 -0.187265 1.23554 1.41612 0.376146 0.238035 -0.0332033 0.103923 
3.72901 0.598839 2.80407 -0.651098 2.56128 0.408252 0.432789 0.413984 0.528498 0.329274 -0.0123953 0.165736 
3.67547 0.665314 3.83113 -0.324321 1.90655 -0.271437 0.368934 0.628007 -0.0624567 0.335991 0.0100069 0.120481 
3.48405 0.660379 3.60399 0.312071 3.10232 0.0522861 0.354643 -0.105482 -0.109636 0.236279 -0.0173646 0.177829 
3.50165 0.832512 3.21368 -0.368198 2.49402 0.190983 1.07505 -0.192917 -0.238232 0.176006 0.00356807 0.233955 
3.2403 0.397377 3.15574 -0.840187 2.43268 0.0452265 0.342515 -0.136662 -0.717771 0.268 0.103352 0.191863 
3.00942 0.21556 3.16529 -1.56439 1.54621 0.0323399 0.190942 0.301256 -0.600381 -0.175293 0.0075764 0.183509 
2.96323 0.136781 2.13346 0.635674 1.69903 -1.18318 0.491672 0.0867279 -0.502873 0.384421 0.126653 0.161938 
3.31108 0.249589 3.26705 -0.940965 1.96902 0.020074 -0.929578 0.21091 -0.407815 0.108427 0.261213 0.118951 
3.34221 -0.430352 3.87502 0.0694269 1.66518 -0.327612 -0.484663 -0.365919 -0.723906 0.474292 0.133939 0.093616 
3.10401 0.0589973 2.94185 -0.833915 3.61423 0.81759 0.136739 0.274082 -0.315663 0.123321 0.00205307 0.17279 
2.95422 -0.258017 2.98292 -0.770069 1.434 1.06161 1.01983 1.17253 0.446121 0.0529478 -0.139333 0.0776568 
2.77882 0.15477 2.54599 -1.1213 2.0377 -0.164577 -0.224438 -0.607824 -0.714647 0.135899 0.266708 0.264769 
2.72727 0.0783418 3.19017 -0.398748 1.48198 -0.0879953 0.129549 -0.881156 -0.580229 0.396082 0.027645 0.16898 
2.7595 -0.0581605 3.71489 -0.485171 1.96403 0.052531 0.212805 0.708155 -0.33251 0.327164 0.0305275 0.0788911 
2.88816 0.0722052 2.37629 -0.557942 2.24681 0.00458182 -0.292413 -0.686312 -0.264603 0.280744 0.102933 0.199636 
3.06628 -0.121797 2.57363 -0.777308 1.85887 -0.0964455 -0.00980533 -0.124691 -0.0803583 0.539611 -0.106053 0.116722 
3.0919 0.0925952 2.54581 0.533976 1.62317 -0.928259 0.964404 -0.931682 -0.589164 0.191539 0.0437967 0.244107 
2.76641 0.0518759 3.15335 -0.258074 2.55587 0.186705 0.754363 0.0443756 -0.0662949 0.378242 0.148874 0.220474 
2.96725 -0.183663 2.57285 -0.599062 1.92735 -0.57691 0.371372 0.0637831 -0.329061 -0.0836937 0.0606102 0.29819 
3.1223 -0.364137 3.08036 -0.956073 1.30715 0.672127 0.0277976 -0.0717681 0.0702644 0.396212 0.159411 0.170985 
2.81722 0.144363 2.46546 -0.879507 1.44559 -0.848036 0.160202 -0.154593 -0.285619 0.00101783 -0.00137819 0.267566 
3.12012 0.120713 2.76706 -0.796817 2.53525 -0.458662 -0.0135294 0.0140205 -0.969121 0.365777 0.0277363 0.142524 
2.98831 0.528242 2.75646 -0.474087 2.35847 0.0429471 0.509128 -0.681551 0.00710841 0.569887 0.148932 0.229528 
3.00958 0.508253 2.91423 -0.276709 2.6759 0.332441 -0.415591 0.0611998 -0.176001 0.266716 0.0650537 0.0660057 
