2.97142 -0.0508203 2.83724 -0.516553 1.63505 -0.483974 0.307401 -0.113355 -0.694676 0.363491 0.0780993 0.16479 
2.69087 -0.0573101 3.04645 -0.24928 1.75922 -0.292356 0.441504 -0.842184 -0.649397 0.12589 0.146024 0.259423 
2.83902 0.085296 3.01992 -0.869991 1.63268 -0.289263 -0.153463 -0.15815 -0.706323 0.132013 0.101305 0.171848 
3.11602 -0.1218 2.55669 -0.690392 2.4979 0.0974363 -0.185932 -0.317054 -0.327227 0.258618 -0.0987023 0.146913 
2.94303 -0.460455 2.6892 -0.783334 1.93845 0.0614297 -0.156728 0.0737951 -0.339459 0.0397096 0.00707457 0.191709 
3.08025 -0.35096 2.33102 -0.235402 2.99713 -0.793862 -0.348347 0.488973 -0.159023 0.417808 0.0587305 0.184799 
2.98008 -0.393133 2.32252 -0.777521 1.66297 -0.250623 0.407744 -0.0907093 -1.10869 0.335783 0.0446735 0.150323 
2.90363 -0.223057 2.97964 -1.29293 1.86956 0.105481 -0.13015 -0.104523 -0.31112 0.250187 -0.0869719 0.181073 
2.73159 -0.496625 3.06477 -0.904347 1.69191 -0.400979 -0.0653755 -0.249027 -0.910168 0.227832 0.141518 0.236125 
3.08644 0.164535 2.52355 -0.188242 2.00145 -1.17228 0.819655 0.419282 -0.250295 -0.00974816 -0.116452 0.244206 
2.85736 -0.327673 2.70853 -0.632133 1.06939 0.163782 1.51979 -0.117488 -0.328086 0.406048 0.00681726 0.193296 
3.10092 0.162271 3.35783 -0.0439654 1.77472 -0.473454 -0.525888 0.0186617 -0.247776 0.275652 0.0119638 0.0910456 
3.66804 1.40334 4.17827 0.3735 3.30739 0.166664 0.100834 0.175194 -0.00366427 -0.0359651 -0.150891 0.0683881 
3.72421 1.87611 3.97585 2.60546 3.09987 1.44101 0.604273 -0.115594 -0.112242 -0.188213 -0.0800757 -0.0666958 
3.57143 2.48543 4.61146 3.03689 2.88965 1.67587 0.776066 0.249492 -0.0904166 -0.0439631 -0.0521849 -0.0812675 
3.85403 2.79617 4.19714 3.55035 3.81089 0.768167 0.777169 -0.34812 0.210275 -0.0350933 -0.201635 -0.0874131 
4.0888 2.73992 3.89169 2.5021 2.98833 1.27883 0.503207 0.360262 -0.270958 -0.182748 -0.0394118 -0.0580438 
4.11131 2.86593 4.43425 1.53982 1.97049 0.612021 -0.450559 0.14529 -0.200132 -0.299159 -0.0215925 -0.043615 
3.80316 1.50018 4.84841 1.20071 3.21255 0.544135 1.03081 -0.127891 -0.359106 0.112602 -0.235434 0.039579 
3.76345 1.56592 4.90689 0.86876 2.51517 0.592289 -0.0708133 -0.811758 -0.458805 -0.229256 -0.114885 0.0402331 
3.98066 1.11302 4.80164 0.683519 3.37834 1.24714 0.67692 0.806178 0.519849 0.145555 -0.229984 0.0563753 
3.96308 1.02885 3.33168 1.31364 2.74685 1.77137 2.72691 0.595465 -0.596623 -0.305536 0.108192 0.182462 
4.76118 1.60828 0.667953 -1.66386 1.97547 4.02413 3.6214 1.2284 -0.842655 -0.261138 -0.180161 0.050729 
4.76585 1.15761 -0.653193 -1.6894 2.25519 3.18613 3.50524 1.70302 -0.620623 -0.198284 -0.11016 0.0312939 
4.71326 0.633872 -0.662686 -2.80019 2.24071 3.64047 3.75333 1.19726 -0.434603 -0.412075 -0.190554 0.0785956 
4.46842 -0.112398 -0.17623 -2.56755 2.51655 2.72598 4.2297 1.53906 -1.01893 -0.0575302 -0.213428 0.0816675 
4.09419 0.524943 -0.167471 -2.35889 2.20944 3.82589 4.28708 1.39852 -0.693292 -0.0710453 -0.128771 0.11584 
3.92248 0.811737 0.665402 -0.957527 2.54016 3.34038 3.03478 1.1295 -0.376333 0.0306529 0.112424 0.159179 
3.89099 0.628212 2.22592 -1.56192 2.26218 1.23374 2.94749 1.46039 -0.0673031 -0.0160316 -0.299073 0.139351 
3.74404 0.276202 2.30577 -1.14394 2.53241 2.11946 2.29544 0.961513 0.127088 -0.118721 -0.141725 0.186151 
3.80287 0.311662 2.94082 -0.978795 2.45801 0.235638 1.83892 1.07585 -0.236329 -0.00865699 -0.210254 0.241056 
3.58009 0.312852 2.83861 -1.22166 1.93721 0.568655 0.922886 0.419119 -0.0942987 -0.0671727 -0.230915 0.143359 
3.78111 0.701649 3.04532 -0.29446 2.64834 0.629269 1.59377 0.991603 0.162346 -0.10121 -0.134052 0.181288 
3.47496 0.371084 2.98897 -0.455705 1.91741 -0.278235 1.03193 0.999325 -0.479647 -0.0643397 0.0110938 0.142282 
3.30179 0.345544 3.17142 0.215197 3.20279 0.847618 1.6721 1.50669 0.297763 0.454 -0.120545 0.0952364 
3.03182 0.833127 3.51864 0.148045 2.33538 -0.110908 1.34909 0.0553646 -0.116498 0.579428 0.221464 0.212372 
3.11152 -0.11305 2.54113 -0.416594 2.38559 0.264648 0.81355 -0.315466 0.00924665 0.505487 0.126104 0.249872 
3.16852 0.18829 3.01962 -0.601512 2.2072 -0.732597 -0.71645 0.0337967 -0.60113 0.473544 0.174712 0.129602 
2.71786 0.31244 2.72765 -0.0303412 1.79692 -0.782856 0.0943389 -1.06242 -0.255418 0.504234 -0.135796 0.178313 
2.64964 -0.350374 2.82744 -0.891218 1.41771 -0.325444 -0.333371 0.0329832 -0.935967 -0.145973 0.258146 0.233616 
2.6727 -0.463394 2.51177 -1.55728 1.81038 0.119344 -0.0207995 0.678659 -0.26329 0.4809 0.115336 0.125214 
2.81156 -0.0734604 2.06652 -0.6999 1.9856 -0.550597 -0.482516 -0.210486 0.169346 -0.157664 -0.0420426 0.267659 
2.86773 -0.273611 3.264 -0.615367 1.09326 -0.10162 0.641943 -0.409945 -0.668461 0.420442 0.228709 0.211682 
2.89787 0.0232723 3.12415 -1.05792 1.67362 -0.066613 0.333248 -0.276605 -0.687377 0.0431299 -0.0215347 0.214965 
2.99621 -0.0840328 2.55305 -0.704815 1.28623 0.054673 1.02311 0.682658 -0.343267 0.314265 -0.0666373 0.0731667 
2.82422 -0.137867 2.67526 -0.412055 1.90501 -0.251879 0.30231 -0.414569 -0.211664 0.515742 0.0752643 0.19876 
2.63178 -0.394233 2.95548 -0.52164 2.07284 -0.169048 -0.0697881 -0.197771 -0.395149 0.295232 0.13082 0.209463 
2.90418 -0.025409 2.63008 -0.860562 1.95902 -0.384785 -0.282936 -0.110889 -0.471492 0.0785323 -0.0472694 0.181834 
3.04023 -0.446282 3.10453 -0.73734 1.39572 -0.383291 0.0824609 -0.425652 -0.576993 0.156443 -0.0150882 0.252011 
3.16622 -0.216823 2.24149 -1.45039 2.2 -0.140904 -0.765843 -0.14347 -0.174586 0.0982618 -0.0234003 0.210648 
2.69805 -0.157074 2.63734 -0.57166 2.50893 -0.489496 -0.414438 -0.200924 -0.230756 0.321256 0.139898 0.220884 
2.82534 -0.167329 3.08636 -0.864652 1.85892 -0.0570981 0.070488 0.740508 -0.36145 -0.0278754 -0.0633777 0.11946 
2.9669 0.113078 2.88201 -0.577977 1.85364 -0.713836 0.0729422 -0.0183006 -0.742411 0.229308 0.186092 0.207123 
2.94335 0.0938868 2.80498 -0.770459 1.74056 0.497575 0.378453 -0.572115 -0.748678 0.0149652 0.168381 0.212476 
2.79391 0.228234 2.08391 -1.36931 2.19643 -0.617679 -0.526712 0.343194 -0.506144 0.0450813 0.130346 0.197419 
2.7613 0.06956 2.96586 -0.426415 1.63012 -0.918384 0.273406 -0.209181 -0.663281 0.137531 0.0235852 0.221887 
2.93308 -0.333789 2.71962 -0.555107 1.27698 -0.548673 0.651059 -0.138804 -0.344073 0.443079 -0.103555 0.182965 
2.90531 -0.193509 3.3238 -0.742999 1.42273 -0.188738 0.099658 -0.0418166 -0.510984 0.293524 0.075035 0.16226 
2.85763 0.145319 2.42399 -0.441198 1.94532 -0.50933 0.362696 -0.185054 -0.940764 0.463055 0.218567 0.167322 
3.16421 -0.150756 2.66956 -0.110355 2.27712 -0.298793 0.256633 -0.453461 -0.553644 -0.224806 -0.0286858 0.273265 
