2.91985 -0.368512 2.61149 -1.11542 1.47552 -0.189134 0.285833 -0.258277 -0.548192 -0.279467 -0.10429 0.237873 
2.83156 -0.175474 2.32749 -0.669646 1.35312 -0.560243 -0.10497 -0.162382 -0.532271 -0.377191 -0.0401563 0.213032 
2.77909 -0.369606 2.90038 -1.13872 2.02351 -0.584402 -0.877645 -0.339235 -0.832381 0.00945898 0.0731011 0.178549 
2.3509 -0.413685 2.77743 -1.13933 1.69071 -0.134927 -0.49578 -0.362411 -0.41644 0.540152 0.388324 0.139324 
2.86807 -0.131646 2.7428 -0.884798 1.55161 -0.314103 -0.092455 0.564605 -0.195944 0.00562356 0.00136312 0.0882939 
2.81011 -0.154747 2.56979 -0.0931571 1.83516 -0.795403 -0.0492055 -1.33726 -0.521847 0.167946 0.0588389 0.255977 
2.59271 -0.0866021 2.62271 -0.884943 1.91089 -0.749458 -0.0981435 -0.523092 -0.810075 0.116937 0.0441586 0.196356 
2.88445 -0.322257 2.24804 -1.16258 1.54483 -0.116438 -0.110746 -1.58708 -0.502522 0.369791 -0.0469587 0.276773 
2.66899 0.0856437 2.57515 -0.987213 1.425 -0.560991 -0.223889 -0.844625 -0.64927 -0.0034404 0.0334974 0.193155 
2.55895 -0.351897 2.18587 -0.89525 0.843651 -0.420555 0.843875 -0.551426 -0.543225 0.283786 -0.218671 0.192022 
2.8807 -0.138994 2.34616 -1.18913 1.58811 -0.584123 -0.18865 0.114338 -0.951515 -0.376224 0.0859976 0.210509 
2.98679 -0.392141 2.15221 -0.862597 1.99892 -0.822201 -0.425917 -0.962665 -0.238504 0.35671 -0.079318 0.241599 
2.92874 -0.531671 3.05692 -0.68152 0.916545 -0.473701 0.194394 -0.31715 -1.57427 0.0847614 0.0821689 0.0712415 
2.84089 -0.443414 2.57336 -2.06691 2.21693 -0.159656 -0.939217 0.332683 -0.276279 0.139711 -0.120498 0.0867675 
3.32124 0.0615771 3.32954 0.0155948 2.55411 0.364242 1.18168 0.801156 -0.80106 -0.0340905 -0.0816212 0.00957389 
3.60046 1.35391 4.0754 1.91069 2.86979 0.142349 0.571014 -0.244936 -0.234807 -0.00170722 -0.221684 -0.0469898 
3.63104 2.15351 4.35581 2.56353 3.42977 1.34362 0.83551 0.2174 -0.257037 0.0835237 -0.0414146 -0.071402 
3.61808 2.4194 4.77947 2.70996 3.53692 1.18325 1.04484 0.570452 0.0936309 0.289202 -0.0727738 -0.0446854 
4.13178 2.20108 3.86359 2.44139 3.74698 1.56926 0.591229 0.585277 -0.35486 -0.519387 0.0169107 -0.0281561 
4.09137 2.59281 3.71116 2.13711 2.64355 0.355451 0.208754 -0.792563 -0.478992 -0.123759 -0.0287618 0.0124378 
3.91148 2.21888 4.40709 2.00752 2.1226 0.485543 -0.335673 -0.223908 -0.47967 -0.424776 0.0701584 0.0223192 
4.04946 2.1303 4.21826 0.932829 2.74818 0.586466 -0.551726 -0.315359 -0.667476 -0.0843131 0.0852637 0.00915624 
3.8853 1.80998 4.23521 1.77267 3.05838 0.246929 1.44637 -0.379195 -0.60136 0.0982734 -0.0521913 0.0849794 
4.54484 1.28413 2.73213 -0.382288 3.8417 0.978964 1.25539 1.4651 -0.152085 -0.0264586 -0.279538 -0.00273698 
4.61389 1.16436 1.39881 -0.785915 2.33822 1.77677 2.0257 1.80135 0.0384785 -0.332588 -0.264391 -0.0736884 
4.42522 0.849557 0.0387801 -1.41866 1.72155 3.14066 3.10714 1.19294 -0.653509 -0.277194 -0.104094 0.0244021 
4.4788 1.04132 0.199777 -1.3964 2.64045 3.11447 3.02293 0.450538 -0.683754 -0.193146 -0.139904 0.0608321 
4.64991 0.497411 0.795186 -1.50846 4.13942 3.33093 2.94678 0.593794 -1.3695 0.0432408 -0.044835 0.129446 
3.83722 0.0860208 0.84085 -1.25198 3.00511 2.99177 1.83214 0.643734 -0.708495 -0.168265 0.0153843 0.0424455 
3.89952 0.354874 1.50431 -0.398878 2.5014 2.46649 2.27396 0.351144 -0.901822 -0.299505 -0.207295 -0.0109245 
3.94197 0.270737 2.32279 -1.33837 2.44744 1.17889 1.66306 1.41187 -0.342193 -0.620949 -0.244622 0.0975591 
3.64159 0.397177 2.77832 -0.881543 1.90714 0.837878 1.69457 0.550187 -0.339038 -0.440851 -0.138489 0.156392 
3.56637 0.86602 3.76594 0.472443 2.55152 -0.0687049 1.34977 0.0386171 -0.19863 -0.152648 -0.0651975 0.215164 
3.58907 0.680033 3.31902 -0.747638 2.41573 1.17088 1.55692 0.672495 -0.492867 -0.167024 0.0469882 0.157418 
3.76216 0.394615 2.56587 0.649442 2.71626 0.426328 1.63251 1.29766 -0.0818275 0.00329644 -0.00339731 0.118099 
3.42073 0.401073 3.31364 0.144976 1.99931 -0.437006 0.395674 0.0242197 -0.539538 0.195937 0.120379 0.134038 
3.41406 0.43674 3.09689 -0.577179 2.36696 0.0529182 0.612239 -0.0646812 -0.684439 0.326898 0.100652 0.151735 
3.21439 -0.110912 2.73364 -0.584017 2.04949 -0.201716 0.741935 0.243099 -0.263854 0.319361 -0.260489 0.0850814 
3.16768 -0.148802 2.69734 -1.014 2.14914 0.547661 0.247349 0.0783226 0.209221 -0.157109 -0.142247 0.158067 
3.12729 -0.258035 3.1728 -0.201826 2.22193 -0.840836 -0.964658 -0.174676 -0.623879 0.249818 0.0306741 0.0941212 
3.32162 -0.240398 3.13604 -0.856442 2.0403 -0.628139 -0.899612 -0.926377 -0.211541 0.176656 -0.326266 0.155099 
2.97029 -0.0608245 2.78401 -0.868068 0.873679 -0.421378 0.144884 -0.231257 -0.425736 -0.0744712 -0.0155161 0.156414 
2.79764 -0.40629 2.7693 -1.80654 1.94765 -0.174567 -0.0250755 0.263005 -0.473618 0.0867305 -0.0715851 0.178334 
2.6509 -0.625906 2.25804 -0.478621 2.97776 -1.12129 -1.20994 -0.563069 -0.371931 0.292141 0.068849 0.238203 
2.93763 -0.397152 2.81898 -0.920618 1.31856 -0.878715 -0.218671 -0.0476862 -1.14287 0.0286079 -0.03286 0.101027 
2.67168 -0.196941 2.32966 -0.843037 1.18395 -0.994941 0.470526 -0.478527 -0.797459 0.243019 -0.119223 0.19449 
2.65643 0.0400781 2.33654 -1.80237 1.70579 -0.175587 -0.0908621 -0.0645114 -0.631194 -0.343533 0.106682 0.233191 
3.01525 -0.44389 3.10682 -0.792947 1.81022 -0.285037 -0.367991 -0.799123 -0.5478 0.411823 -0.0330687 0.166067 
2.60307 -0.228206 2.6785 -1.45651 1.89478 -0.533313 -0.475345 0.0274651 -0.607658 -0.0504548 0.0500161 0.159534 
2.68675 -0.108569 2.48469 -1.2867 2.25424 -0.831073 -0.892118 -0.0653702 -0.165066 -0.0947782 -0.130241 0.232853 
3.26192 -0.0901673 2.82008 -0.462041 1.44533 -0.307748 0.585559 -0.184077 -0.566379 -0.272452 -0.0536787 0.193402 
2.87698 0.00497245 2.57277 -0.80136 1.38458 -0.439929 -0.140814 0.0391359 -1.02932 0.147025 0.161503 0.0798608 
2.70928 -0.0131006 2.58381 -0.58949 1.03654 -0.34683 0.225835 -0.478798 -0.536743 -0.258625 0.0302893 0.167234 
2.91142 -0.147209 2.7937 -1.74104 1.23369 -0.851177 0.0908774 0.195615 -0.739998 -0.204325 -0.125794 0.20362 
2.88593 0.0309846 2.82021 -1.5283 1.9523 -0.97603 -0.389347 0.119777 -0.621957 -0.33203 -0.120676 0.204086 
2.75186 -0.0855764 2.32838 -0.977062 1.71594 -0.757665 -0.015942 -0.309737 -0.629629 -0.325303 -0.016057 0.227158 
3.04307 0.0507486 3.07156 -1.16815 1.73621 -0.225426 -0.0471727 -0.437188 -0.726178 -0.353441 0.0166892 0.23122 
2.85566 -0.344378 2.34506 -1.1081 1.92497 -0.850094 0.185836 0.0504403 -0.39853 -0.0453308 -0.184747 0.233407 
2.81108 -0.315435 2.8911 -1.12644 1.56869 -0.340614 0.372159 0.695208 -0.949364 -0.0919319 0.0558043 0.0509357 
2.73797 0.222996 2.29002 -0.999923 1.65734 -0.648766 -0.780532 -0.717449 -0.204408 -0.108022 0.0385765 0.203288 
