2.67842 -0.0452814 2.27837 -0.934866 0.947408 -1.05442 -0.0539373 -0.58481 -0.850781 -0.139645 0.075703 0.195579 
3.07804 -0.417792 2.37936 -0.924296 1.55054 -1.07319 -0.449142 -0.113394 -1.1053 0.0618763 0.0511551 0.123082 
2.72621 -0.410177 2.2447 -0.55239 2.16787 -0.620151 -1.57215 -1.24112 -0.490002 0.0963875 0.102665 0.127755 
2.974 -0.0669423 1.97246 -1.13372 1.05287 -0.915113 0.238365 -0.808535 -0.656219 0.215307 -0.208706 0.0998477 
2.59513 -0.377637 2.0856 -0.741241 1.46567 -0.529087 0.566603 -0.918989 -0.592277 0.154535 -0.107776 0.224653 
2.51702 -0.0664009 2.66196 -1.44083 1.64771 -1.10773 -0.442415 -0.570346 -0.594038 -0.281238 -0.164284 0.245165 
2.7704 -0.576909 2.75305 -1.42969 1.50782 -0.934102 -0.542737 -0.515139 -1.35053 0.166235 0.238091 0.188227 
2.84473 -0.00192019 1.98292 -1.08107 1.47568 -1.41144 -0.0605514 -0.7605 -0.679459 -0.0547387 -0.200725 0.167489 
2.64211 -0.439909 3.10543 -0.60301 1.65815 -0.390589 0.164086 -0.212383 -0.933645 0.105266 0.0244216 0.101327 
2.88616 0.073077 2.70993 -0.899453 1.11179 -1.2887 0.445699 -0.0806548 -0.372066 -0.00985181 -0.437932 0.0424749 
3.74775 1.2903 4.64793 0.932754 2.98419 0.587761 -0.0577311 -0.0600597 -1.23821 -0.270553 -0.0357915 -0.110507 
3.8152 2.4496 4.05695 2.73769 3.12072 1.27786 1.2454 -0.246883 -0.618616 0.0489769 -0.0736802 -0.0772557 
3.71025 3.08406 4.50482 2.78515 2.18817 1.0844 0.285921 0.0476538 -0.631167 -0.532222 -0.117431 -0.116778 
3.95549 3.21689 4.48868 2.82283 2.43371 0.144692 0.0206846 -0.387821 -0.894233 -0.128696 -0.243274 -0.110158 
4.40171 3.0687 4.99276 1.8446 2.87332 0.272092 -0.422213 -1.34797 -0.3306 -0.00590964 -0.299982 -0.042508 
4.87424 2.73109 4.84199 0.23432 1.87649 -0.214865 -0.170643 -0.537335 -0.466591 0.521009 0.00739051 0.0818552 
4.17345 1.74398 4.419 0.833956 2.68016 -0.616491 0.0293165 -0.239142 -0.761012 0.552484 -0.0179562 0.058193 
4.09301 1.70202 4.30837 1.34235 2.5723 -0.904645 0.440343 -0.740678 -0.204939 0.432937 -0.23559 0.100239 
3.93525 1.62161 4.3666 1.5407 2.47026 0.401315 0.275715 0.775983 0.0222602 -0.124738 -0.0882653 -0.0378587 
4.39815 1.47784 2.43705 0.0450837 2.63342 1.69673 2.7256 1.09219 0.118333 -0.0152736 -0.323078 -0.0143381 
5.28662 1.26496 1.3497 -2.4773 2.40076 3.62017 3.60927 1.50063 -0.586665 -0.0198932 -0.198934 0.00518267 
4.61531 0.716872 0.25348 -2.46029 1.74367 3.01363 3.88445 1.36001 -0.144149 0.0731448 -0.273194 -0.0150446 
4.20501 0.411518 0.418163 -2.10002 1.42762 3.10567 3.57331 1.43721 -0.406998 -0.159889 -0.173453 0.00347718 
4.25568 0.583078 0.668492 -2.5903 2.93435 3.56276 2.85601 1.41465 -0.326601 -0.075242 0.0739121 0.153749 
4.00196 1.08683 2.07638 -1.16551 2.85615 2.26369 3.11041 1.30311 -0.587164 0.158737 -0.069875 0.135689 
3.71458 0.876173 2.26371 -1.19757 2.23038 1.27832 1.951 0.901015 -0.156204 -0.827574 -0.218052 0.142347 
4.05754 0.327505 2.37855 -0.63366 2.28461 1.57288 1.75626 1.05676 -0.397916 -0.155081 -0.10065 0.0425628 
3.69601 0.510874 2.50886 -1.29907 3.02256 0.803096 0.81963 0.6598 -0.619931 -0.493731 -0.100342 0.153272 
3.21913 -0.0885128 2.46946 -0.698705 2.81243 1.08012 0.996072 0.523139 -0.239274 0.160563 -0.226767 0.0410474 
3.4274 0.217127 2.49484 -0.973168 1.75897 0.330897 1.14419 -0.111443 -1.10706 -0.106027 0.00310875 0.156579 
3.05723 0.567432 3.77471 -0.851922 2.53065 0.364254 -0.0436907 -0.573047 -0.328239 0.483071 0.0477073 0.12982 
3.44807 0.32561 3.11276 0.024537 1.81458 -0.644956 1.04096 -0.306049 -0.520677 0.301401 -0.0479849 0.178802 
2.99075 0.249964 2.5124 -1.1103 2.20595 0.122012 0.676634 1.04468 0.213062 -0.389395 -0.404286 0.00946704 
3.11115 -0.437252 2.26383 -1.77326 1.49687 -0.155709 0.768291 0.521552 -0.221693 -0.158453 -0.513347 0.0567236 
2.88739 0.0607075 2.55058 -1.28252 0.844391 0.210939 -0.330664 0.162835 -0.483992 -0.301315 -0.0594814 0.0425711 
3.08415 -0.172262 2.89424 -1.48559 1.525 -0.338937 -0.454266 0.104421 -1.17105 -0.223924 0.0567801 0.036605 
3.16142 -0.351635 2.90843 -1.16275 1.39437 -0.346747 0.386211 -0.186699 -0.831815 -0.177891 -0.208832 0.135184 
2.83911 -0.0262249 2.39469 -0.89172 1.61437 -0.644297 0.0989609 -0.777402 -0.843846 0.218274 -0.00687328 0.152931 
2.72545 -0.131633 2.81176 -1.61837 1.80898 -0.0292003 -0.835177 -0.311739 -1.00133 0.322454 0.0797089 -0.00196328 
3.09809 -0.388186 2.22151 -0.510558 1.941 -0.660416 -0.439454 -0.0343952 -0.879444 0.17703 -0.0891597 0.00349933 
2.74827 0.14809 2.20125 -1.33273 1.84351 -1.28492 -0.39994 -0.356005 -0.605085 -0.308884 -0.0845773 0.23346 
2.65648 -0.495824 2.95379 -0.750937 0.911301 -0.716222 -0.133434 -0.630372 -1.46349 -0.0379786 0.137345 0.121708 
2.50263 -0.453176 2.54175 -1.97142 1.73184 -0.372632 -0.332669 -0.475821 -0.484799 0.0403984 -0.0447423 0.232345 
2.83026 -0.237533 2.4724 -1.58982 1.36682 -0.392122 0.141172 0.119711 -0.629999 -0.313417 -0.0566056 0.149874 
2.70631 -0.195532 2.70406 -1.83323 1.78067 -0.58592 -0.319703 -0.303929 -1.14808 -0.346873 0.00358031 0.243573 
2.96313 -0.123919 2.59001 -1.49553 1.61752 -0.97133 -1.00682 -0.0317105 -0.383911 0.0490895 -0.136099 0.113635 
2.794 -0.330103 2.92258 -1.248 0.823902 -0.582289 0.10454 -0.963861 -1.33425 -0.102511 0.207355 0.175231 
2.81734 -0.0992104 2.2606 -1.53485 1.2226 -0.704848 0.372973 -0.973295 -0.977665 0.122023 -0.053311 0.197959 
2.55437 -0.178344 2.27881 -0.802099 1.13772 -0.780387 0.0584771 -0.846094 -0.582757 0.116769 -0.0676206 0.191953 
2.65085 0.149866 1.93189 -0.477174 0.991556 -1.40156 -0.00622107 -1.18112 -0.681347 -0.0960449 0.0129986 0.173529 
2.98075 0.136535 2.71271 -0.857094 1.57103 -1.06188 -0.255177 -0.942312 -1.01935 0.527396 0.103429 0.126287 
2.99291 0.374026 2.35062 -1.03137 1.98492 -0.708055 0.194977 -0.518385 -1.11644 -0.116387 -0.0844421 0.133763 
2.68535 -0.674187 2.44399 -0.49566 1.83029 -0.386387 0.140835 0.37123 -0.701044 -0.160967 -0.158295 0.0341469 
2.88214 -0.347923 2.19576 -0.980559 0.896783 -1.12129 -0.293115 -0.338569 -0.477882 0.0930376 -0.12836 0.0966842 
2.76026 -0.366571 2.55641 -0.852402 1.62779 -0.40684 -0.371827 -0.681938 -0.56876 0.163449 -0.0488723 0.0808661 
3.25501 0.057972 3.51441 -1.05016 1.88073 -0.168711 -0.85347 -0.471475 -0.726292 -0.201751 0.0260293 0.106571 
2.96439 -0.440945 2.40138 -1.31906 2.28149 -0.414151 -0.620094 -0.344971 -0.818764 0.239164 -0.236741 0.02231 
2.4908 -0.556228 2.3672 -1.43628 1.79098 -0.335962 -0.621777 -0.00463199 -0.196432 -0.0610707 -0.140208 0.130132 
2.90916 -0.408369 3.26746 -1.29115 1.76507 -0.42675 -0.61057 0.163049 -0.844483 -0.310077 0.0282165 0.119546 
2.92664 -0.126409 2.02294 -0.680454 1.42251 -0.854094 0.110859 -0.893957 -0.97993 -0.138295 -0.0988046 0.148543 
