2.90297 -0.252308 2.95166 -0.22498 1.60138 0.0605757 0.267476 -0.123533 -0.149199 0.484788 0.134763 0.154919 
2.79246 0.446896 2.36057 -0.317537 2.19995 0.286569 0.652295 -0.76661 -0.10117 -0.0204217 0.0313761 0.232476 
3.02441 -0.101161 3.27443 -0.295243 1.17986 -0.357186 0.390865 -0.154686 -0.540036 0.314597 0.188333 0.189298 
2.87722 -0.217532 2.99957 -0.355896 1.97424 -0.380132 -0.288137 -0.324141 -0.443915 0.315289 0.0962133 0.188656 
2.90468 -0.25996 3.57396 -0.901292 1.60737 -0.0606021 -0.843936 -0.126694 -0.279016 0.190012 0.126703 0.171276 
2.82445 0.689604 3.08263 -0.664929 1.81763 -0.936916 0.285351 0.042171 -0.659087 0.0124636 0.137322 0.217888 
2.84119 0.286083 2.35204 -1.11666 1.52492 -0.66148 0.508145 0.12952 -0.416436 0.23016 -0.0775544 0.19394 
2.90509 0.00783932 2.33116 -0.690181 2.21697 -0.124552 -0.094029 0.259914 0.300524 0.0758675 -0.213875 0.150857 
2.86374 -0.0101079 2.31162 -0.0236423 1.86185 -0.509493 -0.022688 -0.854817 -0.146345 0.586114 0.0831061 0.191533 
2.7996 0.280743 2.81944 -0.288432 1.77391 -0.454755 0.354509 -0.0638856 0.326232 0.071352 -0.00325431 0.236787 
3.04259 -0.111335 3.05702 -0.39066 1.52519 -0.21454 0.113252 0.0522225 -0.135231 0.233816 0.1924 0.214736 
2.72209 -0.345112 2.8072 -1.2244 2.69041 0.203228 0.0315672 0.477023 -0.478655 0.36809 0.227077 0.187714 
2.79183 0.173186 2.50333 -0.66444 1.92433 -0.715202 0.0200812 -0.110908 -0.205722 0.0395592 -0.130772 0.216845 
3.0981 0.223925 2.75822 -0.315231 1.82332 -0.649019 -0.363261 -0.371637 -0.196723 0.146408 0.035314 0.204652 
2.94413 -0.104136 2.92009 -0.846951 1.7874 -0.467556 0.048419 -0.208281 -0.317494 0.246753 0.0844087 0.259967 
2.81311 0.146968 2.54272 -0.993207 1.86383 0.089776 0.727734 0.220278 -0.0131942 0.0228385 0.0724701 0.240344 
3.09674 0.294434 3.02849 -0.253777 1.66381 0.119945 1.09673 0.30806 -0.514543 0.390198 0.192782 0.141668 
3.49567 1.23961 4.85239 1.75798 3.04552 1.38101 1.03892 0.97731 -0.0735299 0.192875 0.0228764 -0.0284505 
3.96069 1.71767 5.23142 1.22287 3.89685 1.53452 1.51804 0.729705 -0.354656 0.0850871 -0.124113 0.0249485 
3.91684 1.97815 4.96804 1.85881 4.16854 1.22761 2.22568 0.745611 -0.405099 -0.0473008 -0.090376 0.0869548 
4.07534 2.03012 4.90544 2.07509 3.68851 1.05669 0.46735 0.852989 -0.996422 -0.248108 0.0737853 -0.0937801 
3.5829 2.17742 4.17095 2.89647 3.24316 0.310069 0.0273157 -0.155234 -0.409999 -0.100164 -0.0780912 -0.0703144 
3.98069 2.12107 3.60365 1.83095 2.34096 1.09415 0.962033 -0.282548 -0.648805 -0.78931 0.00848781 0.0358156 
3.86908 2.271 4.28359 1.90107 3.17771 1.35239 0.123772 -0.429277 -0.395129 0.12043 -0.0478343 -0.0639241 
3.79071 2.27672 4.10941 1.9053 3.02028 0.75978 0.995775 -0.164541 -0.0760241 -0.6829 -0.0609769 0.0472543 
4.03233 1.24031 3.87879 0.984206 3.45548 1.06709 0.831813 0.239482 0.00468342 -0.215106 -0.0442365 0.140782 
4.34708 1.57321 1.92412 0.203443 3.26741 2.66726 2.56143 0.324619 -0.792504 -0.0658936 0.0644032 0.15062 
4.58595 1.55941 0.451328 -1.83309 2.47805 3.84372 3.34113 1.27937 -0.705115 -0.057262 -0.124309 0.0369605 
4.76401 0.854746 0.0258135 -1.70259 2.09073 2.63827 3.89482 0.783334 -0.782367 -0.0106553 -0.221629 0.0119262 
4.80215 0.746315 0.409093 -1.01757 2.32118 3.31706 3.45933 1.40517 -1.31186 -0.0463202 0.0297059 0.000386777 
4.27567 0.822723 1.16963 -0.162048 2.74629 3.39062 3.22705 0.439166 -0.864109 0.00916172 -0.0335104 0.0946155 
4.20837 0.960943 1.19953 -1.09884 3.22053 3.52289 2.82904 0.670997 -1.163 -0.101433 -0.0976451 0.0664335 
4.00299 1.10911 1.93227 -0.683509 3.01231 2.63905 2.83321 0.124559 -0.24458 -0.176398 -0.320306 0.117892 
4.18129 0.759306 2.87187 -0.659402 2.34526 1.99113 1.91236 0.796939 -0.428729 -0.399318 -0.017897 0.175602 
3.95225 0.36443 3.24219 -0.511245 2.78856 1.19608 1.6268 0.566256 -0.506639 0.152417 -0.0478831 0.188402 
3.4383 0.203824 2.37035 -1.14784 1.94109 -0.0969975 0.701573 0.21557 -0.848562 -0.464396 -0.060656 0.254891 
2.98631 0.521242 3.25944 -0.363984 2.49433 0.491311 0.848695 1.57133 1.00393 0.199695 0.172803 0.18497 
3.41543 0.311091 3.14654 0.527568 2.58502 0.832174 0.958844 0.515725 0.20102 0.74012 0.0961713 0.0699084 
3.28002 0.844447 3.59192 0.213836 3.71387 -0.0154003 0.0678186 0.842335 0.280147 0.381988 0.09146 0.154458 
3.18448 0.48966 3.80499 -0.243253 1.68133 0.145803 0.830541 1.02316 -0.395411 0.0611439 0.26078 0.125891 
3.19976 0.698825 3.33789 -0.728756 3.09515 0.698783 0.907433 0.0163526 -0.29713 0.198728 0.0358575 0.229996 
3.014 0.290862 3.23015 -0.270771 1.17553 -0.0512249 0.838629 -0.498554 -0.708268 0.149172 0.213551 0.206162 
2.89203 -0.102492 2.82785 -0.175267 1.82027 -0.438355 0.136957 -0.359753 -0.189307 0.526955 0.219214 0.216926 
3.04685 -0.281032 3.1346 -0.0314979 2.36032 0.128122 -0.287959 0.0693384 -0.385072 0.25754 0.27161 0.155172 
2.84886 0.0428558 3.30137 -0.773426 1.39201 -0.347206 -0.553679 0.0509759 -0.433108 0.188111 0.12196 0.144515 
3.04341 0.187339 3.14408 -0.874335 2.40436 -0.222498 -0.25593 0.2319 -0.589671 0.0890351 0.107828 0.169038 
2.87399 -0.189702 3.14756 -0.342157 1.7728 -0.129291 -0.368255 0.0167003 -0.288547 0.142607 0.100881 0.155727 
2.88647 -0.0756174 2.97608 -0.736947 1.46464 -0.515403 0.697617 -0.210789 -0.175287 0.000783084 -0.107516 0.294604 
3.01551 0.0355837 3.04575 -1.27976 1.61629 0.189967 -0.203407 0.477878 -0.336583 -0.0490115 0.202544 0.171405 
2.95938 0.411718 3.12587 -0.86728 2.15064 -0.132919 0.0292751 -0.131198 -0.762507 0.237662 0.0922659 0.153098 
3.06919 0.287165 2.34804 -0.58628 1.56114 -0.733996 0.468772 -0.0363801 -0.417471 0.379898 -0.0911097 0.148953 
2.9968 0.384644 3.0201 -0.426702 2.40672 -0.250775 0.302762 -0.0942312 -0.158277 -0.109243 0.0745013 0.26169 
3.115 -0.362251 2.63473 -0.828664 1.59685 -0.274733 0.198071 0.643467 -0.361449 0.100167 0.0439531 0.164428 
2.56903 0.439144 2.83342 -0.415031 1.72405 0.0952519 0.925388 -0.351383 -0.296811 0.0798375 0.12294 0.210072 
3.13888 -0.376148 2.81155 -0.43166 1.33521 0.282391 -0.710401 0.0470055 0.105375 0.174887 0.0585784 0.109853 
2.8788 0.328791 3.0774 0.359545 2.28066 -0.890891 -0.229767 -0.329999 -0.31 0.0446804 0.170806 0.224035 
3.03073 0.122618 2.63151 -1.00718 1.97926 -0.445116 0.0616181 -0.608022 -0.490915 0.0130181 0.0402006 0.307137 
2.49888 -0.650316 3.03339 -0.605561 2.25745 0.648303 0.917863 0.499192 0.107661 0.467573 0.0248549 0.182827 
3.00934 -0.260282 2.53075 0.233189 1.94142 -0.883062 0.658019 -0.219167 -0.726638 0.250175 0.0855983 0.233613 
2.79016 -0.264019 2.89316 -0.313503 1.79421 -0.220416 -0.00946905 -0.667044 -0.256307 0.443135 0.0617964 0.210959 
