2.87872 -0.0816432 2.65206 -1.27652 1.90993 -0.684729 -0.476751 -0.0587029 -0.549793 -0.577432 -0.0353645 0.24185 
2.75772 -0.237296 2.76407 -0.739616 1.98547 -0.8224 -0.188766 -0.0149007 -0.248134 -0.0342486 -0.0884842 0.217093 
2.82839 -0.403612 2.58836 -0.579693 1.63973 -0.126558 0.0274401 -0.690927 -0.627064 -0.309355 -0.0196049 0.239221 
2.67553 -0.397419 2.28412 -0.738329 2.1674 -0.363563 -1.27741 -0.6679 -0.335581 0.218353 0.211859 0.176527 
2.65008 -0.309046 2.74651 -0.714009 1.3422 -0.630519 -0.351338 0.0482573 -0.491568 -0.205728 -0.0402235 0.180306 
2.83436 -0.265766 2.60721 -0.726623 1.07055 0.132554 -0.417022 -1.07972 -0.609793 0.123533 0.130126 0.182475 
2.53666 -0.118111 2.76124 -0.794207 1.66018 -0.6501 0.0691793 -0.903199 -0.419849 -0.0423824 -0.0393121 0.251745 
2.80825 -0.555738 3.09316 -0.988692 1.49239 -0.450492 -0.915941 -0.139254 -0.650431 0.179927 0.26408 0.143861 
2.83634 -0.44222 2.38722 -0.5835 2.05026 -0.77308 0.0344345 -0.923323 -0.0194607 0.162534 -0.259671 0.296281 
2.96885 -0.000779248 2.00923 -1.78895 1.11678 -0.384396 -0.0878121 0.189892 -0.892737 0.0341119 -0.0757904 0.107066 
3.27191 0.0765135 2.49989 0.303558 1.25157 -0.37451 1.01541 -0.476012 -0.478002 -0.33748 0.0449247 0.223193 
2.9057 -0.247077 2.3811 -0.489093 1.53426 -0.815531 0.256338 0.00991245 -0.8021 0.0123804 -0.0783742 0.146865 
2.73858 -0.0987603 2.82046 -1.42575 2.09137 -0.243641 -0.00370619 0.0163692 -0.80785 0.120682 0.206184 0.174688 
2.63864 -0.255318 2.19911 -1.18718 1.79196 -0.164936 0.050774 0.250045 0.0382737 -0.0507865 0.021265 0.184544 
2.85274 -0.274745 2.61292 -0.885225 1.37747 -0.0891692 0.194912 -0.809417 -1.0875 0.418822 0.0230723 0.10009 
2.60422 0.150818 2.4084 -1.1209 1.02856 -0.800432 0.456279 -0.86703 -0.705518 0.232162 0.0645848 0.242571 
2.91029 -0.053817 2.0477 -0.496068 1.2109 -1.42562 0.429414 0.0669381 -0.996599 -0.0351296 -0.123978 0.136743 
3.52502 0.66809 4.26334 0.97879 3.17476 -0.317087 -0.319223 0.390287 0.34885 0.14249 -0.0737129 0.132297 
3.08711 1.76469 3.48608 2.57458 2.58107 1.55285 0.735139 0.389726 -0.184335 -0.100321 -0.0618071 -0.0769779 
3.43028 2.61277 4.18985 3.02224 3.13896 1.48171 0.948566 0.536004 -0.316857 -0.100765 0.000519607 -0.075643 
3.63179 3.01906 4.81057 3.03181 2.79263 1.00793 0.184412 0.521796 -0.182513 -0.167421 -0.125906 -0.101669 
3.93934 2.99693 4.43289 2.97815 2.50423 0.931338 0.309123 -0.130118 -0.483879 -0.394794 -0.165591 -0.11154 
4.15137 2.5286 4.40815 2.2513 3.27852 0.851476 0.918888 0.642073 -0.0939224 -0.471297 -0.079229 -0.0129447 
4.1628 2.29081 3.9743 2.25484 2.17804 0.143736 0.342481 -0.165413 0.167622 0.227841 -0.0834882 -0.0125423 
3.97692 1.84366 4.15202 1.62446 3.05972 0.34032 0.692544 0.0295702 -0.796375 0.450987 0.0587806 0.00111677 
3.75831 1.57023 4.41315 1.75635 2.50218 1.03332 0.958076 0.60016 0.183788 0.000929019 0.0217055 0.0354094 
3.71618 1.60738 3.75248 1.16702 3.39496 1.10233 1.19363 0.310861 -0.30003 0.180793 -0.076738 0.000957811 
3.7794 1.17296 1.96282 -0.0844607 3.70665 1.89415 2.23617 1.50657 -0.326974 -0.511275 -0.101014 0.122022 
4.33954 0.641489 1.69273 -0.0823956 2.67267 1.62123 2.41679 1.83072 0.0826309 -0.234068 -0.210617 0.025248 
4.2542 0.379786 0.0781646 -1.35615 2.55446 2.73343 2.27831 1.67087 0.378245 -0.30794 -0.0144027 0.0959718 
4.09175 0.995012 0.884098 -0.974273 3.38319 2.62884 2.63994 0.557127 -0.413736 -0.177675 -0.0390417 0.177004 
3.96992 0.384436 0.641685 -1.44768 2.76429 3.17842 3.1144 1.35744 -0.667783 -0.0862099 0.0587291 0.14141 
3.58466 0.228308 1.47136 -1.73998 3.3044 2.4911 2.54624 0.965709 -0.238814 -0.118756 -0.0874846 0.20424 
3.70406 0.272212 2.26235 -1.29322 2.44696 1.87431 2.05665 0.930238 -0.280261 -0.500975 -0.0924237 0.204899 
3.77249 0.21604 2.41486 -1.45367 2.20498 0.720054 0.987139 0.740409 -0.287192 -0.442272 -0.127287 0.202238 
3.49032 0.362425 2.75519 -0.681609 2.58664 1.48754 1.67187 0.708756 -0.47756 -0.241342 0.0194926 0.161311 
3.37459 0.715728 3.25153 -1.19289 2.75106 -0.164003 0.821343 0.91767 -1.04501 -0.14563 0.105312 0.16961 
3.26689 0.113112 2.88309 -0.701067 2.05605 0.14281 1.43766 0.914741 0.201722 0.416017 -0.106972 0.11678 
3.24636 0.255288 2.92318 -0.586165 2.08979 -0.412453 1.19817 0.469071 -0.0596108 0.271561 -0.0450939 0.208792 
2.95787 0.0372229 2.64168 -1.1755 2.03641 -0.392752 0.130082 -0.127432 -0.626083 0.00661127 0.0240071 0.211313 
2.90975 -0.266068 2.88385 -0.869252 2.02311 -0.543766 -0.372524 -0.172245 -0.567925 0.309361 -0.120921 0.115244 
2.91593 0.0947776 2.50215 0.0460804 2.56268 -1.33007 -0.587124 -0.451416 -0.297095 0.00634962 0.0578543 0.226072 
2.9784 -0.234705 3.02953 -0.9874 2.06626 -0.419628 -0.489484 0.231089 -0.461768 -0.400299 0.185156 0.261611 
2.71986 -0.459383 2.72542 -0.799335 1.17008 -1.01245 0.923037 0.285421 -0.751389 -0.124072 -0.100965 0.24739 
2.73151 -0.0816724 2.75084 -1.45735 0.951433 -0.509033 -0.0326632 -0.54486 -0.1863 -0.0714122 -0.127456 0.24292 
2.88808 -0.508785 2.48547 -0.46505 1.40496 -0.888588 0.188232 -0.719915 -0.842849 -0.0245669 0.0979615 0.266176 
2.91987 -0.217596 2.48695 -1.07944 1.8267 -0.389302 -0.574493 -0.313824 -0.808113 -0.253803 -0.00411651 0.149448 
2.93267 -0.347414 2.39647 -0.735019 1.77306 -0.0400184 0.0420447 -0.136922 -0.414716 0.146522 -0.12324 0.0816496 
2.73055 -0.185791 2.12924 -0.771434 1.59919 -0.119136 0.616756 -0.0759808 -0.905703 -0.170955 0.219836 0.190085 
2.55465 0.127125 2.68421 -0.366932 1.5561 -0.786381 0.294881 -1.20776 -1.1349 0.311893 0.17539 0.196997 
2.74044 -0.360751 2.5163 -1.02786 1.94926 -0.314977 -0.874958 -0.694499 -0.226653 -0.045921 -0.172286 0.204782 
2.51438 -0.249264 2.66079 -1.85109 2.00453 -0.458027 -0.648534 -0.0674904 -0.784347 -0.47033 0.128928 0.293593 
2.62928 -0.542492 2.50657 -0.839583 1.38201 -0.364954 0.344749 -0.342252 -0.479711 -0.254136 0.0630894 0.282044 
2.91915 -0.480361 2.62374 -0.953145 2.12627 -0.557858 -0.411743 -0.618478 -0.829911 0.261235 0.0487362 0.216049 
2.72639 -0.152996 3.02336 -0.751914 0.950683 -0.369246 0.744296 -0.553253 -0.70845 -0.330069 0.135665 0.269937 
2.96714 -0.354181 2.62326 -1.38516 1.03988 -0.327988 0.0476301 0.0315599 -0.33606 0.105148 -0.262255 0.0959262 
3.01656 -0.113358 2.48936 -0.419867 1.1641 -0.721151 0.465809 -0.416664 -0.390272 0.306219 -0.295243 0.0601735 
3.02754 -0.321186 2.50046 -0.585958 0.877742 -0.98473 0.208925 -0.854304 -0.207448 0.0095406 -0.131503 0.264574 
2.7731 -0.308499 2.65394 -0.998305 2.28223 -1.01489 -0.429871 0.00267736 -0.354305 -0.0060009 0.0116366 0.243533 
2.64015 -0.343272 2.2747 -0.685439 1.57562 -0.625163 0.65271 0.450922 -0.474391 0.0242381 -0.19279 0.131508 
