2.57132 0.188313 2.37977 -0.89484 1.29399 -0.285358 0.519205 -0.676388 -0.363399 -0.283028 0.167662 0.306229 
2.7986 -0.0760056 2.93032 -0.828511 1.11878 -0.306092 0.0213459 -0.262286 -0.52774 -0.391353 0.108769 0.268885 
2.89734 0.0342737 2.53881 -1.0678 1.68472 0.0268715 -0.0359328 0.376324 -0.52495 -0.381478 0.26733 0.209914 
2.61239 0.0910177 2.21871 -0.962451 2.28119 0.00961737 -0.40042 -0.38991 -0.119976 -0.356071 0.0393325 0.236233 
2.86808 -0.105421 2.1026 -0.049225 2.44914 -1.23464 -0.0271345 0.0772629 0.576624 0.518146 -0.136014 0.180872 
3.12049 -0.181758 2.79419 -1.54969 1.14798 -0.289651 0.136458 0.768464 -0.213595 -0.490786 -0.170595 0.18499 
2.90067 -0.1499 3.24689 -0.779703 1.57912 -0.830925 -0.286789 0.859835 -0.440551 -0.349018 -0.104955 0.151505 
2.8937 -0.0502625 3.24165 -1.09024 1.33915 -0.506224 0.0185638 -0.0016817 -0.731769 -0.149046 0.0678158 0.208122 
2.86757 -0.082083 2.54053 -0.454743 1.41534 -0.300527 0.625694 -0.402036 0.173404 -0.485102 0.00350446 0.337369 
2.87657 -0.414135 2.15741 -0.618225 1.46437 -0.368654 0.452753 0.358496 0.148092 0.124065 -0.00093749 0.191245 
2.79252 -0.132 2.97662 -0.408805 2.37352 -0.721303 -0.46062 -0.966379 -0.591014 0.204439 0.0286851 0.252461 
3.01977 -0.11257 3.23103 -0.32626 1.86851 -0.379123 -0.39861 -0.265311 -0.430426 -0.348739 -0.0992431 0.186011 
3.38157 0.170051 3.37155 0.549627 2.57683 -0.0305935 -0.239211 -0.151529 -0.784052 -0.467737 -0.200246 0.0240274 
3.50872 1.69063 3.77478 1.21949 2.45682 0.723555 0.501734 0.823724 -0.545093 -0.643239 0.000927951 -0.0555999 
3.77305 2.17854 4.83285 1.84182 3.71013 1.51415 0.853413 0.355044 -0.770307 0.122465 -0.0293607 -0.102479 
3.75199 2.629 5.01007 3.13311 2.53514 0.908143 0.205061 0.326021 -0.179346 -0.481716 -0.139319 -0.100133 
3.88507 2.97481 4.49157 3.59709 2.99888 0.582947 0.384639 0.13782 -0.313612 -0.154372 -0.213433 -0.115173 
4.38912 2.34897 4.9707 2.4698 2.90431 1.2083 0.63009 -0.607088 0.0745899 -0.326839 -0.300538 -0.0564817 
4.33382 2.14949 5.25816 0.927508 2.39861 -0.274878 0.844268 0.497237 -0.414037 0.289937 -0.131537 0.0323816 
4.46362 2.00095 4.90712 0.0606574 2.71929 0.552844 -0.053788 0.0218035 -0.551078 0.27743 -0.0672176 -0.00757173 
3.994 1.58898 4.20797 1.40722 2.89943 0.798496 0.119899 0.778775 -0.142145 0.00284294 0.185603 0.0363973 
3.75459 1.63243 3.1857 1.89139 2.72613 0.177327 0.528301 -0.206746 0.283707 0.275305 0.243472 0.154231 
4.03842 1.51748 2.93198 1.21013 2.87608 1.56075 2.17419 1.99101 -0.0858707 0.163413 0.0314057 0.00816915 
4.98852 1.1897 0.766097 -0.499762 2.55116 3.02908 2.85014 2.13057 -0.246638 0.108911 0.0280916 -0.021043 
4.90453 1.41297 0.412085 -1.47654 2.61898 2.99856 3.10275 2.07568 -0.39451 0.102156 -0.0756887 -0.0316748 
4.643 1.37192 0.114543 -0.821397 2.89266 2.79484 3.11093 1.5086 -0.325999 0.0246384 -0.114155 0.0209426 
4.42288 0.686138 0.417771 -1.55935 2.53185 2.84453 3.25083 1.19712 -0.285078 -0.110022 -0.06286 0.13278 
4.2441 0.737371 0.622354 -1.99382 2.64346 3.07222 3.45751 1.64784 -0.149783 0.0734215 -0.0816533 0.103153 
3.94635 0.943382 1.90413 0.381657 2.96978 2.37663 2.57293 1.40263 -0.210111 -0.415704 0.0570212 0.177751 
3.6816 1.04498 1.889 -0.587521 3.01069 1.31042 2.10736 1.76396 0.241488 -0.743563 -0.0324903 0.191278 
3.76973 0.991382 2.99565 -0.984551 2.97725 1.22644 2.07888 1.08224 0.125854 -0.43374 -0.0511918 0.292364 
3.68153 0.774873 3.6068 -0.721447 2.28475 1.42771 1.23666 1.42665 0.189715 -0.423313 0.190849 0.195368 
3.49947 0.625621 3.03173 -0.293169 2.09061 1.50834 2.40164 0.589513 0.617351 0.452676 -0.0888595 0.158319 
3.40333 0.747926 4.28784 -0.236815 2.48741 0.422633 1.38694 0.429531 -0.339234 0.212002 0.119666 0.232103 
3.55405 0.432044 3.52743 -0.321829 1.72073 -0.128563 1.2425 0.325596 -0.195702 -0.102447 -0.0597172 0.225668 
3.60794 0.401824 3.83418 0.0924185 2.4922 0.0324666 0.364104 -0.149347 -0.6513 0.00690449 0.140201 0.218437 
3.491 0.0431804 2.71284 0.152214 2.4118 -0.0627445 0.550375 -0.675921 -0.525929 0.713625 0.0752565 0.121146 
3.20499 0.018111 3.20874 0.495419 2.30827 -1.03528 0.157824 -0.4108 -0.00468063 0.272435 -0.155861 0.203479 
3.00886 -0.294619 2.5955 -0.132594 1.55859 -0.485147 0.48756 -0.231677 0.0879759 0.307939 -0.07891 0.163959 
3.1075 0.462076 2.99964 -0.5955 2.74792 -0.632961 0.413669 0.773102 -0.415562 -0.0701764 0.0177839 0.178811 
2.79072 0.653852 3.54309 -1.18088 2.16197 0.103831 0.0997553 -0.561845 -0.765927 0.0292931 0.282892 0.221463 
2.95961 0.152819 2.37064 -0.174479 1.52873 -0.829053 0.344178 -0.176776 -0.446731 0.122526 -0.000327257 0.170403 
2.65972 -0.158562 2.70266 -0.679815 1.61583 -0.758728 0.249423 -0.640365 -0.73692 0.445652 0.028478 0.219773 
2.67189 -0.318184 2.68135 -1.12815 1.01446 -0.339244 0.377946 0.254285 -0.563745 0.223152 0.102023 0.178011 
2.73656 -0.0633208 2.77385 -0.588364 2.15078 -0.502735 -0.534313 -0.408266 -0.510039 0.235474 -0.0286247 0.148725 
2.83797 -0.0402084 2.97447 -1.63389 1.50415 -0.161728 -0.652677 0.0301906 -0.386055 -0.00704868 0.0128615 0.171171 
2.38738 0.198152 2.62601 -0.802716 2.25151 -0.864032 0.0548735 -0.68463 -1.11202 -0.207775 0.309064 0.310445 
2.76391 -0.56828 3.04477 -0.732662 1.47399 0.360445 0.839646 0.345615 -0.64387 0.530025 0.154656 0.0851454 
2.80402 0.124802 2.77326 -0.391672 1.07398 -0.815785 0.311379 0.103142 -0.272803 -0.00390217 -0.0548777 0.161373 
2.71438 0.367071 2.9287 -0.748451 2.0739 -0.687499 0.2368 -0.317096 -0.909822 0.112535 0.195377 0.204097 
2.74306 -0.130343 2.6799 -1.04073 1.68206 -0.281937 -0.43462 -0.607654 -0.0317869 -0.122058 -0.130068 0.271476 
2.78822 -0.482157 2.85679 -0.543653 1.76541 0.0572534 0.648857 -0.646387 -0.543989 -0.0866304 -0.191754 0.26406 
2.8853 -0.538854 2.61291 -0.898856 1.50441 -0.592247 0.59668 0.0625775 -0.668542 0.340098 6.74548e-009 0.204596 
2.52324 0.0389952 2.55487 -1.62747 1.94849 -0.0370613 -0.0156098 -0.158395 -0.225519 0.1822 0.102245 0.23639 
2.99297 -0.114609 1.90438 -1.39476 1.79916 0.00556464 -0.0886962 -0.510026 -0.257647 0.430647 -0.152216 0.14831 
2.83071 -0.17549 2.6403 -1.3078 1.80876 0.0683835 -0.673206 -0.9154 -0.428607 0.652213 -0.0287097 0.142876 
2.55085 -0.352411 3.37082 -0.859618 1.71822 -0.212118 -0.691071 -0.214088 -1.33246 0.193999 0.355977 0.114414 
2.64003 -0.59663 2.98008 -0.698364 2.07831 -0.621881 0.529353 -0.157603 -0.457578 0.0743715 0.0920013 0.359477 
2.64636 -0.235631 2.8634 -1.08083 1.58297 -0.143855 0.548603 -0.12196 -0.279235 0.148565 -0.0125308 0.244305 
2.7157 0.0384202 2.33562 -1.11519 1.04235 -1.11866 0.268158 0.0957579 -0.249359 -0.0441469 -0.07439 0.248632 
