2.84369 -0.35229 2.79815 -1.01665 1.34309 -0.987614 -0.702585 -0.479763 -0.681632 -0.0734796 -0.134182 0.105104 
2.74698 -0.3444 2.23112 -0.760711 1.35996 -1.11641 -0.180893 -1.43392 -0.830766 0.205121 0.0347967 0.168522 
3.07227 -0.312746 2.3473 -0.952523 1.26859 -1.14274 -0.354555 -1.16699 -0.719807 -0.0465213 -0.194889 0.123082 
2.87176 -0.326975 2.14275 -1.22825 1.05229 -1.14258 0.675222 -0.568783 -1.02377 -0.0753001 -0.3303 0.0696028 
2.68687 -0.41168 2.16189 -1.34747 0.873927 -0.900154 0.877972 -0.167438 -0.556298 -0.110993 -0.333435 0.00524545 
2.58648 -0.0818128 2.73129 -1.3729 1.25288 -1.15808 -0.289512 -0.625085 -0.615925 0.0959271 -0.148329 0.172279 
2.87503 -0.133732 2.26751 -0.953811 1.08006 -0.854113 -0.949698 -0.80713 -0.28161 -0.406543 -0.099743 0.141235 
2.64197 -0.610822 2.67435 -1.21508 1.62921 -0.461679 -0.899287 -0.426838 -0.549108 -0.233848 -0.0738594 0.134756 
2.73829 -0.418997 1.38134 -1.63234 1.67536 -0.912851 -0.495051 0.184101 -0.495042 -0.563626 -0.157435 0.127321 
2.9222 0.258617 2.30053 -0.642859 2.25456 -0.451233 -0.155535 -0.341015 -0.580649 0.179338 0.191236 0.113589 
3.74325 1.53131 4.03534 1.63568 3.07185 0.80666 0.110659 -0.42847 -0.916058 -0.342445 -0.0429216 -0.0707386 
3.81661 2.91148 4.05625 2.485 2.2692 1.12749 -0.121145 -0.382753 -0.746554 -0.756764 -0.139341 -0.120119 
3.96162 2.94787 4.43287 2.45366 1.96066 0.742674 -0.333654 -1.04698 -1.23772 -0.49107 -0.25816 -0.150312 
4.74656 2.40278 5.51896 1.22614 2.90514 -0.7237 -1.02631 -0.722724 -0.832078 -0.250789 -0.425983 -0.0717997 
4.70147 2.75156 5.31446 0.822439 3.03836 -0.449488 -0.788477 -0.571009 -0.398102 -0.235566 -0.318826 0.0119618 
4.87442 1.93596 4.50058 1.3311 2.00754 -0.804925 -0.207317 -0.95882 -0.0703555 0.411047 -0.147047 0.118659 
4.31658 2.10068 4.08304 0.684131 1.99744 -0.375893 -0.276014 0.304984 0.0186181 0.0607963 0.118293 0.110568 
4.07881 2.11438 4.10374 1.79045 2.24474 0.816895 0.0262894 -0.305 -0.206634 0.277399 0.0322549 -0.0111598 
4.02511 2.34558 4.06395 0.819845 1.48422 0.328201 -0.168599 -1.18667 -0.408308 0.38781 -0.148314 -0.0274089 
4.74102 1.3252 1.27342 -1.44677 1.69846 1.34864 2.62212 2.03466 -0.447992 0.454882 -0.218759 -0.211313 
4.24686 1.60086 -0.0474884 -1.30508 1.42779 3.10582 3.4145 1.74264 -0.130254 0.127423 -0.17512 -0.0146022 
4.26323 1.68293 -0.251546 -1.33226 1.66567 2.66425 3.30397 1.96275 -0.105557 0.300195 -0.18115 -0.04785 
4.42754 0.932054 0.609031 -2.22221 1.94864 2.74679 3.22287 1.76093 -0.356119 -0.0690884 -0.199718 -0.0294288 
4.37672 0.658866 1.22225 -1.63585 2.54714 1.91307 2.73033 1.46479 -0.26844 0.0028302 -0.263757 0.00656624 
4.15958 1.06623 2.46772 -0.508043 2.62907 2.06723 2.37527 2.0487 0.0977024 -0.107221 -0.222679 -0.0464087 
4.28628 0.451879 2.22177 -0.835577 2.47998 1.86766 2.90053 1.4095 -0.131124 0.124129 -0.236433 0.0681219 
3.89471 0.965965 3.14986 -1.53738 2.43154 0.917016 1.72937 1.30282 -0.11199 -0.383245 -0.264062 0.12367 
3.81158 0.408081 2.87262 -0.848691 1.94103 0.645811 2.41948 0.979867 0.0389424 0.590288 -0.198257 0.0943311 
2.92735 0.071034 2.99191 -0.702228 2.31571 0.58415 1.70521 1.38007 -0.0832005 0.358579 0.0893992 0.0758412 
3.65344 0.127439 2.9482 -0.377257 2.10755 -0.0770899 0.540349 0.360154 -0.330434 0.443218 -0.00523949 0.0584794 
3.27199 0.198002 2.63987 -0.874841 2.01015 0.0367407 0.20023 -0.559288 -0.600016 0.347807 0.00762121 0.10506 
3.23937 0.627798 3.46602 -0.347551 2.74468 0.0483722 -0.304366 0.254023 -0.173735 -0.0736727 0.207232 0.148893 
3.08408 0.735356 3.55388 -0.515553 2.58876 0.0785659 1.21404 0.468937 -0.0942324 0.677889 0.158362 0.185324 
3.0492 -0.160125 2.73551 0.636562 1.52347 -0.975281 0.536277 -0.814795 -0.407359 0.283882 0.0525294 0.177158 
2.96348 0.371108 3.09632 -0.488642 1.97751 -0.34013 0.739721 0.425354 -0.195077 0.0688565 0.0829476 0.164239 
3.04958 0.088934 3.50672 -0.342057 1.54282 -0.740458 -0.131358 -0.436607 -0.76272 0.261356 0.123258 0.154768 
3.14586 0.134756 2.81443 -0.401621 1.73343 -0.626645 0.383149 0.28469 -0.151411 -0.0668833 -0.173634 0.103189 
3.37559 -0.246618 2.75535 -0.555666 2.6259 -0.600811 -0.0532089 -0.0627587 -0.269299 0.450827 -0.156553 0.153988 
3.09668 0.126875 3.10062 -0.289026 2.51848 -0.433458 0.342316 0.333041 -0.56884 0.0818136 0.0853561 0.152133 
2.90865 -0.0228858 2.38869 -1.05236 1.63932 -0.478718 0.716439 0.118869 -0.569823 0.174872 -0.0557953 0.139212 
3.19188 -0.157922 2.69011 -0.910145 1.48448 -0.703087 0.469787 0.0498397 -0.344763 -0.0527781 -0.202972 0.178007 
2.60625 -0.534469 1.79576 -0.805476 1.06208 -1.31816 -0.264634 -1.01576 -1.06329 0.00608094 -0.0564182 0.142593 
2.88971 -0.412702 2.61828 -1.05166 1.84934 -0.206707 0.395739 0.384722 -0.448486 0.0392211 -0.0914128 0.114375 
3.13804 -0.0772105 2.57336 -1.41659 2.31839 -0.24835 -0.128316 0.535873 -0.495606 0.0682431 0.0933999 0.130536 
2.68057 -0.1402 2.51346 -1.12077 0.622347 -0.896578 0.0591628 -0.42163 -0.393592 -0.093371 -0.197347 0.136023 
2.86946 -0.198005 2.41993 -1.46989 1.4513 -0.920671 -0.342311 -0.386099 -1.05014 -0.0681867 -0.00476948 0.120867 
2.93622 -0.377007 2.19904 -1.33532 2.0655 -0.607674 -0.998688 -0.340047 -0.486793 -0.114759 0.00402387 0.171355 
2.63069 0.0697615 2.21022 -2.43275 0.909715 -0.566214 -0.108514 -0.850086 -0.966503 -0.556791 -0.0152544 0.237147 
2.56472 -0.370131 2.11558 -1.92348 1.41989 -0.513871 -0.449554 -0.19108 -0.724324 -0.139671 -0.0768809 0.0707953 
2.73841 -0.0421545 2.8425 -1.31048 1.24221 -1.009 -0.487225 -0.725154 -1.31496 -0.465429 0.165859 0.174414 
2.89451 -0.26202 2.18327 -0.722004 0.914784 -0.840827 -0.034328 -1.19093 -0.841389 0.255975 -0.120323 0.116788 
2.90042 -0.0884693 2.14466 -1.46354 1.25601 -0.711747 -0.346325 -0.265995 -0.63083 -0.695349 -0.144502 0.153101 
2.70375 -0.677156 2.50883 -1.14556 0.950633 -0.866148 0.259736 0.240904 -1.00591 0.124604 0.029322 0.0496888 
2.62996 -0.531148 2.52685 -1.36259 0.972678 -0.842365 -0.134594 0.0199691 -1.14518 -0.172413 -0.0876234 0.0473783 
2.88693 -0.19234 2.88253 -1.52899 1.70725 -0.513915 0.064383 -0.624119 -1.33011 0.24034 -0.0558551 0.103982 
2.79131 -0.349328 2.54772 -1.324 1.40167 -1.19589 -0.628468 -0.559786 -0.642621 -0.141106 -0.256067 0.132774 
2.8576 -0.234679 2.57609 -0.635922 0.829423 -0.485559 0.626148 -0.931885 -0.953339 -0.0585128 -0.0397336 0.114543 
2.39009 -0.577692 3.20676 -1.68407 -0.325401 -0.397225 0.13241 -0.165229 -1.15453 -0.557236 -0.044566 0.0504591 
2.88503 -0.696841 2.38101 -1.12817 1.30982 -0.59534 -0.298914 -0.866914 -0.586593 0.20858 -0.15456 0.100105 
2.6126 -0.413784 2.08975 -1.12349 1.12767 -0.492577 0.282621 -1.15322 -1.25691 -0.106043 -0.122093 0.146903 
