2.78234 -0.203915 2.20083 -1.47006 0.964761 -0.999737 -0.0668639 -0.510859 -0.844132 -0.34074 -0.119839 0.117171 
2.57617 -0.365158 1.37909 -1.46438 1.40093 -1.15656 0.0257198 -0.0760752 -0.652218 -0.672361 -0.232844 0.0527846 
2.59536 -0.415033 2.10279 -1.37019 1.39509 -1.51634 -0.845959 -0.920945 -0.757804 -0.0635084 -0.156271 0.175605 
2.65993 -0.49488 2.68621 -1.23197 1.25048 -1.40185 -1.04145 -0.390113 -0.98992 -0.15112 -0.0259104 0.0677336 
2.83809 -0.587232 2.07715 -1.9152 0.93956 -0.836209 -0.239622 -0.877578 -0.914093 0.234544 -0.222786 0.105166 
2.51742 -0.531415 1.83767 -1.95568 1.89379 -1.08648 -0.241035 0.364711 -0.678297 -0.46986 -0.059656 0.194 
2.79394 -0.340219 2.86825 -0.941204 1.31428 -1.26413 -0.805347 -0.287996 -0.497499 -0.143671 -0.179934 0.129868 
2.64366 -0.224362 1.97603 -1.02567 1.2313 -1.04246 -0.0821477 -1.36397 -0.716906 -0.39838 -0.132933 0.22972 
2.78905 -0.31277 2.70369 -1.11895 1.19136 -0.987469 -0.968613 -0.907181 -0.553641 -0.0914954 -0.222525 0.120523 
2.63003 -0.403865 2.4353 -1.16562 0.680961 -0.542932 0.582813 -0.526974 -0.997511 -0.18668 0.00593964 0.0810379 
2.63502 -0.488292 2.21028 -1.60368 0.612372 -0.722971 0.207018 -0.744741 -1.46912 -0.349354 -0.0202056 0.10363 
2.65911 -0.118803 2.25923 -0.731039 2.07696 -1.02399 -0.0543543 -0.774403 -0.624448 -0.27217 -0.0239893 0.179221 
3.04408 -0.647638 1.83654 -1.63763 0.736722 -1.2216 -0.41584 -1.0456 -0.952547 -0.0283063 -0.288998 0.0675112 
2.65721 -0.265993 2.79766 -1.29644 0.753658 -0.696453 0.0280742 -0.349355 -1.03724 -0.221001 -0.0386366 0.1038 
2.68108 -0.387876 2.80153 -1.57592 1.65948 -0.570877 -1.00374 -1.28214 -0.881905 0.303257 -0.105129 0.132309 
2.77205 -0.617751 2.84541 -0.714331 2.07104 -1.0732 -0.904097 -0.605777 -0.634 0.345027 0.0738076 0.0908168 
2.68756 -0.30768 2.57245 -1.04388 1.30575 -0.458235 0.155171 -0.455196 -1.20676 -0.449109 0.138385 0.142123 
3.42576 1.21864 4.2096 1.27525 3.29467 0.767374 0.972637 -0.157916 -0.74608 0.227686 -0.0885957 -0.03306 
4.14042 1.71411 4.15703 1.78796 3.6375 1.01227 1.10256 1.10576 -0.344344 -0.448872 -0.0957047 -0.00587852 
4.15167 2.32794 4.80654 1.72325 4.01494 1.66354 1.28133 0.121678 -0.201445 0.0201006 -0.140858 -0.00902991 
4.18385 2.0422 5.56396 2.63713 3.61901 1.56819 0.485872 0.0865922 -0.239531 0.0488758 -0.12404 -0.104959 
4.23167 2.53987 4.77126 3.01008 2.80893 0.313076 0.0521134 -0.0679995 -0.0865306 -0.482728 -0.221726 -0.0617606 
4.27333 2.73497 4.77018 2.68033 1.50965 -0.192633 0.244062 -0.140707 -0.491474 0.325247 -0.0358619 -0.0355745 
4.09839 1.80842 3.83127 1.25499 1.96504 0.922982 -0.0138435 -0.967291 -0.670019 0.209766 0.0227154 -0.0269658 
3.98935 1.4105 4.43588 1.08612 1.57449 -0.575533 -0.995794 -0.307891 -0.340415 0.116108 0.0178918 0.00220223 
3.85388 1.79528 4.60856 1.55703 2.45437 0.629828 0.731788 0.180319 0.128652 0.382829 -0.113199 -0.0144547 
3.48663 1.6421 2.21477 1.91663 3.52288 2.17343 1.58454 0.976779 0.386677 0.100231 -0.0764441 0.00275405 
3.731 1.71959 1.48211 0.826655 2.80719 3.22508 2.58639 0.950073 -0.324446 -0.371533 -0.0605311 0.0906387 
4.16801 0.890195 0.380655 -1.24453 1.82402 2.77346 2.55534 1.40986 -0.436042 -0.382988 -0.0158683 0.0656063 
4.42844 0.744507 1.2283 -1.99635 2.74266 2.39353 2.37919 1.15075 -0.255117 -0.165968 -0.253843 0.0213848 
4.3605 0.150454 2.2272 0.0147973 3.27329 1.99495 2.68793 1.06486 -0.415073 0.0969009 -0.228849 0.0757619 
3.63083 0.702895 2.37022 -1.798 3.06231 1.89005 2.24667 1.18489 -0.239055 -0.168944 -0.16499 0.16283 
3.81307 -0.144899 2.5161 -0.453316 3.207 1.60947 1.91451 1.1825 -0.639578 -0.297426 -0.190372 0.107197 
3.79444 0.470933 3.07005 -0.191716 1.81172 0.721191 1.76711 0.784863 0.0727294 -0.353476 0.024784 0.255013 
3.11299 0.0674393 2.79153 -0.182096 2.31275 0.646842 0.826222 0.413875 0.0361307 -0.441175 -0.250073 0.101298 
3.29251 0.23147 3.04056 -0.736443 2.37974 -0.252818 0.285692 -0.102898 -0.738317 -0.325873 0.0403382 0.237952 
3.12411 0.0458915 2.58084 -0.95191 2.55927 -0.238587 -0.890295 -0.209477 -0.239779 0.240571 0.0912133 0.0812163 
3.01857 -0.0975386 3.24091 -0.790941 2.57383 0.379292 0.0975067 0.149243 -0.264757 0.200105 -0.0710365 0.108167 
3.53052 -0.0582753 3.53797 -0.125753 1.36617 0.107492 0.832336 -0.647042 -0.693854 0.370685 0.0891642 0.180291 
3.17037 -0.0418731 3.68472 -0.915397 2.00998 0.0231087 -0.156803 -0.271739 -0.515365 0.356106 0.0498602 0.149463 
2.79415 -0.478135 2.23625 -1.17054 1.36247 -0.976011 0.284033 -1.13279 -1.12629 0.34944 0.00666321 0.224793 
3.03186 0.0431646 3.04881 -1.15401 1.92178 -0.306294 -0.22711 -0.176285 -0.94823 0.110421 0.0326988 0.0856778 
2.73652 0.256331 2.87154 -1.61866 1.94251 -0.34036 -0.212124 -0.0176025 -0.638078 -0.2589 0.0377039 0.130861 
3.12023 -0.17884 2.22523 -1.33508 1.88529 -1.171 -0.6139 -0.727308 -0.71996 -0.467721 -0.217929 0.170948 
2.79572 -0.469074 2.11234 -1.33125 1.45849 -0.95773 -1.09648 -1.06852 -0.824367 -0.113466 -0.0304253 0.118298 
2.91529 0.112388 2.63273 -0.379097 1.71048 -0.714034 0.114359 -1.33592 -0.770996 0.089567 -0.0256489 0.194236 
2.7859 -0.347796 2.32879 -1.48988 1.3166 -0.747709 -0.605688 -0.500806 -0.531459 -0.0967257 -0.150527 0.0920612 
2.76784 -0.645185 2.27712 -1.55726 1.45265 0.114691 0.156646 -0.0195072 -0.590519 -0.115112 -0.250286 0.0173463 
2.6469 -0.270968 2.77556 -0.740662 1.64119 -0.909111 -0.748537 -0.915455 -1.017 -0.012792 0.18891 0.171271 
2.80564 -0.289164 2.16242 -1.57496 1.75803 -1.32826 -0.892008 -0.787078 -0.707251 0.076686 -0.2565 0.102662 
2.82396 -0.536389 1.8399 -1.38486 1.54698 -0.878871 -0.848692 -0.490468 -0.822395 0.087248 0.000553774 0.0860676 
2.72807 -0.273784 2.52894 -1.16666 1.24111 -0.86099 0.591542 -0.0745464 -0.91693 -0.185353 0.0147169 0.148811 
2.86292 -0.379231 2.52773 -1.56882 0.683022 -0.623605 -0.0612075 -0.34282 -1.21347 -0.158198 -0.0679575 0.0587671 
2.86971 -0.535809 1.94337 -1.50943 1.35553 -0.952828 -0.499138 -0.781679 -1.07548 -0.117921 -0.0817594 0.113097 
2.92898 -0.273986 2.71922 -1.49361 0.971836 -0.72444 0.438311 -0.467695 -1.63854 -0.328347 -0.0833014 0.142048 
2.60508 -0.309529 2.16725 -1.29802 1.5331 -0.774472 -0.10741 -0.547003 -0.504446 -0.111444 -0.284625 0.0984529 
2.82299 -0.672005 1.74712 -1.7879 1.2123 -0.996036 -0.183267 -0.936639 -0.611328 0.32871 -0.213106 0.125814 
2.69046 -0.644045 2.72359 -1.27328 2.12466 -1.16381 -1.00526 -0.044975 -0.572437 0.029742 -0.133564 0.0878573 
2.76262 -0.469265 2.12882 -1.74868 1.20471 -1.09343 -0.435184 -0.202752 -1.21539 -0.343638 -0.0876801 0.121069 
2.77404 -0.454981 2.5388 -0.998169 0.548761 -1.26816 0.239799 0.195648 -0.512567 -0.452305 -0.207646 0.111292 
