2.57634 -0.25454 2.33992 -1.06457 1.25012 -0.845479 -0.170643 -0.971769 -0.729022 -0.13857 -0.297341 0.161754 
2.53018 -0.56585 1.68341 -1.00548 1.18797 -1.45251 -0.611867 -0.928536 -0.639865 0.0279459 0.0647826 0.184826 
2.53668 -0.298971 2.52473 -1.31736 1.37738 -0.734327 -0.096649 -0.923811 -1.25233 -0.126373 -0.172065 0.0921664 
2.75603 -0.123703 1.80512 -0.781743 1.12992 -0.67223 -0.352152 -1.95263 -0.528213 -0.559824 0.00870808 0.261127 
2.79549 -0.337535 2.41426 -1.16299 1.14812 -1.20492 0.51399 -0.574183 -1.04438 0.0528291 -0.19558 0.174346 
2.70265 -0.517081 2.58299 -1.36375 1.05201 -0.723265 -0.381821 -1.00804 -1.17626 -0.0201829 0.0223944 0.147492 
2.67763 -0.541558 2.25153 -1.51823 0.40922 -1.29285 -0.613177 -0.422625 -0.720551 -0.0830932 -0.0950109 0.0837785 
2.95532 -0.41467 1.79484 -2.50504 1.30216 -0.762502 -0.775082 -0.845228 -0.719406 -0.391414 -0.220985 0.189936 
2.64566 -0.14952 2.71292 -1.18339 1.37851 -1.28391 -0.355751 -0.56393 -1.23077 -0.0482348 -0.136308 0.103027 
2.57127 -0.334469 2.27866 -1.96971 1.62273 -0.797328 -0.821303 -0.992202 -0.612241 -0.224455 -0.23751 0.20987 
2.69865 -0.674721 1.97609 -0.809233 1.38925 -0.969084 -0.32289 -0.69103 -0.879559 0.135335 -0.0558322 0.0523099 
2.67263 -0.451952 1.59268 -1.94326 1.46111 -0.501284 -0.378942 -0.608578 -0.301078 0.172042 -0.155426 0.148937 
2.53324 -0.310104 1.89464 -2.20377 1.56422 -0.75142 -0.803868 -0.086474 -0.792208 -0.513025 0.0286643 0.0973269 
3.08924 -0.576636 2.45023 -0.767629 1.0848 -1.10241 -0.42428 -0.193151 -0.716932 0.0287141 -0.105623 0.115712 
2.95825 -0.522818 2.51516 -0.470637 0.845681 -0.512132 -0.711504 -0.570095 -1.04209 0.0788183 0.00535988 0.0444271 
2.83245 -0.235178 2.60293 -2.09114 2.07061 -0.675781 -0.659269 -0.134331 -0.90552 -0.704163 -0.0934483 0.27708 
2.19129 -0.579813 1.84333 -1.45439 1.21224 -0.796467 0.514518 -0.405225 -0.774129 -0.14998 0.0621653 0.181963 
2.91593 -0.484954 1.76249 -1.75895 1.21777 -1.1878 -0.862149 -0.329327 -0.805928 -0.168282 -0.259829 0.0772103 
2.85503 -0.42767 2.49741 -0.926196 1.2577 -0.280208 -0.954594 -0.835485 -0.609224 -0.0440261 -0.039033 0.0855366 
2.67008 -0.350042 2.14702 -1.07139 1.32398 -0.995107 0.0426074 -0.641891 -1.46013 -0.40302 -0.00757695 0.162384 
2.62521 -0.0897751 2.34434 -0.828357 2.32981 -0.656822 -0.320507 -0.745296 -0.557664 -0.529881 -0.269702 0.0905675 
3.2302 0.131847 2.61846 -0.344304 2.00913 -0.230637 -0.128083 -0.0409801 0.243659 -0.0552582 -0.136307 0.0482495 
3.57365 1.37044 4.25391 1.8319 3.23558 1.43116 0.211324 0.426345 -0.623099 -0.360268 0.0963515 -0.0715918 
3.69283 2.51752 4.3716 2.70082 2.92532 1.62212 0.353217 -0.128543 -0.662355 -0.463204 -0.0139472 -0.0972329 
4.00216 2.78531 4.50316 3.0171 2.61674 1.32518 0.502266 -0.331067 -0.7174 0.0597439 -0.154838 -0.131506 
4.06569 2.70958 5.25948 2.62753 2.75388 1.3256 1.10662 0.181835 -0.0815487 -0.448898 -0.130585 -0.0562629 
4.124 2.69805 4.90231 2.18991 2.93647 0.78426 0.203186 0.235817 0.302122 0.139726 -0.0991048 -0.0269154 
3.63746 1.98692 3.93612 1.87337 2.27304 1.07887 0.372746 0.557381 -0.166513 -0.41551 0.122591 0.00638153 
3.4926 1.64768 3.34493 1.91536 2.60574 0.345922 -0.10475 0.197918 -0.294058 -0.326264 0.0148407 -0.0332276 
3.72042 1.65868 4.18034 1.15189 3.15506 0.260816 0.736965 0.0386168 -0.175569 -0.0237735 -0.168571 0.0299673 
3.72349 1.39064 4.26168 1.52328 3.59867 1.45304 0.713295 -0.222515 0.177391 0.147496 -0.0178153 0.0678857 
4.18727 1.1862 2.05723 0.273923 4.3001 2.6912 2.45989 1.13896 -0.571469 -0.189294 -0.0494857 0.127001 
4.23441 1.29144 0.798403 0.621915 3.29322 3.42725 2.53016 1.07814 -0.575777 -0.202621 0.0170601 0.10103 
4.12192 0.735687 0.119797 -0.189019 3.82303 3.9209 3.12177 0.476848 -1.25794 0.133874 0.0779163 0.123682 
4.16361 0.226379 -0.0995973 -1.37859 3.26052 3.24822 3.28127 0.262577 -1.19307 -0.171744 -0.0861747 0.131891 
4.3277 0.764406 1.05701 -0.660001 3.27824 3.28985 3.54595 0.921 -1.23969 0.0629893 -0.071756 0.0846524 
4.0413 0.348963 1.3254 -0.344763 3.17493 2.98095 3.47141 0.265974 -0.474599 0.295516 -0.0804276 0.165925 
3.75364 0.380421 2.20281 -0.618906 3.26781 1.14058 2.29428 0.95402 -0.202008 -0.0515039 -0.320315 0.155659 
4.08294 0.785811 2.75666 -1.09051 2.33933 0.807934 1.60145 1.10203 -0.33463 -0.605087 -0.0719791 0.230529 
3.7842 0.325771 3.73381 -0.624106 1.77945 0.501591 1.52186 -0.00108282 -1.18634 -0.288563 0.0802485 0.248786 
3.55492 0.49805 3.70428 -0.501077 2.23062 0.456833 0.957646 0.587096 -0.595931 -0.169809 0.125212 0.16133 
3.03591 -0.451736 2.5235 -0.00675781 2.53901 1.34284 1.82475 0.924669 0.0158398 -0.0248578 -0.0361066 0.118333 
3.49998 -0.0746931 3.19337 -0.459865 2.04824 0.504561 -0.507258 -0.127018 0.0688636 -0.316108 0.0080518 0.170485 
3.1237 0.594242 3.96581 -0.684987 2.67832 0.479892 0.303369 -0.0101999 -0.269551 0.613326 0.159441 0.148144 
3.0521 0.322896 3.05043 -0.1571 2.17275 -0.466748 0.586825 -0.431187 -0.738896 0.478416 -0.0334488 0.0937525 
3.24121 0.0290686 3.72802 -0.00793835 2.29039 -0.368563 0.559899 0.308796 -0.0993518 0.393371 -0.0601077 0.155889 
2.9999 0.327851 3.15207 0.147344 2.28025 -0.21168 0.849849 -0.298122 -0.170373 0.530982 0.127364 0.170405 
3.335 0.197536 3.39298 0.0333832 2.85861 -0.111271 -0.250222 0.23364 -0.131571 0.537253 0.2742 0.144475 
3.0137 -0.0520099 3.44101 -0.575565 1.98874 -0.167791 -0.204686 -0.544285 -0.532355 0.14369 0.0618367 0.1776 
2.92044 -0.330118 2.66257 -1.53487 1.00835 -1.04341 -0.00725908 0.00965019 -0.756569 -0.0193717 -0.189465 0.172177 
2.57037 -0.0336198 1.9626 -1.05126 1.11087 -0.343482 -0.0134069 -1.05695 -0.657001 0.0377916 -0.0958912 0.151726 
2.67902 -0.709947 2.00167 -0.938683 1.28997 -0.754542 -0.363971 -0.999638 -0.766437 0.088887 -0.0222923 0.182569 
2.5446 -0.136258 1.9174 -1.71413 1.56409 -1.18685 -0.294005 -0.927979 -1.00386 -0.0701742 0.0159185 0.180697 
2.67307 -0.173844 1.87413 -1.42023 1.03759 -1.01722 -0.215761 -0.936931 -0.860325 -0.494544 -0.138157 0.223842 
2.83478 -0.470365 2.47974 -1.40523 1.31715 -0.592481 -0.126224 -0.696277 -1.04326 -0.168354 -0.0833891 0.187023 
2.70754 -0.411018 2.01209 -2.41551 1.43975 -0.467795 -0.81094 -0.307428 -0.551665 -0.438597 -0.0465354 0.18258 
2.91959 -0.395799 3.14786 -0.905297 1.31948 -0.45366 -0.523514 -0.181528 -1.02249 -0.333217 0.0492383 0.079519 
2.7677 -0.573583 2.18418 -2.05945 1.65777 -0.229241 -0.886966 -0.750403 -0.469153 0.223968 -0.0929153 0.108111 
2.60964 -0.202327 2.23521 -1.53575 0.923831 -0.868885 -0.24217 -0.924221 -0.961562 -0.386559 -0.0529256 0.170275 
2.53169 0.00495802 2.88231 -1.45334 0.554915 -0.663687 -0.0582305 -0.659017 -0.989417 -0.225026 0.0650292 0.153679 
