2.66872 -0.00961947 3.07605 0.170005 1.69694 0.0857524 -0.0687128 -1.21625 -0.246025 0.359745 0.293246 0.213231 
2.9533 -0.194202 3.30905 -0.60947 1.12444 -0.0941225 0.661391 -0.125848 -0.795483 0.0637031 0.126747 0.198097 
3.29127 -0.322763 2.35103 -0.331788 2.02311 -0.508587 0.159928 -0.0458989 -0.581451 0.401297 -0.0623226 0.128298 
3.01296 -0.0700063 2.69906 -0.820209 2.13662 -0.33431 -0.425427 -0.0662405 -0.586986 0.388356 0.020232 0.122589 
2.70296 -0.376674 2.55241 -1.19057 2.07838 0.375267 -0.504399 -0.198326 -0.543496 0.645231 0.0643154 0.0909895 
2.79771 -0.180206 2.94997 -1.20288 1.24624 -0.195156 0.481218 0.178856 -0.395236 -0.112202 0.0172258 0.254711 
2.69846 0.174457 2.63072 -1.13537 1.78978 -0.387709 -0.336849 0.198489 -0.425717 0.147011 -0.0261482 0.150359 
2.67719 0.395037 2.90448 -0.876365 1.65715 -0.0209012 0.453578 -0.167861 -0.736784 -0.171532 0.264677 0.226886 
2.94499 -0.101679 2.32058 -0.832544 2.16068 -0.393047 -0.268484 -0.443877 -0.0531657 -0.0555726 -0.0516429 0.286086 
2.86427 0.0305642 3.09287 -0.889466 2.21733 -0.129556 -0.319069 -0.632048 -0.283129 0.413999 -0.10825 0.18474 
2.68609 0.126156 2.26189 -0.457274 1.74986 -0.439689 0.278351 -0.41494 -0.578793 0.194431 -0.00394525 0.196041 
3.05736 0.127624 2.70851 -0.367566 1.58507 -0.968093 0.62988 0.446235 -0.142162 -0.104786 -0.0354561 0.247565 
3.14857 0.451162 4.18823 0.621639 2.84206 0.41169 0.395589 -0.0888913 -0.434746 0.331459 0.0876746 0.0850249 
3.47973 2.00958 4.07591 2.67547 2.66329 0.971569 0.995449 0.173739 -0.386485 -0.0475684 -0.0619138 -0.0771062 
3.59802 2.37336 4.37446 2.70144 3.72541 1.06702 0.451272 0.558198 0.478336 0.154619 -0.131785 -0.0604627 
4.38905 1.84613 5.23143 2.69135 3.67422 0.662743 1.71931 -0.134808 -0.225502 0.267049 -0.311321 0.00149901 
4.01657 2.59491 4.20867 3.15045 3.02352 1.77327 1.07191 -0.275108 -0.216263 -0.0640127 -0.0544473 -0.0668585 
3.63692 2.43031 4.85302 3.32001 3.10316 1.62173 1.01471 0.696237 0.211738 -0.0163871 0.0505971 -0.0231254 
4.15028 1.46596 5.08143 1.66307 2.63416 0.894011 1.51793 0.2852 -0.101334 0.110224 -0.139539 0.0568483 
4.26209 1.20557 3.65156 1.21464 2.55283 0.960394 1.18437 0.158963 0.330922 0.194712 -0.214344 0.00781429 
3.41322 1.65952 4.31211 1.87436 3.31084 0.498888 0.666063 0.962684 0.234696 0.385851 -0.0671567 -0.0104895 
4.07908 1.57517 2.56495 1.01157 3.37438 2.32371 2.01197 1.06949 0.289196 0.184801 0.0241989 0.0629206 
4.89685 1.17294 2.11116 -1.4932 3.00453 3.43273 2.32241 1.65654 -0.577108 -0.0325142 0.0862792 0.00683501 
4.72431 0.946718 0.825109 -0.138546 2.76776 2.94003 3.80602 0.842008 -0.816446 0.224363 0.0320431 0.081546 
4.34626 0.417111 1.67926 -1.0571 3.2259 3.33619 2.05516 1.0459 -0.6289 -0.147622 0.0767134 0.0688564 
4.02693 0.731133 1.33654 -0.56008 3.1719 1.9145 3.13045 1.12055 -1.0939 0.202946 -0.0476912 0.107208 
3.88049 1.01952 2.4747 -0.364528 3.34785 2.25707 1.91409 1.14694 -0.36015 -0.121358 0.221319 0.195277 
3.61557 0.922334 2.43394 0.719812 2.54677 2.68732 3.00538 0.775063 0.135548 0.0519677 0.0563577 0.168229 
3.53896 0.628591 3.15635 -0.613162 2.93979 1.63923 2.00073 1.54774 -0.0716231 -0.22473 -0.0670631 0.141395 
3.64439 0.753159 2.84953 -0.434643 2.83812 0.851933 2.16047 1.41068 -0.0930255 -0.0938962 -0.0189475 0.197031 
3.44406 0.404709 3.02836 -0.334353 2.96952 0.738017 0.885945 0.781943 0.112654 0.197406 0.0434617 0.161358 
3.43665 0.234558 3.48011 -0.216427 2.7965 0.146137 0.00750246 0.310268 -0.132834 0.461829 0.00573081 0.106222 
3.40652 0.632472 3.64678 0.492944 2.5183 -0.105116 1.33549 0.292623 -0.25754 0.725785 0.198749 0.192788 
3.39274 0.728153 3.18989 -0.180368 2.75629 0.40084 1.00773 0.430385 0.37841 0.594124 0.0205212 0.163073 
3.41161 0.406151 3.46726 0.261188 2.52794 1.06005 1.16861 0.840898 0.268312 0.49793 0.278988 0.167578 
3.38324 0.468281 3.60157 -0.968329 2.47353 0.791219 0.606171 0.277202 -0.685703 0.395453 0.230445 0.153101 
3.13216 0.0537322 2.90414 -0.908086 1.9961 0.0176726 -0.347476 -0.575292 -0.194606 0.153879 0.145067 0.261118 
3.07014 0.293409 3.16165 -0.588008 1.39304 -0.0712991 0.134251 -0.0245603 -0.406721 0.221748 0.0704465 0.12598 
3.30864 -0.176218 3.11581 -1.05515 1.71933 -0.514687 0.204883 0.378308 -0.4721 -0.0931712 0.0924461 0.298422 
2.78163 -0.171469 2.10814 -0.722859 2.41231 -0.174788 0.122338 0.214038 0.146548 0.111166 0.219064 0.268438 
3.13328 -0.16771 2.61145 -0.963294 1.23287 -0.552419 -0.167805 0.304589 -0.251746 0.25764 -0.16626 0.102541 
2.70686 -0.143166 3.16457 -0.970172 2.10561 -0.328166 -0.568515 -0.312448 -0.520806 0.244896 0.334078 0.251628 
2.85565 0.205905 3.33464 -0.13217 2.02946 -0.289459 -0.31449 -0.506064 0.0357021 -0.0737287 0.0322299 0.234324 
3.11765 -0.589762 3.10295 -0.714744 2.4705 0.226328 0.31974 0.157028 0.211132 0.311021 -0.289958 0.222524 
2.83429 -0.319107 2.52274 -1.19117 1.99414 0.255185 0.0583884 0.285564 -0.389248 -0.0406516 0.0487851 0.202927 
2.99428 -0.153551 3.09292 -0.61599 1.91101 -0.500973 0.369465 -0.705643 -0.748197 0.821309 0.126661 0.21341 
3.29038 0.25539 2.57537 -0.740543 1.29688 -0.0878219 -0.119682 0.214431 -0.26472 -0.106152 0.0378119 0.139383 
2.69687 0.0859805 2.92409 -0.483217 1.23212 -0.138304 1.35789 -0.310886 -0.643688 -0.141909 0.134978 0.26469 
2.88275 -0.0655376 3.12529 -1.22083 1.60335 -0.304701 -0.0108567 -0.288776 -0.274724 0.175391 -0.162567 0.22933 
2.73168 0.0551954 2.06723 -0.557375 1.31776 0.0605127 -0.215924 -0.305746 -0.116962 0.486265 0.0817517 0.133996 
2.68483 -0.321321 2.76359 -0.469464 1.77311 -0.615299 -0.130001 -0.306608 0.217654 0.254686 -0.205724 0.244257 
3.00937 -0.0869478 3.77112 -0.410378 2.15541 -0.700138 0.292056 -0.471368 -0.769919 0.196747 0.168623 0.334227 
3.04494 -0.0640132 2.64857 -0.773119 1.47002 -0.145782 -0.978197 -0.219583 0.00656324 -0.102059 0.0680396 0.201085 
2.82015 -0.320021 2.77164 0.268258 1.82859 -0.0610349 -0.12063 -0.730128 -0.647921 0.722088 0.22918 0.0925985 
2.53883 -0.0128805 2.91101 -0.464332 2.19316 0.323044 -0.0855339 0.155366 -0.367448 0.0352002 0.0758449 0.134027 
2.60848 0.172117 2.47458 -0.446591 2.0565 -0.234974 0.679424 -0.87424 -0.403248 -0.160617 0.0406692 0.306925 
2.97822 0.4764 2.54643 -1.20686 1.45808 -0.193389 0.370997 0.200403 -0.226009 -0.238066 0.0971777 0.226155 
2.75419 -0.117457 2.60372 -1.36051 1.64054 -0.169135 -0.460263 0.13598 -0.372292 -0.130922 0.196324 0.247959 
3.2177 -0.064585 2.64435 -0.411589 1.51389 -0.538276 0.241744 -0.306113 -0.366661 -0.176022 -0.0639878 0.258904 
2.96332 -0.126133 2.17822 -0.0381157 2.13581 -0.0428025 0.343577 -0.610308 0.174263 0.167863 -0.128115 0.20891 
