3.00724 -0.029855 3.07895 -0.801596 1.61465 -0.339747 0.806044 0.329253 -0.505234 0.498265 0.119654 0.180221 
2.81525 0.0847061 2.20645 -0.23084 2.31696 -0.718687 -0.122318 -0.358581 0.140494 0.188316 -0.149376 0.211022 
2.75362 0.085533 3.11862 -0.552519 2.12885 0.211299 0.740559 -0.252621 -0.764776 -0.154734 0.11691 0.244714 
2.86424 0.142338 2.34453 -0.713718 2.31423 -0.0307874 0.420497 0.415653 0.0552298 0.540781 0.0536454 0.138141 
2.74478 0.160361 2.45189 -0.645076 1.6044 -0.471709 0.161756 -0.0144524 -0.968203 0.213191 -0.0117733 0.134501 
2.54019 0.0502519 2.76093 0.0370565 2.76288 0.369038 -0.250896 0.165622 0.122092 0.305226 0.0428722 0.0991894 
2.8129 -0.391279 2.84703 -0.223797 1.59351 -0.189123 0.351295 0.150888 -0.156672 0.429617 -0.0843933 0.124496 
2.99581 -0.0969549 2.07805 -0.729371 2.11506 -0.0499315 -0.452943 -0.908577 -0.216883 0.312788 -0.0976141 0.187586 
2.96257 0.0846457 3.82551 -1.0459 0.697916 0.0242885 0.57999 0.249797 -0.842191 0.0624164 0.138965 0.121121 
2.69794 0.0491076 3.29047 -0.516012 1.87675 0.270222 -0.430776 0.213536 -0.617823 0.091465 0.372311 0.116868 
2.63222 -0.0460251 2.65347 -0.364166 2.04223 -0.708961 0.08263 0.0776062 -0.721959 -0.471322 0.115462 0.288128 
2.84599 0.0522117 2.95102 -0.520915 1.5636 -0.269515 1.0028 -0.00834171 -1.22966 0.154356 0.20416 0.182862 
2.75209 0.114477 3.0787 -0.47092 1.11402 -0.631552 0.430557 -0.200745 -0.411804 0.591758 0.0445688 0.154588 
2.85734 -0.0168835 2.59912 -0.593754 1.95664 -0.544551 -0.00533209 -0.227729 -0.203694 -0.0291608 -0.174155 0.227617 
3.09117 0.0903077 2.42134 0.36084 1.77024 0.387074 0.632909 -0.974035 -0.294376 0.0866596 0.219311 0.240803 
3.51343 2.1753 4.69007 2.06324 2.17078 0.761441 0.22308 0.0290889 -0.736695 -0.42117 0.0308802 -0.067379 
3.88164 2.76886 4.58329 2.17369 2.54071 0.0988701 0.0354256 -0.19406 -0.90135 -0.500691 -0.171199 -0.0996673 
4.50248 3.09989 5.13197 1.38018 2.75408 0.278698 -0.30716 -0.820927 -0.951996 -0.210273 -0.255757 -0.0747234 
4.14368 2.74442 4.84877 2.46555 2.50053 1.18324 0.746606 0.511719 -0.458359 -0.354953 -0.0891119 -0.0989507 
4.7037 3.24949 4.67473 2.28542 1.7866 0.0693344 -1.01806 -0.0322483 -0.3788 0.104687 -0.0055179 -0.028901 
4.43969 2.2364 4.29211 0.859598 1.59132 -0.401811 -0.631692 0.304736 0.199267 0.609079 0.267968 0.113285 
3.9577 2.02465 4.06231 0.955844 2.44157 0.298985 0.305212 0.0679326 0.0214262 0.183782 -0.0223086 0.0373322 
4.27566 1.73865 4.85426 0.719137 1.95789 -0.692057 -0.276824 -0.0237953 0.150198 0.640219 -0.0932035 0.0677594 
4.39654 1.50359 2.42121 -0.466066 1.36463 1.90535 1.41311 1.2287 0.551665 -0.161903 -0.0840627 -0.00338572 
4.61541 1.50649 0.759602 -1.71564 1.32066 2.84894 2.59433 2.13959 0.196276 0.152302 -0.134608 -0.113976 
4.57596 1.50434 0.186049 -1.074 2.47592 3.40967 2.54715 1.38326 0.209265 0.0551651 -0.105065 -0.0475381 
4.47525 1.41119 0.132066 -1.6841 2.72653 3.46666 3.01138 1.01619 -0.18655 0.194016 -0.0498805 0.0226738 
4.57334 0.781396 0.963399 -2.00179 3.2739 3.5683 2.80046 0.566881 -0.423944 0.208652 -0.0364072 0.102955 
4.1833 0.444576 1.917 -1.2109 3.22339 2.82799 1.9637 0.650814 -0.111628 0.5241 0.01825 0.0556239 
4.30651 0.0460862 2.58066 -0.252675 3.42625 2.06628 2.3496 0.968324 -0.170484 0.570594 -0.108866 0.104619 
3.83676 0.68203 2.68232 0.264367 3.19072 2.27929 1.98082 0.4758 -0.000807831 0.188253 0.159908 0.206428 
3.36559 0.780611 2.96894 0.306295 2.19337 0.558001 1.77299 0.988513 -0.244378 -0.186291 0.0481925 0.141285 
3.36097 0.483744 2.66683 -0.311574 2.03205 0.309916 1.37256 1.12578 -0.283828 -0.0273113 0.0794073 0.138034 
3.26009 0.355938 2.74304 -0.693126 2.46483 -0.0602365 0.339441 0.737423 -0.414978 -0.127215 0.0867045 0.175908 
2.93167 0.428188 3.98481 0.375673 2.2574 0.320262 0.232541 0.0609 -0.0974218 0.576123 0.342497 0.137208 
3.165 0.156697 4.07182 -0.435615 1.99413 0.0279963 0.566615 0.286661 -0.429008 0.736613 0.209728 0.153627 
2.86186 0.57382 3.58666 -0.216772 2.20321 -0.0384135 0.758592 1.00625 -0.19867 0.211088 0.20996 0.13582 
3.13341 0.691462 3.61141 -0.395044 1.31741 -0.0684392 0.626746 -0.255641 -0.977828 0.190468 0.344919 0.174906 
3.03098 -0.0333165 3.59778 -0.272756 1.41445 -0.37568 0.591736 0.0435017 -0.757998 -0.0911752 -0.00131378 0.187467 
3.06167 0.180924 2.90949 -0.240761 2.16009 -0.337057 0.313491 0.723761 -0.727266 -0.435199 0.118524 0.190522 
2.93058 0.112501 2.30481 -0.532299 1.90359 -0.202022 -0.403708 -0.113742 -0.491318 0.174786 0.0415955 0.130631 
2.94187 0.136594 3.5744 -0.0882925 2.13167 -0.0268261 0.0779348 0.0500806 -0.445873 0.0978557 0.49982 0.243919 
3.06285 -0.0995786 3.39068 -1.17749 1.93223 -0.0880985 -0.573259 0.435524 -0.491179 -0.244252 0.157041 0.202517 
3.02886 -0.125274 3.07219 -0.372471 1.31231 -0.30634 0.11289 -0.171975 -0.163058 -0.144829 -0.152251 0.211066 
2.66956 -0.0338493 2.41286 -0.907679 2.07616 -0.282311 -0.148812 -0.296053 -0.530193 -0.184887 0.130887 0.284544 
2.83568 -0.00966165 3.18182 -0.867658 1.15757 -0.376494 -0.260966 0.500778 -0.224866 -0.164892 0.12528 0.192989 
2.73371 0.0764703 2.96109 -0.587312 1.88832 -0.205126 0.35012 -0.184966 -0.456282 0.0993393 0.0534934 0.215136 
2.78251 -0.0861478 3.11564 -0.425074 1.56375 -0.796191 -0.172745 -0.121729 -0.194379 0.313079 0.0239144 0.212257 
2.80577 -0.000414943 2.35829 -0.878219 2.06601 0.0785291 -0.575602 0.0832673 0.138013 -0.25428 -0.0762107 0.19282 
2.54761 -0.132453 3.07972 -0.67856 2.03361 -0.49184 0.179848 -0.198014 -0.927616 0.438641 0.0933652 0.180393 
2.66304 0.650329 2.96656 -0.611721 1.84155 -0.517647 0.138688 -0.218815 -0.135035 -0.188783 0.0205799 0.223882 
2.84582 0.0332113 2.69133 -0.400141 2.64208 0.0760924 0.781024 0.197529 -0.33627 0.151106 -0.00701003 0.206864 
2.69266 0.500666 2.79727 -0.199735 1.96834 -0.542725 0.684346 -0.694472 -0.265725 0.15305 0.0758648 0.249049 
2.76126 -0.25798 2.82846 -0.558443 1.92712 -0.286035 -0.457559 -0.369407 -0.396799 0.0260417 -0.0224006 0.215338 
2.69889 -0.166914 3.15172 -0.688645 1.74918 -0.165379 0.42915 0.598512 -0.652749 -0.117595 0.209589 0.201739 
2.74212 -0.0180495 2.73353 -0.978224 1.82189 -0.247576 -0.070388 0.0533491 -0.731601 0.123254 0.168622 0.193518 
3.11409 -0.089445 2.41367 0.0932084 1.73853 -0.455499 0.23027 -0.0370749 0.0309693 -0.0887679 -0.00440187 0.234444 
3.01955 0.191696 3.08244 -0.595816 1.83516 -0.540752 0.316937 0.100912 -0.501214 0.0435967 -0.0248763 0.198357 
2.84215 -0.197162 3.34396 -0.885202 1.67789 0.137949 -0.00516595 -0.597688 -0.679077 0.319232 0.0519189 0.192988 
2.92465 -0.0788632 2.96209 -0.579464 1.29411 -0.138449 -0.227458 0.592008 -0.1724 -0.488616 0.088761 0.204367 
