3.08059 -0.3914 3.38409 -0.572972 1.67849 -0.142467 0.0192137 0.310699 -0.821541 -0.22918 0.150584 0.175811 
2.67826 -0.541464 2.54287 -0.406486 1.92888 -0.607166 -0.478962 0.115751 -0.1801 -0.0917933 0.0701644 0.240458 
2.61101 -0.262014 2.55971 -0.642216 2.03541 -0.538968 0.105227 -1.2049 -0.665564 0.626697 0.0319104 0.240431 
2.70051 -0.127251 3.26346 -0.451302 2.04689 -0.332324 0.184098 -0.512358 -0.513272 -0.154635 -0.00676633 0.261225 
2.96367 -0.128207 2.68462 -1.22074 1.11869 -0.780082 -0.24512 0.168212 -0.35163 0.00485216 -0.0816474 0.192077 
2.82206 -0.0503764 3.1022 -0.921906 1.83071 -0.321141 -0.317254 -0.208416 -0.510723 -0.258403 0.0801103 0.239807 
3.08308 -0.535434 2.61998 -0.914311 1.47991 -0.793998 0.129208 0.346074 -0.367876 0.135545 -0.161598 0.186588 
2.72777 0.0656178 2.85396 -1.50263 1.79927 0.250381 0.54229 -0.524484 -0.474344 -0.0916479 -0.0218001 0.279415 
2.92808 -0.290804 2.71252 -1.42609 1.9869 -0.212101 -0.789143 -0.122081 -0.310049 0.0665597 -0.0878536 0.175475 
3.01651 0.123174 2.4663 -0.897236 1.77407 -0.659091 0.517451 -0.195844 -0.512303 0.125902 -0.217266 0.170035 
2.81847 0.027436 3.28165 -0.70329 1.59949 -0.571012 -0.126777 -0.116588 -0.394795 -0.120965 0.0369669 0.21616 
3.08905 -0.0711146 2.76746 -0.661007 1.25421 -0.950862 0.236709 0.0979324 -0.588734 0.186947 -0.11143 0.139018 
2.7925 -0.330419 2.06209 -0.527172 0.777914 -1.20332 0.792619 0.387748 -0.350264 0.448386 -0.18213 0.125365 
2.91613 0.429049 2.90836 -1.10776 1.18485 -0.29972 0.772534 -0.322236 -0.920397 0.175435 0.0950564 0.165781 
2.79097 -0.274104 2.83806 -0.826732 1.72583 -0.155293 -0.369249 -0.456701 -0.758706 -0.0098135 0.195908 0.223921 
2.83489 -0.155201 2.94972 -0.6021 2.22424 -0.444547 0.128328 -0.410267 -0.711912 0.213544 -0.0119787 0.196898 
2.76324 0.388181 3.6217 -0.475693 2.19837 -0.84207 0.616199 -0.123992 -0.549304 0.309228 0.0396741 0.220963 
3.25067 0.275365 3.94745 0.44144 3.02426 0.667408 1.0487 0.87518 0.0343467 0.221994 0.314673 0.223809 
3.54435 0.821478 4.12173 0.671037 3.19115 0.486349 0.609296 0.700345 0.490946 0.480926 0.0971512 0.168924 
3.79552 1.21045 4.18024 1.40516 3.45073 0.855846 0.739111 0.0415066 0.150843 0.121087 0.173084 0.204729 
3.65622 1.36063 5.08934 1.18467 3.37691 1.23502 1.58934 1.04012 0.334226 0.0642675 0.0715215 0.18964 
3.25523 1.68089 3.49226 2.01228 3.84073 1.69566 1.51489 1.50858 0.997187 0.680973 -0.00563474 0.0518618 
3.45024 1.95692 3.25574 2.24495 2.77125 0.99352 0.420547 1.22521 0.598712 0.136965 0.2169 0.0674608 
3.02301 2.00574 3.24284 1.67784 2.70347 0.659381 0.974171 0.388714 0.266995 0.360279 0.340768 0.107553 
3.03138 1.68909 3.20329 1.1999 2.7946 0.915559 1.64818 0.848204 0.00841629 0.454454 0.324445 0.113483 
3.21463 0.734484 3.32452 1.558 2.83055 1.2266 1.53204 1.20598 1.28126 0.0778964 0.0119889 0.168872 
4.22751 1.18376 3.72877 0.310918 3.0474 1.33492 1.7012 1.35597 0.603911 0.558009 -0.271235 -0.0367474 
5.23404 1.97727 4.20347 0.284529 1.50264 0.252332 0.651024 1.13733 1.11468 0.793358 -0.0951334 -0.0856838 
5.51522 3.00115 3.07233 -0.591037 0.831715 0.137596 1.46092 1.18151 0.395492 0.398394 -0.146927 -0.115226 
5.00856 3.81088 2.82403 -0.233233 -0.280032 0.352357 0.857541 0.422271 0.233715 0.248195 -0.106846 -0.0705605 
4.94563 3.70458 2.86692 0.227069 -0.0497951 -0.0184686 0.346676 0.305109 -0.126332 0.460402 0.0423687 0.00237844 
5.44419 3.29419 3.35782 -0.407049 0.0364572 -0.685041 0.76542 0.766121 0.0754364 0.74517 0.204532 0.0569452 
5.96068 2.70835 3.61443 -1.25634 0.0525257 -0.551135 1.16197 1.04486 0.162046 0.735116 0.051171 -0.0129877 
5.19755 3.29396 4.18563 -0.56782 0.248146 -0.952421 0.352836 0.649995 0.766024 0.694143 0.127411 0.0494359 
4.75274 2.83961 3.84675 -0.252818 0.367298 -0.300228 0.453249 -0.209362 0.621598 0.755979 0.00485263 0.0275517 
4.47713 2.54934 3.84066 0.950967 1.16627 -0.384476 0.166485 0.725255 0.895149 0.672943 0.108151 0.0371485 
4.28397 2.5899 4.24602 1.14125 1.69869 0.612378 0.183064 0.658505 0.785635 0.579687 0.00834728 -0.0196675 
4.20754 2.23607 3.23055 0.426669 1.91698 0.523555 0.334379 1.53037 0.664553 0.077805 0.129712 0.0168732 
4.21039 1.52986 3.1507 -0.440378 0.0628431 0.471102 0.979673 1.34085 0.950657 -0.195156 -0.144184 -0.0545191 
4.17495 1.42252 3.20245 1.19532 1.61125 0.450451 1.12929 0.349382 0.18056 0.165886 -0.0440114 0.0115588 
4.14983 1.64161 3.22226 -0.291172 1.38124 0.444085 2.19789 1.17444 0.921828 0.411835 -0.402749 -0.0847979 
4.16183 0.413229 4.18391 -0.825818 1.72067 0.440705 1.20585 2.26684 0.607229 0.179187 -0.12301 0.0423607 
3.93652 0.446346 4.23091 -0.512566 1.70517 0.619133 1.76547 2.32875 0.290604 0.165082 -0.118178 -0.00467749 
3.60864 0.771186 3.87235 -0.894226 2.03777 0.3555 0.40925 0.491425 -0.113207 0.487548 0.0210957 0.0660485 
3.37463 0.58927 3.05372 0.653707 1.87759 -0.0586158 1.87009 0.278217 0.19133 0.473121 -0.119346 0.0945115 
3.25905 0.341425 3.07449 -0.661458 2.27514 0.526661 1.59223 1.31646 0.266507 0.339243 -0.159961 0.0671942 
3.12003 -0.0206669 4.11067 -0.779042 1.85007 -0.0081205 0.247728 0.22487 -0.343987 0.468189 0.297102 0.20039 
3.43052 0.425947 3.7203 -0.159177 3.08037 -0.448857 -0.340479 0.229044 -0.546945 0.354367 0.321818 0.215245 
3.35133 0.455234 3.11934 -0.100365 2.41807 -0.182158 0.137474 -0.0464953 -0.48291 0.143516 0.186846 0.172527 
3.15613 0.380942 3.38038 0.739281 1.94318 -0.618639 0.243719 -0.236242 -0.257516 0.338101 0.313109 0.188584 
3.04104 -0.454531 2.58171 -0.997617 1.39724 -0.101168 0.204811 0.029779 -0.567461 0.430629 0.337765 0.198046 
3.21924 0.206086 2.90047 -0.54082 2.1303 -0.186237 -0.798589 -0.322214 0.183289 -0.37971 0.125456 0.266613 
3.14199 -0.183308 3.3261 0.0806238 2.26731 -0.600297 0.216015 -0.71296 -0.683088 0.244539 0.0931408 0.256866 
2.80353 -0.411392 2.72422 -0.255156 0.968164 -0.500246 0.836773 -0.432014 -0.338712 -0.0328223 -0.0555478 0.262006 
2.9547 -0.458106 2.78416 -0.492873 2.77521 -0.0603367 -0.0465232 0.450807 -0.607358 -0.0386928 -0.0528341 0.136949 
2.72369 -0.402291 2.76108 0.000384719 2.11646 -0.742912 -0.000293563 -0.356511 -0.660085 0.112511 0.0362417 0.213355 
3.11952 -0.471766 3.60042 -0.260153 1.26331 -0.246524 0.290538 -0.140472 -0.875118 0.0907145 0.148587 0.154554 
3.15423 0.519928 3.18412 -1.41071 1.75486 -0.56067 1.07247 0.338839 -0.623464 -0.30365 -0.127943 0.233467 
2.98791 0.534918 3.0227 -0.889522 2.04782 0.0474224 0.469666 0.0343512 -0.298718 -0.229178 -0.121402 0.133248 
2.9488 -0.247416 2.99296 -0.416732 1.99392 -0.373205 0.70628 -0.441593 -0.721866 0.19575 -0.211403 0.193039 
