2.74782 -0.205587 2.49441 -1.2378 1.89923 -0.237852 0.163708 0.491755 -0.364806 0.0612831 -0.192711 0.128952 
2.64929 -0.199457 2.82218 -0.5828 0.563263 -0.931189 1.05511 -0.397207 -0.249989 -0.065707 -0.195351 0.276964 
2.47796 0.00384094 2.44134 -1.21973 1.82832 -0.662044 -0.43291 -0.234938 -0.356604 0.0414822 -0.0392306 0.246175 
2.90076 -0.219929 2.21442 -0.682859 2.28786 -0.517129 -0.416731 -0.414872 -0.0782339 0.0304825 0.111738 0.282847 
2.74177 -0.120652 2.4704 -0.955497 1.58107 -0.0539028 -0.119743 0.99806 -0.557758 -0.0569171 0.223183 0.0884096 
2.8525 -0.237031 3.14593 -1.07435 1.71299 -0.614001 -0.202811 -0.400732 -0.943591 0.280295 0.174363 0.233717 
2.84843 -0.0974926 2.40801 -1.00354 1.70643 -0.816299 0.240173 0.121453 -0.811002 0.00542579 0.0395216 0.228012 
2.74068 -0.159875 2.57258 -0.113934 1.86865 -0.78031 -0.46277 -0.167468 -0.516499 0.0102269 0.242902 0.211716 
2.92412 -0.254534 2.31497 0.168767 1.7061 -0.192002 0.0812685 -0.820571 -0.542179 0.234964 0.0175623 0.144069 
2.8722 -0.430876 2.3549 -0.821329 1.29385 -0.0614227 0.461948 0.239641 -0.272496 -0.00148687 0.234919 0.237715 
2.98366 0.180991 3.13784 -0.958677 1.70393 -0.495304 -0.902983 0.276003 -0.209951 -0.0207771 -0.00279244 0.101147 
2.85264 -0.11631 2.37394 -1.19138 1.98539 -0.194159 -0.605834 -0.606257 -0.298688 0.296769 0.0745532 0.209533 
2.92164 -0.0509326 2.3828 -0.816912 2.20423 0.0379699 -0.559865 -0.590927 -0.334581 -0.178674 -0.0704367 0.191558 
2.9381 -0.257601 2.73753 -1.16279 2.20119 0.0200071 -0.327145 0.120609 -0.421816 0.235131 0.0292493 0.133565 
3.0461 -0.196564 2.53197 -1.09082 1.57336 0.117964 0.977365 0.569748 -0.0153502 0.181934 -0.267814 0.0992543 
2.97716 -0.204059 2.6762 -0.873006 2.27063 -0.797958 -0.202085 -0.335343 -1.07292 0.0826246 0.138303 0.262601 
2.79755 0.118471 2.09656 -1.03518 2.67925 0.190132 -0.0992377 -0.614917 0.0819389 0.166789 -0.28001 0.156393 
2.58245 -0.313759 2.33663 0.104342 1.30855 -1.04621 0.75496 -0.308214 -0.363594 0.317524 0.0278401 0.221152 
2.65055 -0.0429071 2.65495 -0.804752 2.17223 -0.212326 -0.419269 0.0733594 -0.550826 -0.0436449 0.124441 0.161579 
2.86279 -0.110363 1.97388 -0.636679 1.31301 -0.543154 0.211774 -0.719866 -0.324628 0.0589031 0.0492377 0.271173 
2.99742 0.129703 3.41588 -1.26452 1.20359 -0.301683 -0.342261 -0.201542 -0.410054 0.155554 -0.168506 0.121075 
2.92951 -0.316038 3.19866 -0.861794 1.40569 -0.998468 0.0383311 0.109818 -1.08479 0.445564 0.119975 0.147298 
3.37872 0.40806 3.7655 0.670253 2.66603 0.0468881 1.34023 -0.436418 -0.285102 0.375178 0.0373985 0.238045 
3.59313 1.11682 3.67722 0.572226 3.42467 0.331991 0.782466 0.457355 -0.0557516 0.206311 0.0377722 0.138771 
3.74004 1.10109 3.88154 1.37229 4.17157 2.60051 1.50862 0.875721 0.583837 0.342178 0.0299523 0.0928246 
3.92579 1.00849 4.06425 1.76913 4.04507 1.67295 1.71748 0.328262 0.789851 0.283647 -0.105082 0.20665 
3.71579 1.94274 3.21191 1.5203 3.77341 1.98175 1.43707 0.976078 -0.0291159 0.107727 0.229393 0.0919542 
3.06307 1.59191 3.40754 2.39246 2.84679 2.07859 1.63188 0.678988 0.704582 0.583916 0.104988 0.0621961 
3.2341 1.75892 3.1798 2.36314 2.68934 0.901302 1.31018 0.904747 0.452268 0.69755 0.130061 0.0491988 
3.38563 1.39923 2.62454 1.03957 2.41979 1.24331 1.4717 1.19536 0.975209 0.227125 0.173707 0.112066 
3.11655 0.904936 3.29934 1.84673 2.45242 0.508949 1.32772 0.0980113 0.945177 0.471423 0.318569 0.197728 
3.57521 0.858604 3.86518 0.580638 2.19493 0.950753 1.62243 0.235971 -0.436902 0.545178 0.438698 0.19547 
4.10166 1.83715 3.65404 0.142576 2.7562 1.06203 1.00936 1.52274 1.01118 0.310794 -0.0666829 0.00468384 
4.91133 2.65847 3.15666 0.596365 0.729707 0.227533 1.06345 1.04485 0.533804 0.93452 0.0554737 -0.107438 
4.81371 3.50485 3.37859 0.189405 0.469558 0.2931 0.798874 0.533231 0.937522 0.675124 0.0206629 -0.0490491 
5.52797 3.41847 2.87515 0.0157881 -0.0357564 -0.170822 0.732765 0.863595 -0.546023 0.470755 0.0485756 -0.0587372 
6.21188 2.52425 3.71731 -1.97572 0.284813 -0.294607 0.572785 1.30975 -0.40718 0.562748 0.123204 -0.106023 
6.20326 3.04938 3.21966 -1.71211 -0.05404 -0.590044 1.56232 1.48865 0.177348 0.923836 0.0575273 -0.0594409 
5.65861 2.58813 3.61163 -1.33534 -0.0587713 -0.295475 0.0756723 0.980332 1.22616 0.838377 0.272032 0.0972974 
5.58056 2.90283 3.42341 -0.206968 1.07708 -1.11583 0.327952 0.748055 0.712469 0.783313 0.0570362 0.0268376 
4.67942 2.74449 3.59452 0.838496 1.04644 -0.68743 0.468542 1.06127 0.450593 1.12524 0.177202 -0.00894424 
4.42505 2.36586 3.66023 1.05729 0.482936 -0.598176 -0.286348 0.643417 0.908998 0.644041 0.014217 -0.0428868 
4.70944 1.99342 3.38234 -0.835474 1.90573 0.638119 1.37556 1.76728 0.687217 0.140118 -0.290875 -0.121765 
4.77083 1.79778 3.63871 -0.588481 1.65988 1.0144 1.44967 1.96019 1.18742 0.183759 -0.280691 -0.11646 
4.33357 1.58406 3.45669 -0.650985 1.73604 1.11926 1.88266 1.89346 0.780625 0.454639 -0.276851 -0.135508 
4.02296 0.680791 2.29439 -1.32991 1.23918 0.54039 0.805632 1.2511 0.785631 -0.0708266 -0.330569 -0.0922043 
3.85126 0.745008 3.47421 -0.128123 1.82052 0.524626 1.42711 1.58852 0.642764 0.142935 -0.399819 -0.0845327 
3.86175 0.698696 3.38713 -1.38388 2.0015 0.375392 1.40299 1.8269 0.322352 0.142186 -0.272807 0.00690686 
3.57031 0.862121 3.05693 -0.859959 2.34902 0.301569 0.934463 0.800674 0.19272 0.506699 -0.0354056 0.0784472 
3.33849 0.0852939 4.2484 -0.206232 2.36057 0.770588 0.178905 0.867642 0.272408 0.509472 0.084122 0.0565218 
3.40743 0.391628 3.5112 0.0358151 2.54821 0.215988 0.568597 -0.184704 -0.359167 0.339689 0.132975 0.184656 
3.29138 -0.172626 4.02109 -0.249114 2.04991 0.652261 0.809657 0.314954 0.0595002 0.210239 0.186026 0.258803 
3.14991 -0.279739 3.13415 -0.8027 1.19966 0.23112 -0.393642 -0.191705 -0.417719 0.200622 0.171848 0.11417 
2.9808 0.105675 3.19617 -0.634206 1.9749 0.323195 0.80556 -0.294286 -0.24312 0.224676 -0.0187989 0.179782 
3.29801 0.233589 3.02347 -0.0542665 1.60166 -0.92141 0.833081 -0.432251 -0.585039 0.396986 -0.103234 0.162061 
3.08841 0.26415 3.39451 0.469199 2.38664 -1.05781 0.286797 0.266493 -0.0458932 0.105001 -0.150433 0.165308 
3.07484 0.0672302 2.22728 -0.0837943 2.0286 -0.254686 0.205009 -0.863836 -0.483852 0.209722 0.0981275 0.195879 
3.0252 0.496971 3.54438 -0.65027 1.67169 -0.271617 0.762062 -0.369241 -0.726091 0.476361 -0.0987411 0.0911954 
2.89864 -0.183491 3.18108 -0.597168 2.0618 -0.170025 0.898175 0.280368 -0.436868 0.0908751 -0.127151 0.169546 
3.308 -0.298729 2.75507 -0.551036 1.09526 0.260276 0.274431 -0.260542 -0.0506578 -0.119799 -0.0343548 0.20742 
