2.90802 0.190585 2.45037 -0.322619 0.977571 -0.481059 0.341194 -0.134718 -0.0258896 0.15699 -0.031408 0.175213 
2.84624 -0.199501 2.10259 -0.956444 2.18037 -0.11298 0.198974 -0.0962953 -0.125956 -0.0543884 0.0124234 0.282591 
2.78392 0.202772 2.26387 -0.760933 2.26624 -0.179413 -0.659922 -0.794439 -0.0238961 0.552443 0.196904 0.200792 
2.71303 0.377432 2.89365 -0.814831 3.07268 -0.125536 -0.180539 0.313693 -0.290979 -0.0622143 -0.16623 0.138256 
2.80775 -0.032711 2.68605 -0.370304 1.5721 -0.658182 -0.0858335 -0.558294 -0.0741534 -0.224762 0.0413285 0.321032 
2.97215 -0.069884 2.12311 -0.779767 2.09477 -0.546982 -0.0639822 -0.174915 -0.217997 0.119303 -0.115002 0.219927 
2.83914 -0.455576 2.61527 -1.11551 2.00994 0.354001 -0.373498 0.0939183 -0.560943 0.583353 0.282248 0.10757 
3.13478 -0.20585 2.70705 -0.0351659 1.78395 -0.373276 0.821059 0.246698 0.225257 0.436404 -0.216111 0.144687 
2.69103 -0.00361425 2.25686 -0.354584 2.11065 -0.428991 -0.0180575 -0.723777 -0.441203 -0.253483 0.0884226 0.305376 
2.79476 -0.207491 3.13309 -0.719439 1.67614 -0.34975 -0.0382527 -0.112441 -0.399672 0.230788 0.0999494 0.217791 
2.48392 0.0574401 2.62231 -0.699664 1.94433 -0.906886 0.429711 -0.447627 -0.833285 0.368203 0.188339 0.271762 
2.89272 -0.217028 2.753 -0.171582 1.52972 -0.85464 1.18416 -0.0644732 -0.392107 0.190888 0.0123287 0.282954 
2.88145 0.309281 2.96517 -0.894689 1.49622 -0.281396 0.56141 -0.833003 -0.363785 0.455347 -0.0691446 0.227008 
3.0367 -0.251289 3.33738 -0.827259 1.53375 -0.30601 0.0769509 -0.139291 -0.462748 0.365129 -0.125148 0.156167 
2.80115 -0.151149 2.46449 -0.522708 1.59519 -0.340088 0.338301 -0.733795 -0.354612 0.315723 0.218522 0.286128 
2.88171 0.105366 2.94909 -0.812243 0.884393 -0.210822 0.155757 0.258809 0.0068733 -0.218597 -0.0461583 0.195 
2.89942 0.451805 2.55876 -0.228937 1.88316 -0.579822 0.291472 0.0200534 -0.103034 0.37107 -0.152111 0.114281 
3.29249 0.0213247 3.06695 0.630462 1.86055 -0.364819 0.216786 0.150516 -0.0715754 0.443619 -0.155344 0.0332127 
2.89671 0.690038 2.92326 -0.643577 2.5729 -0.00365243 0.0642171 -0.515989 -0.659411 0.31752 0.178646 0.1754 
2.90326 0.73594 3.08028 -0.353675 2.27666 -0.0456647 1.06246 -0.662225 -0.432122 0.399376 -0.135392 0.173132 
3.44898 0.500358 2.89652 -0.541621 2.62719 -0.128686 1.15364 0.669111 0.623851 0.539294 -0.294157 0.159978 
3.48199 1.29691 3.23287 0.488354 3.10056 1.71883 1.60682 0.928708 0.411503 0.0827742 0.115887 0.134423 
3.76249 1.75805 3.0421 1.84455 3.28439 1.73591 0.813765 0.842233 0.373808 -0.226795 0.234187 0.109354 
3.19718 1.80351 3.26031 2.62424 3.16641 1.72327 1.11538 1.13908 0.478051 0.361706 0.229871 0.0655022 
3.04873 1.84557 3.1861 2.44952 2.92567 2.21126 1.85351 1.48804 0.194611 0.127269 0.242788 0.0825455 
3.24023 1.7206 3.36419 2.33893 2.92608 2.02735 1.6781 1.41836 0.374538 0.252345 0.200548 0.0716883 
3.41679 1.83083 4.10139 1.51418 3.01342 1.3077 1.25612 0.524212 -0.0589512 0.415615 0.234659 0.0787193 
3.55052 1.05765 4.81734 0.883134 3.11034 1.05349 1.16997 0.193128 -0.160889 0.606788 0.166626 0.149374 
3.17787 1.12785 3.31584 1.23619 2.64922 1.32633 0.948874 0.407833 0.414117 0.375237 0.431979 0.152397 
2.97732 1.18548 3.42042 1.14206 3.00588 0.949738 1.8385 0.703963 0.590672 0.250316 0.232303 0.183278 
3.92518 0.598358 3.70917 -0.306309 1.5362 1.01845 2.00512 1.49771 0.626396 1.3906 0.0257838 -0.0615703 
4.07541 2.10025 3.11346 1.20477 1.84817 1.83982 2.05512 0.512507 0.801015 0.192315 -0.200167 -0.0400253 
4.73355 3.04328 3.87783 0.705785 0.809074 -0.0636751 1.20831 1.7422 0.61206 0.624187 0.0423215 -0.0946898 
5.24607 3.20482 3.39298 -0.183576 0.19931 -0.591793 1.29406 1.08831 0.858271 0.69058 -0.00756835 -0.0706426 
5.28358 3.08981 3.03536 0.453028 0.473496 -0.606429 0.541366 1.20364 0.533723 0.495433 0.0650444 -0.0490901 
5.23421 3.42188 3.92633 -0.608384 0.504462 -0.553969 0.835936 1.23561 0.187369 0.313067 -0.101698 -0.118064 
5.46453 3.00666 2.91366 -0.991363 0.0909585 -0.303769 2.21763 1.44041 0.0443804 0.534986 -0.129836 -0.0856418 
5.26889 2.76954 3.35552 -1.00388 0.234812 0.0406071 1.51328 1.58886 0.482106 0.631471 -0.00366331 -0.084113 
5.04634 2.32949 3.32955 0.309144 1.57259 -0.0856066 1.19725 1.88156 0.839284 0.696644 0.0396895 -0.0428072 
4.02477 2.87218 3.59783 1.7043 1.17776 0.193796 0.959764 1.54715 1.07943 0.602228 0.0967222 0.00650046 
3.91074 2.70049 3.16896 1.24148 0.967842 0.401825 0.780784 1.51783 0.994859 0.446772 0.10363 8.66042e-005 
4.10376 2.62109 3.24826 1.2986 1.06457 0.923505 0.971225 1.5625 0.857266 0.187064 0.0656135 -0.0114054 
4.3094 2.40011 3.46763 0.0867064 1.02059 0.427881 1.70622 2.07804 0.563195 0.00113968 -0.0421924 -0.0715849 
4.88102 1.83807 3.16221 -0.610067 2.27379 1.05171 1.42128 0.977576 0.998826 0.593931 -0.157711 0.0130277 
4.69702 1.82039 3.45542 0.0350433 1.80042 1.04104 2.2629 2.02576 0.871601 0.104132 -0.303913 -0.0916596 
4.34548 1.52771 3.03574 -0.161166 2.47393 1.41513 2.1624 0.687329 -0.00907809 0.548487 -0.316601 -0.089071 
4.1154 1.35701 3.90275 0.0492747 2.29381 0.410896 1.46922 0.936469 0.42873 0.485723 -0.408889 -0.063928 
3.78925 1.23803 3.37595 -0.296882 2.34653 0.887828 0.86124 0.826829 0.479679 0.754505 0.14802 0.0807723 
3.50582 1.09717 3.90085 0.324855 1.84512 0.330503 1.82305 1.94033 -0.00315679 0.207862 -0.112101 -0.0432042 
3.43155 0.680945 3.34315 0.752973 2.68606 1.66427 1.39578 0.381369 0.416239 -0.200893 0.221494 0.248039 
3.5566 0.897712 3.74621 0.734308 2.66206 -0.497726 0.0172375 0.672838 0.23364 0.520284 0.172895 0.152073 
3.13984 0.510033 3.29431 1.07556 2.76868 -0.518784 -0.482223 -0.403898 0.0103702 0.349156 0.325784 0.184311 
3.06893 0.4917 3.73176 -0.158111 1.63868 -0.0542172 0.64099 0.211166 -0.414739 0.185266 0.107065 0.13519 
2.91842 -0.0584441 2.81937 -0.288737 2.01674 0.321459 0.646088 0.291247 0.513693 0.0572287 0.115936 0.252994 
3.31552 -0.148391 2.67455 -1.25367 2.23978 0.213518 -0.642716 0.278321 -0.228124 -0.171029 0.0381338 0.177474 
3.04544 0.0766876 4.03563 -0.459012 1.91383 0.410238 0.280621 0.12451 -0.612577 -0.0165872 0.237412 0.180494 
3.11658 0.414815 3.82714 -0.39574 2.421 -0.470013 -0.0909245 0.328275 -0.123116 0.193114 -0.141852 0.146171 
2.84502 -0.142282 2.55585 -0.0739192 2.87439 0.270376 0.153941 0.241504 0.0506152 0.312256 -0.0267234 0.129139 
3.0841 0.0561468 2.18138 -0.271371 1.60961 -0.807073 1.05915 0.574116 0.125974 -0.245923 -0.312481 0.206371 
2.89196 0.23404 2.75732 -1.44811 2.44656 -0.107528 -0.103469 -0.689474 -0.428116 0.323461 0.150273 0.300367 
