2.57321 -0.0828847 2.31987 -0.864215 1.66388 -0.801261 -0.547922 -0.381964 -0.229444 -0.280029 -0.0989579 0.193833 
2.82313 -0.520209 2.97577 -0.873545 1.68008 -0.349662 -0.707896 -0.598702 -0.467051 0.109245 0.00970426 0.164782 
2.82033 -0.689298 2.53445 -0.605492 1.53221 -1.02042 -0.0724935 0.0277315 -1.21871 0.191269 0.0914161 0.124521 
2.43685 -0.0398855 2.68352 -1.24 2.00797 -0.643652 -0.964033 -0.00219119 -0.153965 -0.135762 -3.15455e-006 0.137742 
2.71593 -0.218809 2.35115 -1.21107 1.70658 -0.694136 -0.193131 -0.112251 -0.951359 -0.214431 -0.09112 0.14453 
2.7061 -0.504109 2.99567 -1.21187 0.98572 -0.586398 -0.321839 -0.430903 -0.559751 0.114523 -0.112633 0.161624 
2.89375 -0.141529 2.60228 -1.23913 0.904888 -0.337186 0.0148679 0.19366 -0.407641 -0.271966 -0.0687883 0.147215 
2.47861 -0.498913 2.51849 -1.32927 1.66477 -0.462216 -0.512103 0.27607 -0.147295 -0.217983 -0.0887004 0.184389 
2.52221 -0.719399 3.00779 -1.2745 1.44783 -0.0358919 -0.719472 -0.150346 -0.649066 0.0800497 0.238559 0.134088 
2.94856 -0.367412 2.27061 -1.23747 1.10203 -0.462346 -0.422957 -0.617264 -0.613953 -0.147442 -0.243411 0.107463 
2.47532 -0.335667 2.90772 -1.12012 1.44269 -0.713215 0.0528628 0.104241 -0.425796 -0.0936706 -0.126735 0.176447 
2.74909 -0.542277 2.58194 -1.13434 1.74074 -0.274811 -0.19522 0.11292 -0.405508 0.00560639 -0.0839191 0.154262 
2.77617 -0.163416 2.37686 -1.17713 1.30339 -0.449645 -0.44845 -1.02184 -0.662738 0.336563 -0.142679 0.111104 
2.76779 -0.42243 2.20311 -1.28295 1.77156 -0.176181 -0.890374 0.0735396 -0.0195493 -0.404714 -0.136419 0.149871 
2.54372 -0.412492 2.59424 -0.334423 1.76904 -0.124824 -0.336363 -1.1325 -0.607627 0.30898 0.0478814 0.107589 
2.61515 0.110281 2.0615 -0.859009 2.32427 -1.11486 -0.582664 -0.546077 -0.580115 0.045735 0.0128549 0.201593 
3.33386 0.703823 3.81428 -0.195767 3.08161 0.686076 0.940643 1.21638 0.520337 0.437236 -0.0779817 0.09717 
3.51518 1.33029 2.76156 1.71725 3.52956 1.86669 1.13265 1.23592 0.195666 0.126466 0.186271 0.0644204 
3.36337 1.38682 2.37506 2.39853 4.31317 1.46386 1.30554 0.742873 0.184779 0.832202 0.173215 0.0522282 
2.95945 1.88809 3.46415 2.2654 3.40238 1.92483 0.988464 1.32517 0.968504 0.143085 0.192618 0.070874 
2.8382 1.99728 3.37468 2.72649 2.26136 1.65308 1.431 1.2866 0.785883 0.219292 0.20626 0.0785449 
3.09433 1.93405 3.40235 2.81005 2.79676 2.51951 2.08556 1.00195 0.333387 0.848146 0.154181 0.0619729 
3.69523 2.09503 3.68074 1.82699 4.12398 1.68361 0.82198 1.29976 0.540906 0.409146 0.190393 0.0410302 
3.01196 1.56094 4.35451 1.52893 3.71366 1.42012 1.06377 1.04959 1.31949 0.354699 0.000496255 0.1287 
3.30861 1.08354 3.4755 0.457077 3.49086 0.865845 0.869432 1.43705 0.497096 0.502664 0.236812 0.113098 
3.67056 0.988005 4.44101 0.207471 3.25936 0.666405 1.00702 1.21138 0.477975 0.468695 0.0752517 0.199554 
3.28214 1.65602 4.37551 2.16123 2.52096 1.65298 2.10111 1.22382 0.0240162 0.537961 0.137388 0.0117102 
4.337 2.55447 2.66438 0.213838 0.888404 -0.310344 0.290175 1.02747 0.619051 0.819312 -0.0950499 -0.156398 
5.17429 2.65101 2.2501 -0.636512 -0.265386 -0.356597 0.827329 0.839228 0.174345 0.419694 -0.0785046 -0.150626 
6.08888 2.91034 2.27753 -2.06642 -0.101146 -0.050389 0.995198 0.788918 0.0307665 0.183164 -0.151891 -0.107821 
6.08541 2.8424 2.77286 -1.97982 0.353037 0.325508 0.7314 0.545389 -0.000644585 0.36468 0.0236529 -0.0113087 
5.34551 3.1833 1.58897 -1.95397 0.0954113 0.24229 1.27976 1.47992 0.287354 0.615063 0.150901 0.0620787 
4.58602 3.13048 2.10027 -0.744541 0.00984222 0.442332 0.997694 1.41368 0.698519 0.839769 0.198999 0.031037 
4.60405 3.17243 2.79045 0.242441 -0.0225738 -0.441644 0.168385 1.25012 0.616273 0.866226 0.234981 0.014975 
4.90767 2.61871 4.38589 -0.126207 0.858755 0.0332886 0.421117 0.64885 0.822041 1.06228 0.160269 0.0278591 
5.0372 2.23055 3.92412 -0.679965 0.263696 0.086516 -0.240271 0.627479 0.279652 0.763179 0.172292 -0.0980753 
5.1326 1.8696 4.0898 -0.639405 2.12992 -0.118957 0.287366 1.1057 0.796867 0.584728 -0.280931 -0.0737056 
4.74379 1.69696 3.64733 -0.847217 2.01785 1.04323 0.862131 1.18032 0.802454 0.656232 -0.0283074 -0.016138 
4.66634 2.0025 3.81476 -0.162587 1.96508 0.854352 1.33087 1.73988 0.472051 -0.035571 -0.233232 -0.114203 
4.13684 1.33074 3.30229 -1.81267 1.13365 0.374179 0.699362 1.30587 0.319815 0.0379268 -0.350458 -0.180083 
4.17578 1.32289 2.52252 -1.04669 1.65033 0.503587 0.671431 1.26805 0.210289 0.0655933 -0.325353 -0.20613 
4.05483 1.0181 2.77526 -0.436957 2.5026 0.682651 0.445366 0.927529 0.236218 -0.155758 -0.273629 -0.0814637 
3.54062 0.616971 3.68995 -0.284788 1.6978 -0.179274 1.27357 0.657697 -0.000734524 -0.0423245 -0.323653 0.0541517 
3.44198 1.11115 3.67815 -0.31382 2.5234 -0.332789 1.33521 0.517158 0.0243349 0.549446 -0.24019 0.103721 
3.33775 0.416071 3.38361 -0.564687 2.39502 -0.151706 0.0968195 -0.201389 -0.668047 0.189127 0.0199709 0.0972234 
3.36556 0.630585 4.66215 0.141623 3.05946 -0.0605229 -0.149738 0.660964 -0.838348 0.292076 0.274921 0.0746921 
3.29959 0.715741 2.83242 -0.382518 2.63721 -0.262661 0.354871 0.151511 -0.311898 0.213902 0.148292 0.157462 
3.20022 0.563483 2.42554 -0.541602 2.53439 -0.638522 -0.40132 -0.517962 -0.350031 0.0869842 0.120618 0.176312 
3.01962 0.293127 3.19932 -0.728276 2.15693 -0.440722 0.222206 0.335441 -0.615224 -0.445126 -0.181262 0.0696325 
3.15017 0.0945355 3.54492 -0.133597 2.3768 -0.0395753 0.168252 0.278552 -0.590809 -0.118504 0.207772 0.1595 
2.91848 -0.14013 3.08631 -1.07376 1.36611 0.400562 0.320013 0.177183 -0.459142 -0.297861 0.0634728 0.124381 
2.80691 -0.0308263 2.97265 -0.523406 2.80947 -0.0628517 0.00170453 0.459962 -0.74278 -0.335418 0.141037 0.14928 
3.0053 0.148202 3.55509 -1.45139 1.67601 -0.231346 -0.380045 -0.346982 -0.801314 -0.31096 0.0659007 0.12459 
2.79271 0.086777 2.56879 -0.729724 2.28899 -0.514548 0.482432 0.0663519 -0.531678 0.0114114 -0.0403347 0.0969168 
2.92311 0.162342 2.77492 -1.58601 1.99877 -0.175726 -0.291801 -0.40028 -0.8728 -0.567603 -0.0625726 0.160059 
2.68886 0.0707847 2.89937 -1.08089 1.93135 -0.726384 0.0418131 -0.380324 -0.656277 0.470422 -0.228133 0.0643802 
2.97264 -0.0662086 2.48435 -1.17923 1.61517 -0.463501 -0.201764 0.0437096 -0.375252 -0.363835 -0.100158 0.109145 
2.96299 0.138382 2.85997 -1.71219 1.56307 -0.664186 -0.371046 0.0285364 -0.748859 -0.45441 -0.12201 0.12824 
2.81372 -0.0300131 2.66819 0.0617261 1.81502 -0.378077 0.542225 -0.332184 0.255191 -0.0703484 -0.279108 0.0699161 
3.15843 0.0465017 2.47167 -0.960888 1.65616 -0.170464 1.19512 -0.253915 -0.155642 -0.0309341 -0.266761 0.115475 
