2.54138 0.336912 3.01472 -0.217268 1.83114 -1.22555 0.243365 0.318196 0.0433293 -0.256131 -0.0486161 0.259147 
2.80881 -0.290166 2.43982 -0.171599 2.0615 -0.548596 -0.0943909 -0.0797956 -0.739895 0.476666 0.0374499 0.110866 
2.63808 -0.436632 3.12385 -0.34447 1.85745 -0.333442 -0.568899 -0.752539 -0.614887 0.310002 0.292653 0.224628 
2.90445 -0.288986 2.61621 -0.0749533 2.47565 -0.567896 -0.306399 -0.12714 -0.869676 -0.000862463 0.135017 0.198351 
2.74388 -0.153642 3.24689 -1.09827 2.16488 -0.636544 -0.672589 0.228676 -0.64962 -0.147883 0.177693 0.245762 
2.79223 -0.125511 2.76446 -0.388887 1.5026 -0.13606 0.387325 -0.395285 -0.44497 0.0965563 -0.158644 0.165926 
2.61618 -0.259195 2.66313 -0.789718 1.99404 -0.128241 -0.31071 -0.0180199 -0.457736 0.227263 0.0879066 0.169632 
2.53791 0.0216799 2.1712 -0.501374 2.06345 0.203515 -0.28334 -0.155389 -0.350967 0.0456685 -0.130367 0.129223 
2.96228 -0.324544 2.43817 -0.34375 1.80887 -0.667043 0.175309 -0.263944 -0.838226 0.289017 0.181537 0.223049 
3.09203 -0.316843 2.90497 -0.914982 2.12974 -0.297883 -0.0600378 0.319984 -1.19472 0.437357 0.173232 0.0914951 
2.75167 -0.495706 2.65015 -0.892923 2.16559 -0.529916 -0.882623 -0.275347 -0.270558 0.221 0.0761402 0.248603 
2.90719 -0.208948 2.81344 -0.934553 2.02987 -0.372841 0.25507 0.531232 -0.643759 0.410959 0.0946053 0.138836 
2.6152 -0.00931127 2.10663 -0.874855 1.81116 -0.767003 0.15746 -0.568574 -0.010459 0.098402 -0.269033 0.278216 
3.13579 0.290798 2.6245 -1.20282 2.01445 -0.426218 0.190903 -0.234906 -0.0331202 -0.025682 0.00673905 0.302025 
2.78632 0.155309 2.49646 -0.454319 2.11151 -0.300924 -0.346227 -0.995342 -0.0628905 0.188807 0.193338 0.266622 
3.04907 0.535551 3.25765 -0.0816709 1.72908 -0.811992 0.539023 0.19751 -0.328248 0.14764 -0.0438866 0.143502 
3.46436 0.837499 3.72851 0.163065 2.88352 0.598509 0.728694 1.20326 -0.0497024 0.58894 0.113282 0.0121198 
3.96631 1.16912 3.96473 1.45703 3.66068 1.16338 1.79408 1.26889 0.540179 0.209092 -0.114942 0.119122 
4.15208 1.35228 4.33492 1.26644 3.45315 1.7453 1.4746 1.13652 -0.03195 0.186157 0.122493 0.079614 
3.53146 1.67413 3.78348 1.74468 3.80994 1.69783 1.51404 1.01482 1.04535 0.443983 0.0445313 0.105803 
3.24174 1.97674 4.02755 1.68766 3.53234 1.95964 1.90893 1.71637 0.588883 0.551098 0.12422 0.0695237 
3.42146 1.80035 3.45021 2.03846 3.68409 2.21933 1.73882 1.41207 0.434654 0.337682 0.223643 0.093516 
3.44678 1.84078 3.7728 1.886 2.87553 1.03194 1.7248 0.705087 -0.191953 0.0855843 0.283924 0.111093 
3.1646 1.41715 3.42657 2.57774 2.17706 1.1807 1.01867 0.825606 0.383228 0.413509 0.305384 0.0797916 
2.75553 1.45769 3.10067 1.02223 2.85994 1.23318 1.23016 1.10591 0.821148 0.562587 0.205088 0.0903037 
3.25315 1.01717 3.17164 1.30178 2.61698 1.21687 1.30367 1.23397 0.540386 0.399908 0.264384 0.105665 
3.97409 1.7931 4.05267 0.917158 2.54348 1.18559 0.494132 0.95799 0.130596 0.0814467 -0.0876664 -0.0895844 
4.55969 2.65079 3.48528 -0.450011 0.63956 -0.954028 0.453027 0.535475 0.234305 0.882692 -0.0962303 -0.109656 
5.30256 2.85804 4.08121 -0.475902 1.31699 -1.41296 -0.412339 0.25453 0.435266 0.729836 -0.0544016 0.000160324 
5.2421 3.16952 3.58665 0.484833 0.473458 -0.610001 -0.542868 -0.00858774 0.0251287 0.324219 0.0883677 -0.0022878 
5.09117 3.43024 2.76889 0.255507 0.111945 -0.521971 -0.511048 -0.0397342 0.00144581 0.21969 0.12807 0.0523043 
4.86592 3.45127 3.77425 0.0545582 0.0247 -0.335225 -0.326895 0.435475 0.33903 0.397073 0.238209 0.0775073 
4.92869 3.34356 4.43639 -0.144596 1.17186 -1.06257 -0.0385642 0.78031 1.00948 0.49928 0.142073 0.0906494 
4.61995 3.06364 3.67904 0.452398 0.667221 -0.199523 0.0782273 0.751144 0.932833 0.506973 0.14711 0.0233287 
4.22928 2.4603 3.77161 1.34422 1.0344 -0.748123 -0.533432 0.645197 0.866818 0.811256 0.0705051 0.0161637 
4.11244 2.31817 3.54347 -0.150102 1.40827 -0.0450369 0.16786 0.584065 1.05941 1.10466 0.248003 0.110708 
4.39614 2.16317 3.96276 0.509828 1.22334 -0.380253 1.61277 0.557351 0.21839 0.803131 0.0743737 0.0857049 
4.16159 1.98255 2.98691 0.601469 1.52565 -0.0863202 1.12384 0.986845 1.09429 0.640384 0.0373863 0.0456242 
4.19523 1.86267 3.28946 -0.317127 2.21197 -0.299447 0.513034 0.692811 0.239908 0.38975 -0.226481 -0.055677 
3.96004 1.52531 3.62835 0.104044 1.49253 0.0710999 0.938197 0.580206 0.791199 0.202954 -0.26845 -0.00607188 
4.07309 1.37824 3.78571 -0.192273 1.96307 0.591643 0.841182 0.613793 0.483521 0.422135 -0.11071 0.0362193 
3.67017 1.11864 4.24282 0.661853 2.68519 -0.185423 0.856821 0.0843993 -0.145361 0.184683 -0.306875 0.0602963 
3.40411 1.23366 4.22476 0.129714 3.0304 0.989589 0.379543 0.124735 -0.224797 0.148492 0.113024 0.0915734 
3.65724 0.867742 3.45352 -0.010797 1.93495 -0.0447335 0.977732 0.563925 0.172234 -0.326011 -0.0930973 0.170413 
3.31521 0.335497 3.95719 -0.728262 1.66032 -0.494572 0.666198 0.542829 -0.641505 0.126115 0.0584629 0.173664 
3.1293 0.185805 2.5655 -0.16429 2.21295 -0.459301 0.203805 -0.199609 -0.316782 -0.364671 -0.176429 0.210162 
3.11177 0.0210161 2.51413 0.300349 2.54423 -0.23243 0.077574 -0.0105021 -0.237673 0.334549 0.104679 0.134518 
3.10769 0.238854 3.18736 -0.188305 2.80334 -0.170708 -0.443067 0.13906 -0.00910983 -0.218563 0.0819118 0.205572 
2.89041 -0.0713001 3.40933 -1.42546 1.39668 0.441262 0.800136 1.39927 -0.10058 -0.234257 -0.0713413 0.0978234 
2.70947 0.0550619 2.86611 -0.366707 1.76152 -0.311107 0.983771 -0.447631 -0.703953 -0.0164377 0.0450536 0.250665 
2.59581 0.110003 3.27796 -0.953524 1.86728 -0.634538 -0.135054 -0.534918 -0.569039 -0.0145904 0.105315 0.289229 
2.787 -0.586791 2.41181 -0.256317 1.18852 -0.442899 0.110389 -0.0944327 -0.496636 0.153067 0.0755917 0.203514 
2.85344 -0.0436185 2.92735 -1.15847 1.56919 -0.46958 0.759337 0.527939 -0.748712 0.27915 0.249403 0.21313 
2.91963 0.0055732 2.74471 -0.775183 2.40108 -0.00969377 -0.104509 -0.0464584 -0.412065 0.097105 -0.0146348 0.165323 
2.75199 -0.249364 2.42347 -0.262394 1.91999 -0.610612 -0.299254 -0.45054 -0.74644 0.222864 0.163984 0.203198 
2.7614 0.0813023 3.25786 -0.963867 2.54501 -0.657774 -0.589703 -0.152031 -0.389347 0.211073 -0.0849351 0.200604 
2.76424 -0.0704606 2.85234 -0.598537 2.10327 -0.190862 -0.772682 -0.326637 -0.198838 0.0845302 0.104977 0.188836 
2.73675 -0.514271 2.91216 -1.07711 2.06681 -0.0592072 0.260671 0.449106 -0.962343 0.147278 0.246718 0.198304 
2.83874 -0.190897 2.93498 -1.0704 1.41332 -0.523771 -0.396168 0.249159 -0.708651 0.199321 0.112667 0.147713 
2.76528 -0.498397 2.7315 -0.123299 1.97671 -0.487565 -0.252335 -0.574941 -0.961786 0.242743 0.278058 0.21894 
