2.60488 0.158268 3.10122 -0.916809 1.01322 -0.389471 0.231636 -0.0147702 -0.45358 -0.572473 -0.0779673 0.225726 
3.1727 0.0479794 3.56139 -0.154809 2.01277 -0.254749 -0.262775 -0.625535 -0.496678 0.0815768 -0.293374 0.049992 
3.01126 -0.0854521 2.92691 -0.578467 2.02926 -0.622008 -0.426685 -0.0937766 -0.290701 0.0528957 -0.0152102 0.171783 
3.15777 0.215847 2.75563 -0.779262 1.76665 -0.371087 -0.469929 -0.91856 -0.149974 0.0802559 0.000423928 0.219755 
3.0148 -0.260583 3.5513 -0.234689 1.65216 0.457872 -0.00687585 -0.0828785 -0.30401 0.00213371 -0.0476176 0.0929673 
2.80461 0.0910348 2.42538 -1.35097 1.87465 -0.629862 0.350321 -0.46333 -0.286412 0.101451 -0.148885 0.280822 
2.97753 -0.0863307 2.68277 -0.144247 1.43567 0.0892996 0.258134 -0.0650489 -0.201699 -0.483416 -0.0535322 0.180381 
3.06581 -0.0695408 2.96645 -0.590719 2.3057 0.0431517 0.0468481 -0.121902 0.0746487 0.0401182 -0.0775616 0.189134 
2.74218 -0.108782 2.75774 -0.533133 1.97183 -0.775118 -0.249414 -0.223354 -0.437804 0.280187 0.109941 0.197944 
2.76002 -0.469604 2.87914 -0.926661 2.09824 0.211094 -0.328419 -0.305234 -0.490754 0.341908 0.209924 0.181803 
3.298 -0.397639 2.51878 -0.771278 1.71004 -0.387727 0.595106 -0.67091 -0.842108 0.183946 -0.0617224 0.261132 
3.13214 0.157745 2.42614 -1.3521 1.70251 -0.927644 0.225174 1.15006 -0.165067 -0.339418 -0.244441 0.126257 
2.96841 0.341014 2.99496 -1.11569 1.58522 -0.647685 -0.220216 -0.226676 -0.342936 0.2579 -0.141742 0.117609 
2.80189 0.0125737 3.62682 -0.652019 1.81659 -0.762881 -0.902182 -0.0600678 -0.28041 -0.219141 0.0884132 0.219394 
2.90294 -0.509413 2.73411 -0.873491 2.45611 0.42304 0.269795 -0.341141 -0.355128 0.234229 -0.243763 0.157136 
2.84412 -0.087118 2.50251 -0.79126 1.77308 -0.662029 -0.11323 -0.199034 -0.815545 0.181183 0.0655827 0.181608 
2.99442 -0.116213 3.25294 -0.0343939 2.11004 -0.788999 0.61526 0.345321 -0.895956 0.372262 -0.0319617 0.0815734 
3.45517 -0.0107532 3.29298 0.135899 2.11691 0.866388 0.973313 0.866253 0.51798 0.361862 -0.105721 0.0441675 
3.94236 1.21152 3.31462 0.489256 2.15111 1.25882 1.40744 0.798994 -0.119432 -0.248688 -0.0105943 0.0511423 
4.22904 1.56974 1.29025 -0.386146 2.81053 3.33297 2.2962 1.6552 0.116846 -0.10174 -0.144912 -0.0304372 
3.84898 1.25658 2.08722 0.585146 2.84286 2.79274 2.25739 2.34961 0.410964 -0.0937449 -0.137399 -0.0211528 
4.36304 1.07009 2.88376 0.42116 2.83584 1.89564 3.14061 2.34609 -0.100875 0.114152 -0.151952 -0.0193306 
4.09837 1.525 3.57291 0.130481 2.51017 1.4928 2.78465 2.25641 -0.15182 -0.165115 -0.0389591 0.0451559 
3.55404 1.56796 2.88268 1.3104 2.51843 1.9368 2.22023 1.77666 -0.359175 0.282498 0.153784 0.0283504 
3.25568 1.65408 2.58771 0.661771 2.4616 1.46482 1.7064 1.17506 0.172319 0.539486 0.232251 0.08429 
3.36897 1.03747 3.55886 1.29081 2.37732 1.29955 0.716868 0.0856044 0.521303 0.427472 0.389308 0.165807 
3.26594 0.864919 4.19829 1.33318 2.47133 0.134239 1.23194 0.297215 0.146897 0.632092 0.255515 0.168923 
3.88313 0.901397 3.98194 -0.00528716 2.26283 0.558101 1.35962 1.14476 -0.00180393 0.0643911 -0.0691668 0.083345 
4.65828 2.67582 3.37927 0.280138 0.905481 -0.347423 0.107434 1.2289 0.93267 0.877909 0.0778204 -0.0864557 
4.9491 3.23737 3.45464 -0.597157 0.552832 0.207146 0.75229 1.00494 0.577292 0.934117 0.0786761 -0.0642378 
5.5435 3.38642 3.169 -0.76962 -0.0171412 0.0220959 0.23025 0.83457 0.468789 0.546061 0.114116 -0.0460924 
6.06202 2.77203 3.23614 -0.583662 -0.503395 -1.16341 1.2223 0.521594 0.210692 0.855897 0.125943 -0.000615521 
5.45538 2.60933 3.56507 -1.78088 0.157016 -0.872504 0.460506 0.574505 1.15431 1.17932 0.163713 0.139957 
5.43776 2.94233 3.92723 -0.687595 0.951867 -0.587722 0.22096 0.412779 0.398323 0.976726 0.15018 0.0444073 
4.79242 2.79259 3.53982 -0.260721 1.11818 -0.970545 -0.208946 0.602147 0.284525 1.00976 0.150381 -0.000106412 
4.44371 2.59547 4.16442 0.172203 0.710531 -1.0053 -0.0606038 0.802265 0.638298 0.878181 0.122729 0.00784372 
4.38142 2.43755 4.42034 0.49206 1.28315 -0.151822 0.196176 0.618444 0.627476 1.38485 0.206622 0.0426756 
4.28897 2.39883 3.84756 0.743385 1.47608 0.0528208 0.702023 1.0241 0.372956 0.742869 0.107438 0.00112589 
4.04608 1.4943 2.95765 0.65399 1.83847 1.01197 0.379839 0.334013 0.94034 0.220096 -0.326743 -0.13347 
4.3771 1.40542 3.50161 0.43063 1.69726 -0.0172753 1.23048 0.791104 0.0957869 0.113723 -0.227168 -0.0345021 
4.20334 1.16514 3.85732 -0.0678793 2.76374 0.517092 0.90266 0.483481 -0.333837 0.53739 -0.0740427 0.0433762 
3.89644 0.788784 3.15639 0.375541 1.57354 -0.4611 0.441617 0.41674 -0.233712 -0.0294773 0.0882191 0.108854 
3.58262 1.00181 3.64863 -0.0336712 1.85547 -0.611767 -0.351948 0.0625609 -0.302059 0.0943999 -0.0617141 0.0223396 
3.94458 1.02086 4.18715 0.526328 2.04924 -0.416115 0.808041 -0.212741 -0.303498 0.360802 -0.298798 0.0526374 
3.55326 0.755035 4.07849 -0.446269 2.38341 -0.414418 0.0342003 0.618276 -0.342797 0.399692 0.100757 0.128517 
3.1925 0.489525 4.27631 0.659964 2.56661 0.627834 -0.190197 -0.502071 -0.369052 0.272047 0.168271 0.0730861 
2.92653 0.119239 3.49496 -0.146621 1.95566 -0.424102 -0.718349 -0.582512 -0.339739 0.324502 0.0458854 0.113397 
3.18774 0.457128 2.68445 -0.312296 2.21515 -0.621424 0.472592 -0.0713579 -0.443983 -0.33784 -0.0369887 0.219011 
3.00045 -0.364557 3.04016 -0.128425 2.37601 -0.606942 0.363757 0.249856 0.00888137 0.769811 0.0929662 0.165078 
2.81619 0.255709 3.11413 -1.31804 2.46721 -0.111785 -0.692845 -0.474417 -0.744035 0.138365 0.171303 0.177818 
2.44857 -0.157483 2.82913 -0.710811 1.91321 -0.334754 0.41563 -0.409171 -0.604629 -0.146838 0.171129 0.295199 
2.60716 -0.340185 2.92354 -0.927033 2.53232 -0.697829 -0.610184 -0.391168 -0.894811 0.0149441 0.112317 0.272292 
2.73587 -0.418809 2.62733 -0.864799 2.05878 -0.618838 -0.239581 -0.240146 -0.192734 0.204149 -0.22821 0.226585 
3.02714 -0.405495 2.78357 -0.591523 2.01765 -0.58041 0.069543 -0.65713 -0.858283 0.160511 0.0663222 0.27799 
2.60888 0.115983 3.0728 -0.527898 1.03522 -0.32782 0.641698 0.364751 -0.663481 0.186122 0.0334496 0.0796894 
2.91712 -0.084599 2.97485 -0.902108 1.55521 -0.0987733 1.06992 0.535369 -0.0043577 -0.0132352 -0.0194811 0.203317 
2.87488 -0.0196227 2.80497 -0.697109 1.1454 -0.177868 0.166622 -1.19299 -0.419036 0.222538 -0.151128 0.193538 
3.26409 0.120007 3.18862 0.0227425 2.03902 0.0571172 -0.797686 -0.338545 -0.375435 -0.187154 -0.243638 -0.0190333 
2.85556 -0.200487 3.82112 -0.190179 1.88795 0.00266095 -0.162549 0.187814 -1.01895 -0.105383 -0.0237623 0.00932992 
3.1504 0.105349 2.87261 -0.257132 2.53232 -0.748379 0.322792 0.139111 -0.619166 -0.310586 -0.227062 0.170965 
