2.86842 0.0270894 2.72573 -0.794785 1.67811 -0.141556 0.66137 -0.238296 -0.753465 -0.14458 0.0204416 0.241705 
2.64314 -0.294789 3.035 -1.5215 1.53432 0.0947624 -0.0557957 -0.463952 -0.942561 0.254526 0.179496 0.240943 
2.86165 -0.0639671 2.24757 -0.80387 2.08209 -0.702896 0.28599 0.0133321 0.272035 0.12475 -0.0979752 0.279526 
2.66469 0.283544 2.43346 -1.29339 1.54789 -0.0568986 0.359768 0.696158 -0.0819427 0.291387 0.104911 0.131919 
2.66916 -0.257905 2.79538 -0.531101 2.03634 -0.44111 -0.494063 -0.102318 -0.407047 0.127972 0.0183504 0.185728 
2.96479 -0.0116433 2.78969 -1.33337 2.08423 -0.344938 -0.60662 -0.055413 -0.33214 -0.0534054 -0.0188375 0.225536 
2.9482 -0.424701 2.93414 -0.792648 2.07225 -0.752354 -0.289808 -0.0306158 -0.241434 0.486169 0.134718 0.259932 
2.96188 -0.212134 2.43777 -1.05889 1.78997 -0.264358 -0.0482162 0.181729 -0.687493 0.0647245 0.0130136 0.173531 
2.91478 -0.171209 2.15706 -0.702254 2.16639 -0.976674 0.50774 0.540138 -0.459355 0.490345 -0.00279222 0.19078 
2.91597 -0.367295 2.89247 -0.778671 1.53475 -0.226532 -0.474484 -0.218484 -0.475636 0.258733 0.00482045 0.152651 
2.75004 0.169539 3.12542 -0.18408 1.61079 -0.739542 0.133801 -0.143895 -0.844621 0.0567901 0.364653 0.219437 
2.97002 0.144498 2.67322 -0.888825 1.88206 -0.0371361 -0.164617 0.000766861 0.245024 0.154343 -0.183373 0.141534 
2.90817 -0.594273 2.30449 -0.468181 2.31993 0.287074 -0.397182 0.123626 -0.36263 0.419921 -0.0377038 0.0532331 
2.70527 -0.220474 2.59331 -1.29999 2.27674 -0.535823 0.636561 0.354699 0.0656489 0.629494 -0.0847457 0.246394 
2.99849 -0.267214 3.06468 -0.907733 1.94112 -0.583819 -0.361422 -0.162301 -0.749909 0.464278 0.0765996 0.172169 
2.69642 0.364403 3.26602 -0.106819 2.04208 -0.0463225 0.756272 -0.840244 -0.512096 -0.0454575 -0.00654965 0.217388 
3.58534 0.815434 4.48743 0.773265 3.02988 0.699792 0.693005 0.633082 -0.583316 0.201775 0.241735 0.0825339 
3.45299 1.78784 3.56724 1.67178 2.1911 1.51489 2.26776 1.50469 0.446406 -0.0649401 0.0429837 0.0437318 
3.88239 1.62178 2.95994 1.57747 2.72676 2.38434 1.97294 1.77519 0.588485 0.462357 -0.00984261 -0.0185757 
4.13086 1.32245 3.36985 0.459439 3.10462 1.80177 3.19839 2.2173 0.492205 0.610355 -0.184297 0.0155924 
3.97351 1.73305 3.83721 1.11281 2.31129 1.90162 2.91519 1.7981 0.569431 0.452149 -0.0340203 0.0195312 
3.46795 1.82984 3.20755 1.84805 3.24486 2.28984 1.70541 1.57271 0.749946 0.0142452 0.165219 0.0957272 
3.04532 1.96593 3.17335 2.61466 2.65405 1.58212 1.39129 1.16007 0.493014 0.343113 0.224517 0.0722249 
2.89569 1.83278 2.84403 2.02776 2.39082 1.88755 1.74228 1.01453 0.436812 0.495018 0.182225 0.0722071 
3.00778 1.55928 3.61228 0.936097 2.20855 1.59781 0.829461 0.986628 0.48032 0.134372 0.445518 0.11518 
3.25326 0.867885 2.74757 1.56629 2.06493 0.222676 2.288 2.07895 0.680887 0.85165 0.0532591 0.0311354 
3.99131 2.29503 2.73258 0.587319 1.83168 1.22862 1.51382 1.33753 1.03768 0.191107 -0.284054 -0.13719 
4.77199 3.05564 3.46069 0.800499 0.2814 -0.414442 1.02561 1.60277 0.488626 0.706375 0.0850682 -0.0871216 
5.06227 3.45803 3.27466 0.399548 0.293198 -0.357767 0.192672 1.21027 0.778824 0.347947 0.0595082 -0.0690878 
4.93099 3.78436 3.75649 0.991853 -0.109645 -0.728857 -0.0512127 0.561268 0.234838 0.412401 0.150787 0.0127795 
4.84678 3.85342 3.3087 0.494736 -0.288963 -0.581637 -0.0948293 0.620604 0.592836 0.505211 0.210215 0.036472 
4.93477 3.79028 3.1932 0.411296 -0.0953868 -0.448816 0.249122 1.06437 0.625955 0.357037 0.153048 0.00229453 
5.40877 3.01777 3.91549 -0.883765 0.389459 -0.53883 0.151565 0.716496 1.31874 0.724677 0.208018 0.131503 
5.11231 2.7345 3.60597 1.10275 1.2373 -0.795557 0.504901 1.0336 1.30661 0.833165 0.15483 0.0715889 
4.86157 2.51466 3.95711 0.743139 1.63488 0.184779 0.699123 1.22119 1.07218 0.603454 0.0722082 0.0207501 
5.15738 2.64066 3.88973 0.0222667 1.91332 -0.438491 1.12699 1.08493 1.73008 0.90535 -0.14605 0.0437995 
4.85586 2.3879 4.43169 -0.123471 1.92715 0.422878 1.02306 1.36847 0.35076 0.298698 -0.0939215 -0.042248 
5.00826 2.33117 3.06512 -0.872996 1.70258 0.662479 1.11025 1.60979 0.77924 0.570438 -0.0437237 -0.0857386 
4.28859 2.11307 2.89795 0.626592 1.38257 0.554819 1.5444 1.70594 1.15664 0.646044 0.0291763 -0.0233055 
4.14607 2.05481 3.97451 0.80349 2.13443 0.729544 0.955247 1.80882 0.763921 0.512817 -0.070782 -0.0931932 
3.99259 1.37694 3.70116 0.115941 2.70323 -0.541851 0.992377 1.89957 0.228456 0.704401 0.102658 0.104249 
3.97067 1.21189 3.67709 0.262139 3.1224 0.977506 1.13529 0.451172 -0.0706529 0.101197 -0.105346 0.0906819 
3.87829 1.13492 3.7112 0.083039 2.82037 -0.339492 0.826231 0.769346 0.215712 0.308729 -0.128184 0.156744 
3.47388 1.50099 3.9006 -0.285895 2.49966 0.792448 0.883711 0.840513 -0.103919 -0.23981 0.166431 0.121203 
3.30648 1.00111 4.11935 0.165362 1.98813 0.239308 1.34374 0.752062 0.817944 0.749914 -0.0318687 0.148888 
3.58466 0.817169 3.19175 -0.576992 2.83497 0.701164 1.04764 1.20138 0.64037 0.686194 0.112288 0.136529 
3.07709 0.257446 2.93029 0.0336784 3.16876 0.403381 1.01034 1.25316 0.346226 0.383345 0.211002 0.173738 
3.00577 0.739607 3.56831 0.168634 2.53882 -0.255474 0.630213 0.598682 0.336493 0.34316 0.269802 0.216437 
2.99229 0.314856 2.98396 -0.332845 2.15605 -0.33908 0.237162 0.241164 -0.0614752 -0.011566 -0.000593486 0.180704 
2.98172 0.0907277 3.39565 0.850342 1.66469 -0.185355 1.32208 -1.25227 -0.609691 0.122292 0.0703493 0.22498 
3.34746 -0.00607729 3.02165 -0.715941 1.90443 -0.647934 0.573385 0.0630539 -0.660201 0.397879 -0.0946336 0.181138 
2.99266 0.133071 3.07712 -0.0317123 1.17389 -0.260686 0.642808 -0.507509 -0.110863 0.441971 0.0126607 0.165551 
2.831 -0.324615 2.84747 -0.812614 1.83106 0.423905 0.367895 0.18377 -0.0777069 0.00892242 0.0909632 0.223939 
2.92353 -0.11412 2.47249 -0.730094 1.96261 -0.283972 -0.44644 -0.79171 -0.255003 0.0865507 -0.0263723 0.250647 
3.04398 -0.404419 3.29758 -0.86025 1.68774 -0.414809 -0.406738 0.168326 -0.833773 0.162153 0.160944 0.164766 
2.89656 0.0801728 2.2533 -1.37761 1.74053 -0.909982 0.0833146 -0.122911 -0.210635 0.883953 -0.0149336 0.19685 
3.02958 -0.222931 2.75208 -0.827535 1.30309 -0.48361 0.677097 0.793697 -0.596774 0.0449336 0.134675 0.178763 
2.83353 -0.125086 1.67681 -0.763792 2.29541 -0.451723 0.073211 0.0264383 -0.417665 -0.242928 -0.0911398 0.259017 
2.64142 0.333695 2.56465 -1.06761 1.65627 -0.655844 -0.104393 -0.12527 -0.326996 -0.238078 0.0479092 0.262304 
2.81633 -0.145352 2.61538 -1.23599 1.85783 -0.469728 -0.588797 -0.227394 -0.634509 0.286194 0.0555438 0.198616 
