2.5411 -0.265678 3.18912 -0.896675 1.199 -0.820025 0.888901 0.209162 -1.18316 -0.212618 0.0838465 0.275578 
2.58425 -0.0468278 3.23436 -1.35441 2.98683 -0.144323 -0.436886 0.269883 -0.32186 0.0639981 0.169622 0.239413 
2.50822 0.0065687 3.16399 -0.943039 2.15238 0.490062 0.73935 -0.0353349 -0.237851 0.578159 0.0943971 0.156421 
2.74172 -0.0718076 2.70458 -0.149381 1.20248 -0.589665 0.44012 -0.666937 -0.959142 0.117647 0.164921 0.213563 
3.3889 0.347734 3.2623 1.13753 2.53568 0.42099 1.20576 0.65943 0.444615 0.40718 -0.0547516 0.0899999 
3.48745 0.937355 3.65041 0.781314 3.86591 2.02231 1.40781 1.68628 0.813933 -0.0882101 -0.170608 0.0674657 
4.17985 1.05563 4.00908 1.48431 3.82851 0.808332 0.714787 0.529205 0.22033 0.300536 -0.109805 0.068016 
3.43144 0.514269 3.30628 1.26289 3.67026 1.57826 1.42209 0.253881 0.0333116 0.409456 0.0244712 0.0851277 
3.29703 0.461982 3.78606 0.126722 3.21032 1.02922 0.332184 1.05457 0.0892382 0.482913 0.20137 0.0217677 
3.5185 1.32833 3.59579 1.28659 3.18826 0.139954 1.33311 0.117633 -0.574383 0.273486 0.143349 0.131335 
3.26683 0.85269 3.65802 0.70425 2.34329 1.26939 0.942941 0.420561 0.908306 0.748376 0.111496 0.106791 
3.165 0.271257 3.74036 0.0029614 2.96427 0.908328 1.77119 0.899511 0.0909425 0.644867 0.0502686 0.168682 
3.19967 0.823829 3.575 0.278723 2.1371 0.460631 1.53486 0.222621 -0.446054 0.200152 0.23618 0.160899 
3.07446 0.337337 3.51199 0.0683955 1.73188 -0.0407897 1.16742 1.33933 0.107112 0.0640169 0.144546 0.113039 
4.73753 1.13358 3.29413 -0.404045 1.38826 0.56443 1.1151 1.67295 0.0889605 0.485418 -0.160254 -0.267965 
4.73415 2.6927 2.95688 0.462026 0.972215 0.283748 0.12787 1.03227 0.940564 0.71214 0.0212473 -0.109891 
5.20601 2.88468 2.38498 0.276034 0.279197 0.305319 0.743257 0.751354 0.00243506 0.687948 0.103137 -0.0603583 
5.62922 3.15319 2.74371 -1.24334 1.10596 0.676081 0.891627 0.29378 -0.331845 0.389678 0.0451675 0.0149535 
5.30373 3.4815 2.34801 -1.53501 0.0190047 0.780001 1.29959 0.640717 -0.3669 0.662336 0.0614342 0.0588509 
5.2108 3.16204 2.1059 -0.992855 -0.414143 0.445565 1.29999 1.68918 0.454362 0.324844 0.0123088 -0.0326465 
5.03867 2.7339 2.96294 -1.08553 0.399962 -0.348399 0.596447 1.07856 1.24478 1.01982 0.319266 0.113687 
4.97382 2.92455 3.60495 -0.238349 1.12062 -0.273931 0.164334 1.09394 1.4417 0.633182 0.139718 0.0282905 
4.70474 2.85976 3.50545 0.0928035 1.31803 0.0873132 1.30311 1.45028 0.395749 1.11546 0.15378 -0.00747531 
4.47281 2.06367 2.51968 -0.808261 1.54324 0.479648 1.03155 1.82545 1.34388 0.94738 0.213567 0.0263583 
4.83163 2.5059 3.57099 -0.805828 1.68069 0.0316484 0.925335 1.67813 0.960293 0.458051 -0.138491 -0.0911163 
4.69988 1.80497 3.59394 -0.178452 1.58813 0.645691 2.02698 1.46703 0.878017 0.446118 -0.372651 -0.123991 
4.70685 1.97603 3.70801 -0.272591 2.63241 1.3986 1.97844 1.15745 0.939967 0.255697 -0.36422 -0.00705585 
4.3484 1.58051 4.17534 -0.020845 2.21012 0.51969 2.31141 2.44621 0.774603 0.650054 -0.259708 -0.0766409 
3.94701 1.58707 3.86909 -0.0721653 2.44241 0.465119 1.42066 1.40965 0.541802 0.210606 -0.315676 -0.0361235 
3.68437 1.13631 2.93821 -1.10201 2.08202 0.526047 1.08208 1.09495 0.622754 0.69769 -0.0955136 0.0153541 
3.34208 0.973737 3.0432 -0.381569 2.41964 0.89617 1.50916 1.33744 -0.0214413 0.28378 0.12979 0.0726251 
3.33394 0.908956 3.74862 0.311112 2.47198 0.450043 1.37899 0.450432 0.424958 0.434394 0.164884 0.21528 
3.50334 0.443699 3.08117 0.122517 3.35559 0.528533 0.993795 0.800847 0.812557 0.690197 -0.117481 0.139062 
3.46252 0.738903 3.0694 0.105368 3.11629 0.640571 1.00435 0.999895 0.210749 0.173324 0.249975 0.20153 
3.27348 0.812884 3.56785 0.198745 3.81684 0.408402 0.0570533 0.704962 0.352493 0.277926 0.183235 0.156601 
3.2027 -0.045791 2.72213 0.2628 2.44778 0.00712666 0.105244 -0.392477 0.184543 0.275785 0.0872897 0.206817 
3.15447 -0.0385347 3.28772 0.183691 1.98765 -0.172999 0.656911 -0.441677 -0.279999 0.0754493 -0.142531 0.200936 
2.67614 0.100467 2.71916 0.192784 2.58941 0.0119088 -0.0708894 0.124382 0.233383 0.498672 0.188861 0.113033 
2.79908 -0.0448973 3.08237 -1.01838 2.26429 0.12186 -0.461701 -0.575349 -0.434916 0.295995 -0.0235296 0.172809 
2.92956 -0.374059 3.08805 -0.503901 1.43498 0.0535254 0.880225 0.621434 -0.821742 0.124034 0.107363 0.109467 
2.6872 0.340879 3.38368 -0.166081 2.18382 0.322571 1.09489 0.980803 -0.681803 0.222547 0.0604595 0.0354112 
2.82308 0.492711 3.13235 -1.20244 2.33432 0.306057 -0.279197 -0.984271 -0.783303 0.261206 0.127924 0.191091 
2.77814 -0.0481415 2.89997 -0.132555 1.60934 -0.119653 0.579194 -0.340516 -0.237532 0.380753 -0.043896 0.14571 
2.77571 -0.215313 3.09507 0.416994 2.80199 -0.358778 0.417362 0.177074 -0.0555891 0.0154452 -0.232679 0.186769 
2.82952 -0.185806 2.89798 -0.953585 1.65471 -0.0312525 -0.0984857 -0.0650739 -0.834301 -0.17647 0.0953251 0.195643 
2.66949 -0.23254 2.85001 -0.555902 1.25644 -0.477775 0.825656 -0.403906 -0.397539 0.482085 0.201292 0.24644 
2.6674 -0.383429 2.47057 -0.838515 2.28794 -0.20654 0.0321911 0.36101 0.296421 0.181743 -0.0661719 0.222659 
2.82813 -0.173782 3.08039 -0.608416 1.1153 -0.284913 -0.222328 -0.116391 -0.538825 -0.169087 0.0799253 0.203139 
2.64758 -0.0944001 2.82109 -0.768531 1.48454 -0.475232 0.50809 -0.311194 -0.44209 -0.18614 -0.0485828 0.292009 
2.72786 0.148798 2.29721 -0.853647 2.33375 0.257895 -0.211819 -0.121013 0.250172 0.0661207 0.20766 0.214601 
2.62463 0.151135 3.11435 -0.969779 1.02757 -0.20594 0.844987 -0.0786577 -1.01251 -0.320046 0.124024 0.22283 
2.55303 -0.390619 3.02851 -1.29459 1.83837 -0.265018 -0.510814 -0.235863 0.0900832 0.294027 -0.0584726 0.264392 
2.81995 -0.406126 2.325 -0.332493 1.70603 -0.545357 0.454805 0.098528 -0.804334 0.146927 0.0975729 0.202319 
2.6461 0.131345 2.81635 -1.05759 3.04779 -0.193894 -0.315368 0.13419 -0.723918 -0.0531088 0.100049 0.191218 
2.66037 -0.391891 2.25699 -0.919932 1.70609 -0.483168 -0.077102 0.452626 -0.0297446 -0.00465108 -0.0636301 0.226438 
2.7502 0.0222085 2.70619 -0.335843 1.60849 -0.531265 0.689116 -0.216311 -0.0902711 0.445501 -0.0456299 0.18753 
2.9341 -0.60632 2.79699 -0.722451 2.07174 0.423539 0.205482 0.774915 -0.184112 0.276954 0.188156 0.119047 
2.47419 -0.18897 2.969 -1.09486 1.82895 -0.780332 0.335023 -0.093594 -0.684977 -0.232942 -0.12086 0.331102 
2.75109 -0.474186 2.55966 -0.859407 2.14666 -0.158299 -0.147037 0.178809 -0.397898 0.113039 -0.238622 0.153826 
2.83389 -0.174532 2.3069 -0.35893 1.76014 -0.37846 0.581996 0.412449 0.797033 -0.0399091 -0.234894 0.224274 
