2.74554 -0.0887243 2.59836 -0.472556 1.9078 -0.317893 0.606381 -0.311921 -0.365349 0.170803 -0.0251889 0.211905 
2.97127 -0.272061 2.47837 -0.65011 1.47581 -0.49357 0.777645 0.119205 -0.468505 0.015489 -0.135935 0.193976 
2.75208 0.0397282 2.7377 -1.3296 1.74446 -0.150456 -0.410007 -0.709052 -0.304247 0.201152 0.179412 0.271807 
2.66609 0.0203277 2.33856 -1.24211 2.15279 -0.0242029 -0.407132 -0.272008 -0.233668 -0.218503 -0.0052262 0.236651 
2.80755 0.171343 2.96764 -0.521017 2.26724 -0.712706 -0.783608 -0.288185 -0.154928 0.0572454 0.161025 0.214234 
2.67337 -0.221116 3.0545 -1.29405 1.30542 -0.261685 -0.0604533 -0.222302 -0.807143 0.246234 0.144156 0.197862 
2.7828 -0.159545 3.12891 -0.931754 1.57122 -0.084992 -0.612857 0.440081 -0.532056 0.322215 0.186224 0.0555267 
2.94991 -0.211188 2.95469 -1.15797 2.3588 0.183679 -0.450432 -0.0153658 -0.417758 0.0681806 0.128791 0.179193 
2.88593 0.0191596 2.5228 -0.846546 1.71525 -0.899966 0.18523 -0.890613 -0.494714 0.361727 0.0324812 0.296079 
2.71746 -0.00335424 2.65915 -1.1477 1.79491 -0.670238 0.428677 -0.107869 -0.685826 0.0814877 -0.0454111 0.252333 
2.86989 -0.13439 2.53742 -0.540064 1.8023 -0.700907 -0.468006 -0.0645028 -0.261064 0.267327 0.131663 0.184826 
2.7136 -0.286205 3.17966 -0.743948 1.83437 -0.041921 0.469734 0.382712 -0.876249 -0.0815301 0.118764 0.162272 
2.72317 -0.0685147 2.56019 -0.983131 1.81877 -0.699899 0.0444231 -0.104558 -0.628557 -0.0405346 -0.0544862 0.231281 
2.79998 -0.161325 2.83582 -0.512791 1.53979 -0.481647 -0.534629 -0.225903 -0.38124 -0.14668 0.118603 0.224897 
3.2221 0.422207 3.42917 0.0395205 2.33821 -0.218828 -0.450421 -0.522574 -0.406709 0.32984 0.297231 0.162244 
3.26208 0.853771 4.23707 0.0982259 2.59996 0.350302 0.464565 0.382541 -0.285659 0.175505 0.161421 0.102107 
3.62567 1.32878 4.07153 0.447089 3.07987 0.408595 1.26591 0.256207 -0.165086 0.0797962 0.0933498 0.216274 
3.50715 1.31418 4.02041 0.708475 3.49793 1.63268 1.12901 2.04896 0.626635 0.0666846 0.0761984 0.0393776 
3.3148 1.66257 3.55153 2.2209 3.15917 1.12635 1.05626 1.44004 -0.0201513 -0.132198 0.336389 0.0896846 
3.20182 1.80751 2.9795 2.34474 2.72866 1.81689 1.57772 1.09344 0.633342 0.374554 0.111906 0.0562523 
2.96953 2.00936 3.12279 1.71366 2.88512 2.30333 2.02727 0.955852 0.431265 0.516684 0.090457 0.0749763 
2.97642 1.63419 3.29587 2.16589 3.2966 2.28589 1.73039 1.16252 -0.058959 0.366966 0.313126 0.0804977 
3.48986 1.24008 3.01738 1.63258 3.02501 1.80056 1.07314 0.131703 0.401071 0.52331 0.300619 0.11315 
3.36201 0.97175 4.03454 1.29987 3.43978 0.579875 1.03997 1.06541 -0.261408 0.392965 0.353598 0.127793 
3.19959 0.915986 4.09733 0.394406 2.43755 0.818202 1.61532 1.30592 0.269031 0.531249 0.249433 0.129095 
3.36419 0.761367 3.08148 1.06167 2.5229 0.871672 1.96663 1.48035 0.132277 0.221005 0.276714 0.147076 
3.96158 1.65051 1.94229 0.266773 1.91153 1.01904 1.24298 1.19171 0.642423 0.197836 -0.413248 -0.21683 
4.54444 2.67262 2.76353 0.388768 1.48753 -0.139705 1.42906 1.61836 0.29175 0.0444919 -0.267872 -0.152051 
5.80929 2.55193 2.87262 -1.35321 1.04058 0.773786 2.12461 0.920097 -0.626562 0.37453 -0.143131 -0.0816724 
5.75947 3.02168 2.91111 -0.962877 1.04996 0.891862 0.705964 0.823203 -0.121619 0.257589 0.0484002 -0.0508156 
5.42437 3.35774 3.08303 -0.439098 0.108466 -0.176497 0.0445437 0.739473 -0.228855 0.452069 0.109316 -0.0399806 
4.9713 3.47 2.671 -0.455351 -0.0471503 -0.133905 0.0492681 0.441738 0.437861 0.64889 0.253019 0.0865085 
4.70685 3.15698 3.04919 0.189925 -0.216143 -0.281316 0.124048 0.867789 0.974954 0.780708 0.344854 0.1017 
5.03549 3.12183 3.78326 -0.177805 0.795278 -0.969378 0.506215 0.39125 0.654093 0.96941 0.131014 0.0679601 
4.48673 2.842 4.05925 0.883024 0.74804 -1.00825 -0.720246 1.30709 0.602515 0.556395 0.268226 0.047866 
4.30453 2.59656 4.09266 1.16515 1.66013 -1.34269 0.488467 0.594392 0.95565 0.873644 -0.00717588 0.0957249 
4.81215 2.34778 4.69277 0.237108 1.17607 -0.922706 0.419552 1.03071 0.353232 1.03611 0.12782 0.0156988 
4.23936 1.98219 4.15069 -0.254391 1.03107 -0.118728 0.638046 1.79103 0.265434 -0.0436145 -0.0222069 -0.0956485 
4.3436 1.70657 3.24804 -0.688019 1.64398 0.284901 1.62143 1.50824 0.342083 0.189964 -0.35181 -0.130074 
3.92509 1.03014 3.54872 -0.932979 1.26936 0.0254801 0.976509 1.51151 -0.118716 -0.0592952 -0.13999 -0.0802168 
3.95374 0.733914 2.93187 -1.0627 1.14213 -0.2758 1.55332 1.27094 0.157985 0.389023 -0.041947 0.0714082 
4.2032 0.677974 3.47776 -0.701383 2.28152 0.673879 1.17585 1.23719 0.254463 0.293791 -0.131318 0.0688818 
3.61935 0.46595 3.81735 0.951027 2.15003 0.000989063 0.252156 0.245861 0.346734 0.114988 0.139687 0.188934 
3.40424 0.480242 3.67118 0.467986 2.76311 0.510128 0.767211 1.2077 -0.0211149 0.448751 0.283802 0.0929846 
3.41312 0.191301 3.67166 -0.0879076 2.10099 0.252581 0.526752 0.714098 -0.14448 0.229071 0.156332 0.110049 
3.09709 0.275278 3.03211 1.09523 2.74117 0.00704742 0.828628 -0.157265 0.263774 0.249712 -0.0260096 0.148894 
3.10752 -0.175146 3.79426 -0.437835 1.97278 -0.568351 0.0479411 -0.500814 -0.754587 0.548609 0.0472069 0.177413 
3.03007 0.164144 3.19098 -0.0624085 1.51318 -0.768385 -0.0214172 -0.578499 -0.600656 0.451953 0.0884383 0.137297 
3.36592 -0.224123 4.00941 -0.481618 2.37616 -0.102953 -0.124991 -0.42927 -0.683275 0.566759 0.104958 0.19306 
3.02465 -0.504035 2.37603 -1.20359 1.44762 -0.199656 0.666881 -0.0678378 -0.321221 0.545958 0.186542 0.250388 
2.89626 -0.0411684 2.74569 -0.298958 1.32363 -1.22081 0.124521 -0.420426 -0.36903 0.24735 0.150532 0.259896 
2.67487 -0.321239 3.67824 -0.643071 1.38828 -0.793904 0.198845 -0.359009 -0.594818 -0.0199878 0.00134966 0.300389 
2.96541 -0.309624 2.98869 -0.537409 1.55831 -0.429963 -0.165574 -0.163625 -0.358314 0.128848 -0.162627 0.144265 
2.93747 -0.556569 2.63768 -0.302585 2.02556 -0.112539 0.613673 0.0523678 -0.777296 0.0811965 -0.0360954 0.168914 
2.78444 -0.132704 3.31037 0.287568 1.59733 -0.921453 -0.168679 -0.00140167 0.238379 0.181989 -0.145084 0.157694 
3.00529 0.190301 3.51956 -0.74627 1.75922 -0.0164297 0.333557 0.294548 -0.713582 -0.0997638 0.166024 0.147897 
2.99645 -0.10352 3.19039 -0.523911 1.88002 0.24063 0.571298 0.104565 -0.106778 -0.17427 -0.266812 0.151017 
3.00054 -0.0250378 3.03152 -0.268391 3.06296 0.166177 -0.27661 0.126398 -0.302269 0.284367 -0.235108 0.0118181 
2.94899 -0.0735559 2.92348 -0.766873 1.87768 0.761446 -0.218587 -0.480552 -0.185186 -0.157908 -0.0027205 0.169047 
3.05197 -0.0934326 2.81063 0.234901 2.76836 -1.23633 0.0205009 -0.441752 -0.330441 0.517508 -0.0850094 0.215206 
