2.77917 -0.435203 2.40833 -1.15577 1.53648 -0.144253 -0.229607 -0.688615 -0.930934 -0.1995 0.072936 0.257577 
2.77098 -0.333461 2.63088 -0.355481 2.00938 -0.599416 0.442749 -0.196747 -0.596673 -0.0479236 -0.127966 0.147951 
2.76807 -0.235414 3.10621 -0.706144 2.05524 -0.870729 -0.232907 0.447484 -0.661157 0.124145 0.0181693 0.0986669 
2.87651 -0.358012 2.85964 -0.967085 1.88438 -0.27607 0.120541 -0.404386 -0.202115 0.0728836 -0.177728 0.19213 
2.66623 0.171461 2.92384 -0.907502 2.13842 -0.989682 -0.549263 -0.701322 -0.846574 0.204885 0.130083 0.18977 
2.89179 -0.0548642 2.84399 -0.909822 1.83892 -0.328596 0.317495 -0.614412 -0.684748 -0.0290883 -0.0104025 0.218692 
2.42357 -0.503367 2.44057 -1.06876 1.6812 -0.605609 -0.30603 0.323336 -0.424682 -0.300025 0.113621 0.259464 
2.77806 -0.435617 2.21136 -1.23583 1.80708 -0.824113 -0.218771 0.112493 0.0382953 -0.0379061 -0.21296 0.224966 
2.8354 -0.349609 2.15244 -0.907883 1.6852 -0.345866 -0.577354 -0.369053 -0.745582 -0.000180349 0.191188 0.189743 
2.92074 -0.189603 2.62478 -0.995233 0.900244 0.182772 -0.213062 -0.534461 -0.870146 0.0996291 0.00468803 0.0882175 
2.82785 -0.239899 2.38559 -0.634668 0.792363 -0.496133 0.458516 -0.480746 -0.0696027 -0.124912 -0.131276 0.197209 
2.74922 -0.50804 2.5455 -1.49254 1.56775 -0.172129 -0.722315 0.591678 -0.301699 -0.229704 0.0501143 0.137622 
2.93397 -0.551802 2.13371 -1.00394 1.42443 -0.369047 -0.289437 -0.0698098 -0.665165 -0.145193 0.115509 0.204771 
2.84916 -0.187323 2.60682 -0.373812 1.74921 -0.897419 -0.355033 -0.183396 -0.276762 -0.243219 -0.0253498 0.209343 
2.73198 -0.51929 2.77109 -0.647194 1.09973 -1.25694 0.155966 -0.340491 -0.959103 0.379902 0.0761656 0.195939 
2.71699 0.00397043 2.29384 -1.36802 1.99874 -0.43979 -0.717218 0.0697338 -0.231708 -0.0415125 -0.117674 0.122041 
2.40283 -0.296955 2.74965 -1.28015 1.29372 -0.0578051 -0.318562 -0.948936 -0.436579 0.0961116 0.157797 0.269961 
2.95233 -0.797775 2.51242 -0.221142 1.01905 -0.501738 0.319614 -0.423178 -0.447928 0.333362 0.0707335 0.166962 
3.25684 0.614765 3.40105 -0.418853 2.24949 0.0135437 0.527412 -0.185301 -0.440416 0.18591 0.0666819 0.166069 
3.79893 0.786518 2.23497 1.14662 3.43269 1.91891 0.484281 1.0231 0.237759 0.0750232 0.151744 0.0292506 
3.56362 1.2515 2.10981 2.48314 4.5015 2.19887 0.471772 0.620543 0.82768 0.917561 0.113504 -0.042395 
3.49858 0.929622 1.85298 2.15821 4.5077 3.59115 1.55633 0.464536 1.05251 0.941492 -0.00891383 0.0119922 
3.7513 1.03469 3.22125 2.21966 4.56492 1.75353 0.77375 0.483381 0.771142 0.806953 0.10633 0.0338623 
3.79778 1.56138 3.63447 2.07417 3.50573 1.64843 1.4753 0.56814 0.486774 1.02187 0.079525 0.0138855 
3.32768 1.30134 3.58248 1.86093 3.08003 0.869796 0.777246 0.934163 0.752325 0.284372 0.174575 0.103007 
3.11845 1.12746 3.72399 0.958938 3.5324 0.999221 1.75829 0.433483 0.358902 0.672794 0.126162 0.174763 
3.05425 1.4082 3.85573 1.00148 3.09051 0.766359 0.627994 0.478425 0.230529 0.416905 0.431702 0.141625 
3.55898 1.10767 3.62538 0.873497 2.43918 0.466498 1.08329 1.33637 0.688492 0.705314 0.15914 0.088145 
3.83148 1.81571 3.37278 -0.161113 2.6346 0.756235 1.58958 1.84413 1.41483 0.808684 -0.388134 -0.112514 
5.16507 2.10613 3.47184 0.00809763 0.594038 0.0984099 1.50184 2.16046 0.393266 0.191118 -0.141041 -0.215711 
5.89889 2.92901 3.68347 -0.935233 0.521098 -0.577716 1.54393 1.02348 0.263222 0.679351 -0.201147 -0.123492 
6.07383 3.16227 3.32289 -0.527963 -0.25678 -0.783061 0.841199 1.30252 -0.0118811 0.480557 0.0524997 -0.112494 
5.76912 3.33202 3.33347 -0.732534 0.556655 -1.0677 -0.0398361 -0.00683164 0.18965 0.587455 0.0539079 0.0205038 
5.48783 3.4686 2.91234 -1.44634 -0.363043 -0.752104 0.0778272 1.02402 0.778508 0.697436 0.247244 0.0451227 
5.10428 2.74859 2.76361 -0.755952 0.565491 -0.700955 0.695656 1.90624 0.307809 0.740597 0.242893 0.0222562 
5.25949 3.05666 3.11701 -0.501546 0.227653 -0.432443 -0.059307 0.69791 0.602032 0.626334 0.184861 0.00776207 
4.72539 2.83154 3.23121 0.0491839 1.16703 -0.791415 0.00388356 1.01859 0.751438 1.00554 0.297598 0.0864595 
4.86049 2.17096 4.58514 0.33758 1.72578 -0.495725 1.20307 0.647465 -0.00221293 0.724863 -0.203216 -0.0372329 
4.82615 2.00997 3.28535 0.105333 1.44172 -0.181844 0.943331 0.61138 -0.185997 0.90826 0.0850493 -0.039652 
4.66561 2.01358 3.4805 -0.155845 1.31211 0.075965 1.61091 1.0689 0.722384 0.326794 -0.329226 -0.0998114 
5.05067 1.51819 3.42258 -1.13841 1.54188 0.858016 0.726625 1.66672 1.02722 0.310918 -0.169208 -0.105692 
4.7541 1.76376 2.79009 -0.722927 1.95329 0.184487 1.58778 1.87144 0.835413 0.28765 -0.296343 -0.0750476 
3.93328 1.41485 3.19291 -0.516533 0.376547 -0.387748 1.90863 1.64092 1.05755 0.0966112 -0.255488 -0.0500318 
3.93913 1.12728 3.18007 -1.11471 2.14279 0.857869 1.10221 2.05488 1.29901 0.324177 -0.164175 -0.0236122 
3.61378 0.717489 3.6547 -0.445673 2.41779 0.126092 0.513708 0.499855 0.0521336 0.686878 0.133907 0.134829 
3.45596 0.718619 2.99022 -0.0889809 1.74935 0.17392 1.03647 0.592913 0.229215 0.39095 -0.0453308 0.0526992 
3.58158 0.587956 3.20915 -0.655714 1.51397 -0.603491 1.57855 0.685346 -0.309003 0.534415 -0.0528392 0.125045 
3.43327 0.109925 3.36813 -0.897814 1.43021 0.114033 0.712512 0.844461 -0.461081 0.134626 0.177096 0.104818 
3.12985 0.29713 2.92876 -0.861991 2.00971 -0.158922 0.2977 -0.268388 -0.774664 0.260918 0.0613059 0.146509 
2.74269 -0.369441 2.63399 0.154758 2.17811 0.0750272 0.428836 -1.12151 -0.515045 0.436086 -0.188372 0.120386 
2.86802 -0.053583 2.88753 -0.548192 1.31847 -0.587192 -0.0979255 -0.267776 -0.801947 -0.303046 0.180597 0.194699 
2.96428 0.00403159 2.417 -0.607367 2.19776 -0.543447 0.119388 0.166098 -0.457842 -0.775768 0.0546913 0.283008 
2.70617 0.179941 2.68108 -1.49566 1.8713 -0.481935 -0.146595 -0.0884981 -0.866146 0.0959675 0.100168 0.164915 
2.77636 0.34064 2.82992 -1.23528 1.00814 -0.19303 0.458605 -0.462252 -0.402099 -0.0368758 -0.117545 0.143761 
2.74359 -0.268906 3.23087 -1.35586 0.970287 -0.371007 -0.523834 0.459087 -0.904496 -0.446724 0.129109 0.121827 
3.31019 0.0375962 2.27513 -0.682015 1.6396 -0.639263 0.142948 -0.875413 -0.538389 0.359791 -0.264283 0.0871757 
2.87995 -0.352472 2.42561 -0.196892 2.65187 -0.60415 -0.717506 -0.283855 -0.809201 0.0307971 -0.0381163 0.0761772 
3.0664 0.0752337 3.31651 -0.882861 1.77335 -0.59635 -0.262975 -0.159831 -0.86279 0.0711995 -0.121005 0.0688401 
2.95292 -0.152901 2.50414 -1.15339 1.17603 -0.621442 -0.344791 0.56973 -0.248852 -0.0385472 -0.110193 0.0690115 
3.20092 -0.074106 2.68475 -1.00222 2.40172 -0.883955 -0.0672703 -0.122714 -0.257497 0.0346895 -0.342794 0.184627 
