2.58879 0.0868231 1.92879 -0.541319 2.33533 -0.927398 0.21468 -0.762448 -0.565918 0.101898 0.18562 0.320527 
2.96602 -0.246355 2.94776 -1.49388 1.70867 0.402808 -0.744746 -0.263812 -0.177042 0.0252943 -0.230766 0.125159 
2.78648 -0.141034 2.86512 -0.307352 2.0838 -0.463747 0.00378667 -0.0414065 0.174386 0.21248 -0.0567494 0.206593 
2.81129 0.114619 2.76895 -0.850475 2.22314 0.266199 0.715906 0.399081 -0.869793 0.189921 -0.0272976 0.0869941 
3.23144 0.307489 3.25791 -0.708881 2.38124 -0.682751 -0.347618 -0.0462464 -0.624704 -0.302216 0.176947 0.276537 
3.11166 -0.218383 3.04776 -0.536326 2.21991 0.0445966 0.325137 0.668937 -0.760351 -0.301174 0.189788 0.183519 
2.9065 -0.573067 2.77335 -0.0600135 1.86088 -0.322579 0.0223777 0.422866 -0.655104 0.264398 0.0891462 0.0921373 
2.8358 -0.202746 2.92741 -1.10545 1.60009 -0.0552795 0.397912 0.291296 -0.698119 0.0720453 0.137769 0.180573 
2.84912 -0.0594002 2.50013 -0.673203 2.61823 -0.949338 -0.581659 -0.64211 -0.348446 0.372579 -0.00680304 0.251716 
2.97334 -0.515078 2.64774 0.094969 1.45526 -0.66944 0.225824 -1.08053 -0.38171 0.446374 -0.0308818 0.23306 
2.85765 -0.1337 3.16475 -1.33089 1.15554 -0.493929 0.190413 0.0691063 -0.230127 0.120982 -0.0701655 0.235099 
2.71995 -0.136085 2.70925 -0.302198 1.4268 -0.938452 0.480805 -0.420445 -0.61525 0.374502 -0.095629 0.195917 
2.82534 0.0609666 2.67162 -0.208761 2.28939 -0.859473 -0.612189 -0.499434 -0.356264 0.197371 0.0851289 0.20542 
2.81402 -0.0611977 3.27574 -0.66204 1.41777 -0.17848 0.620828 -0.399472 -1.2362 0.155524 0.0878427 0.157671 
3.52488 1.14807 3.93645 -0.0721139 2.42179 -0.169399 0.819089 1.18873 0.120038 -0.0986903 -0.0472471 0.105447 
3.54454 1.59737 2.90218 2.72906 3.14613 1.7233 1.57082 0.485422 0.883905 0.307454 -0.0250269 0.0247267 
3.52833 1.75861 2.64995 1.82765 3.42513 2.18828 1.17624 1.14424 0.644733 0.0417587 0.131938 0.0601536 
3.14577 1.62562 2.4383 2.03666 3.7994 2.37873 1.6583 1.41057 0.331988 0.596671 0.0965054 0.061008 
3.20063 1.94347 2.98737 2.35485 2.75643 2.07518 1.5264 1.01057 0.510089 0.288019 0.143834 0.0569125 
3.10472 1.86737 3.46968 2.5882 2.39448 1.76748 1.63036 0.251749 0.537908 0.745072 0.0891717 0.0358329 
3.14967 1.30354 3.53298 1.90031 2.58062 1.06133 0.853699 0.757623 0.190197 0.648282 0.244955 0.033165 
3.49035 1.25355 3.52389 1.0896 3.25752 1.07169 0.797035 0.81014 0.0986529 0.462699 0.287673 0.0918554 
3.32312 1.30854 3.77409 0.544042 2.2532 0.887228 1.52235 0.88562 0.356887 -0.0914639 0.355502 0.210766 
3.36945 0.94202 3.16649 1.05966 3.06543 0.755123 1.43581 0.303651 -0.0214713 0.447727 0.352673 0.195491 
3.70759 0.862553 3.29821 0.811223 1.73583 0.393034 1.74578 -0.0262566 0.519133 0.402072 0.115506 0.212293 
4.39903 1.76321 2.50252 -0.308354 2.52246 1.35752 1.78078 0.635762 -0.0657466 0.285647 -0.275737 -0.0955316 
5.22498 2.5829 3.32102 -1.4065 1.60427 0.216497 1.0145 1.12068 0.560478 0.707115 -0.177685 -0.120752 
5.30576 2.99665 1.99866 -0.485033 0.415409 0.394736 1.59743 0.855371 -0.176156 0.536233 -0.0168035 -0.060393 
5.11893 3.32692 2.38568 -0.758304 -0.370248 0.713988 0.939899 0.344465 0.00625291 0.787453 0.137068 0.0531589 
4.98733 3.26245 2.43296 -0.87767 -0.027239 0.252741 0.682324 0.210989 -0.130151 0.99918 0.228273 0.0926205 
5.58973 3.02506 2.75066 -1.19934 -0.44487 -0.587336 0.454544 1.031 0.278311 0.687625 0.184918 -0.0119603 
5.09968 3.00975 3.16472 -0.338664 -0.108381 -0.360583 -0.183454 0.312952 1.15354 0.683735 0.209834 0.0503921 
4.48935 2.71159 2.69356 -0.622267 -0.637602 0.0674151 1.30661 1.37713 1.30808 0.72958 0.221498 0.0309613 
4.13866 2.60969 2.6449 0.839086 0.673065 0.144421 1.0282 1.31625 0.571354 1.22062 0.211327 0.019883 
3.98008 2.70912 3.47859 1.08996 1.209 0.41172 0.643973 0.694465 0.912884 1.12547 0.0813428 0.0165344 
4.38759 2.3235 3.00706 0.414017 0.952883 0.414707 1.74174 1.62338 0.357789 0.822797 0.0928024 -0.047039 
4.56785 1.63731 3.92773 -0.580597 1.10439 0.497178 1.51461 1.75259 0.807112 0.422553 -0.173848 -0.0916643 
4.51248 1.78349 4.0635 -0.482077 1.19883 1.25126 1.7461 2.13741 1.00528 -0.127896 -0.288698 -0.129435 
4.40085 2.01444 3.95804 -0.0665651 1.90815 0.529347 2.15653 2.4042 0.60238 -0.0606129 -0.316525 -0.121331 
4.04796 1.80088 3.56756 -0.454966 3.1089 0.643053 0.989985 1.14518 1.06819 0.737173 -0.32298 -0.0451633 
3.85252 0.850246 3.59819 0.613084 1.87551 0.0659499 1.82378 1.75717 0.0152049 0.234645 -0.360689 -0.141093 
3.68123 1.17561 3.58189 -0.14525 2.35097 -0.173802 0.817974 1.59926 0.510715 -0.192226 -0.492808 -0.0862642 
3.58107 0.454299 3.81345 -0.0547458 2.22569 0.245966 0.625901 1.16197 0.0309623 -0.129935 -0.285177 -0.0106654 
3.51766 0.601528 3.41004 -0.439216 3.50792 0.403279 0.392216 0.914701 0.0659872 -0.227339 -0.150445 0.139588 
3.22564 0.261905 4.2245 0.450482 2.29707 0.257475 1.29611 0.781424 -0.567498 0.314434 0.0523404 0.0660469 
3.15672 0.504577 3.7283 1.01051 3.06367 -0.16829 -0.22374 -0.255525 0.169796 0.277693 0.0537897 0.125757 
3.35004 0.313547 3.79968 0.00477212 2.51461 0.319257 0.336355 0.528777 0.074372 -0.194532 -0.105542 0.147197 
3.41905 0.109608 3.69605 -0.806864 2.36503 0.190527 0.456304 0.109783 -1.27419 0.253431 -0.0491042 0.0478629 
3.0084 0.591949 2.99622 -0.616886 2.77925 -0.575146 -0.104585 -0.027235 -0.781068 -0.190828 0.126424 0.190366 
2.83847 0.240312 3.19954 -0.514757 2.17135 -0.380384 -0.0858318 0.54319 -0.00843107 0.0850241 0.110691 0.157933 
3.08803 -0.0144535 3.12064 -1.27245 2.29342 -0.284118 -0.00787917 0.589187 0.480454 0.335241 -0.101873 0.211117 
3.08798 -0.158724 2.94599 -1.06377 1.6005 0.315474 -0.634788 -0.381054 -0.778452 0.297827 0.182458 0.0970147 
2.8718 0.325702 3.47169 -0.502889 1.92059 -1.1109 -0.0989093 0.0770136 -0.105934 0.329534 -0.0653571 0.189708 
3.05841 -0.434357 2.89392 -0.127602 1.85836 -0.130621 -0.204765 -0.495388 -0.402324 0.212174 0.120792 0.194373 
2.85407 0.138967 2.46893 -1.50189 2.25809 0.30343 0.103192 0.625359 -0.101714 0.324304 -0.111171 0.0662527 
2.67563 0.241617 3.1345 -0.542924 1.53727 -0.565019 -0.789969 -0.0942341 -0.275029 0.233611 0.162241 0.14158 
2.85369 0.107108 3.55584 -0.516725 1.277 -0.297192 -0.177219 -0.783264 -0.228344 0.413904 -0.0349674 0.174168 
2.63778 0.0145879 2.73947 -0.104216 2.13728 -0.83396 -0.15699 -1.08281 -0.291236 0.260542 0.122184 0.266119 
2.67071 -0.39484 2.81908 -0.185179 1.4822 -0.292925 0.281413 -0.6541 -0.591246 0.034011 -0.0688242 0.227863 
2.9155 -0.604216 2.508 -0.730758 1.62532 -0.196853 -0.180924 0.0774679 -0.342244 0.258658 -0.0636302 0.143595 
