2.62962 -0.17845 2.13799 -0.745497 1.6546 -0.452455 0.0267903 -0.610997 -0.378936 -0.104166 0.0818314 0.210705 
2.80383 -0.0816766 3.31937 -1.52228 1.20036 -0.897232 -0.253532 0.282806 -0.464436 0.0594422 -0.162749 0.162469 
2.62854 -0.573813 2.8295 -0.711344 1.7101 -0.714619 -0.830357 -0.453495 -0.857438 -0.0761931 0.19125 0.185 
2.94488 -0.485932 2.22196 -0.545782 1.49244 -0.702683 0.133215 0.00697547 -0.535322 0.466685 0.122679 0.110039 
2.95652 -0.3525 2.58598 -0.851167 1.08876 -0.27628 1.28264 -0.0230714 -0.785137 0.502038 -0.135122 0.0707346 
2.69436 0.218736 2.44699 -1.09918 1.17856 -1.17052 0.135123 -0.960496 -0.304952 0.255262 -0.206468 0.230539 
2.7376 0.653935 1.71272 -0.845246 1.26261 -0.549131 0.358961 -0.788817 0.381287 -0.455631 -0.204685 0.163574 
2.62087 0.138447 2.66148 -1.83802 1.61748 -0.704416 -0.58576 -0.102434 -0.382006 0.0001492 0.103714 0.224395 
2.85029 -0.160124 2.34475 -0.520054 0.930313 -0.0853266 0.568087 -0.67815 -0.669415 0.469978 0.0447561 0.0813743 
2.61559 -0.317069 2.45176 -0.542864 1.43782 0.204026 -0.163978 -1.0654 -0.704826 0.0411606 0.058463 0.19217 
2.94937 -0.151173 2.44018 0.0890908 1.67616 -1.02082 -0.746335 -0.387508 -0.901085 0.0195414 0.150101 0.117693 
2.84987 -0.235495 2.49674 -1.08842 1.21439 -0.349865 -0.629823 -0.223353 -0.523794 0.114504 0.0425537 0.101456 
2.85826 0.157409 2.7818 -1.30418 1.00561 -0.846128 0.143531 -0.51823 -0.814455 0.0618232 0.0209258 0.184304 
2.72476 -0.123429 3.15002 -1.43284 1.11572 -0.150185 0.430442 0.0241015 -0.616354 0.371187 -0.173977 0.0552211 
3.1622 0.229182 2.87436 0.594279 1.7968 0.391033 2.15473 -0.172839 0.113569 0.455893 -0.152485 0.0936316 
3.50583 1.47112 3.06492 0.563528 3.17732 0.932143 1.01516 0.219919 -0.479629 -0.168809 0.268244 0.154884 
3.66672 1.38316 3.33691 0.863218 3.70249 2.65046 1.58541 0.895752 0.360209 0.0555431 0.0863464 0.0986735 
4.20401 0.547052 2.94776 1.09928 4.96821 2.28489 2.19791 1.28535 0.259129 0.506217 -0.183495 0.105347 
3.85545 1.34133 3.82683 1.54615 3.97412 1.37895 1.74487 1.51671 -0.221831 0.375751 0.128925 0.0639358 
4.01518 1.53659 3.80719 1.4565 3.18247 1.09999 1.00731 -0.130324 0.400527 0.370932 0.058558 0.131294 
3.90214 1.16176 3.61489 1.27851 2.03677 0.782513 0.543874 0.756895 0.439241 0.273343 0.263618 0.117322 
3.53156 1.26143 3.83179 1.15009 3.58091 0.215985 1.10622 0.600971 -0.0670436 0.235898 0.173911 0.190604 
3.17978 0.975247 3.44488 1.22636 3.21618 0.721708 0.665101 0.841961 0.274703 0.756083 0.349632 0.0890405 
3.33729 1.28694 3.59437 0.735029 3.10561 0.23368 0.997494 0.46171 0.0315467 0.420258 0.347857 0.204538 
3.57229 0.678842 3.31722 0.294181 2.76074 0.968772 1.33557 0.984835 0.236572 0.72298 0.146185 0.0847758 
4.21623 2.09951 2.83843 1.20498 1.7881 0.0322086 0.866925 0.493723 0.850076 0.95367 -0.164811 -0.116151 
4.31535 2.96879 3.25927 1.29329 0.465213 -0.30882 0.632545 1.48091 0.758574 0.90987 0.037273 -0.0771677 
4.74958 3.34892 3.17436 0.675964 0.325134 -0.104711 -0.176469 0.614059 0.807334 0.603591 0.106286 -0.0318284 
5.18624 3.61469 4.2121 0.49866 -0.400355 -1.18598 -0.0912902 0.773879 0.0590799 0.456483 0.177746 -0.0235024 
5.40959 3.63163 3.96934 0.283704 -0.14254 -0.827296 -0.137251 -0.527743 0.31372 0.305662 0.0465093 0.0329204 
5.22651 3.14167 3.54859 0.0968437 0.245416 -1.00384 -0.284981 0.7938 0.601076 0.373664 0.171819 0.0375272 
4.50963 3.20522 3.10042 0.764845 -0.0176578 -0.490021 0.307298 0.92406 0.883222 0.947294 0.320403 0.0842579 
4.35165 3.21473 3.31777 0.819994 1.24224 -0.108133 0.245 0.626624 1.09391 0.989202 0.171007 0.0427969 
4.557 2.89366 4.40092 0.593883 1.21828 -0.0369302 -0.0608614 1.01016 1.18001 0.968495 0.237915 0.0563228 
4.38886 2.7012 3.09063 0.569126 1.06426 0.164795 0.710057 1.10852 0.453956 1.43732 0.262189 0.0237887 
4.62188 2.53684 3.19205 0.710616 0.601595 -0.188469 1.18341 0.995195 0.812662 0.807994 0.115617 -0.00581454 
4.7119 2.00974 3.03438 -0.696154 0.768348 0.498942 2.11159 1.64858 0.719598 0.364228 -0.249402 -0.133215 
4.82251 2.07163 3.58012 -0.572859 1.38502 0.573636 2.21792 1.92173 0.636849 0.292226 -0.303986 -0.124215 
4.56612 1.23373 3.16752 -0.933726 1.6267 0.102624 2.24597 2.37928 1.10926 0.456068 -0.285722 0.014578 
4.04759 1.14514 3.60629 -0.499402 2.48906 1.08182 1.55549 2.41061 0.665318 0.135241 -0.258 -0.0964818 
4.10924 1.33063 3.32028 -0.366454 1.99988 0.595491 1.26182 0.858787 0.522341 0.571409 -0.181796 -0.0154299 
3.61904 0.912049 3.78123 0.207301 1.45789 0.350333 1.4725 0.729461 0.468027 0.181837 -0.138814 0.0726656 
3.38242 0.906463 3.79186 0.16506 2.71964 0.846502 1.50246 1.22345 0.708426 0.568637 -0.164003 0.0708877 
3.25663 0.948223 3.48862 0.760816 3.01759 0.380704 0.692193 -0.0836753 0.206084 0.487417 0.185299 0.15679 
3.46863 0.665032 3.82974 0.232252 2.66481 -0.365312 0.982779 0.708599 0.0692776 0.41494 0.0711446 0.221724 
3.54073 0.520357 2.98902 0.430553 2.54473 0.105604 0.689851 0.263124 0.372102 0.154859 0.104304 0.212662 
3.0608 0.193534 3.64074 -0.131697 2.62985 0.60516 0.703748 0.112927 -0.215087 0.792514 -0.0435936 0.0353584 
2.77041 -0.218311 3.09598 -0.913253 2.25491 -0.332069 -0.448977 -0.101463 -0.765203 -0.181482 0.162388 0.171372 
2.97589 -0.0349939 3.11614 -0.893446 1.01829 -0.597174 -0.26177 -0.414432 -0.267684 -0.0304302 0.208308 0.249774 
3.39329 -0.34845 2.38469 -0.543371 1.87873 -0.96589 0.441301 -0.312806 -0.0255844 0.520253 -0.264983 0.188926 
2.9708 -0.0734644 3.41178 -0.90878 1.24704 -0.779688 -0.0197212 0.154495 -0.574924 0.00465947 0.077533 0.187513 
2.82161 0.0402085 2.13739 -1.57285 1.41467 -0.195776 0.108976 -0.414143 -1.2545 0.0340966 0.0358529 0.144873 
2.79714 -0.21181 3.02396 -0.895901 1.94991 -0.698346 -0.89332 -0.325241 -0.659954 0.261798 0.0743285 0.100827 
2.82246 -0.108744 2.83736 -0.416743 1.85187 -0.563153 0.0329543 -0.469283 -0.0849758 -0.0682683 -0.13756 0.20662 
3.03769 -0.109004 2.39478 -1.26524 1.79314 -0.591501 -0.64909 0.00824813 -0.123772 -0.0335672 -0.165092 0.148325 
2.6838 -0.38004 2.41356 -1.26122 0.952369 -0.518889 0.238722 0.566157 -0.954908 -0.046399 0.100463 0.140016 
3.0316 -0.299766 2.39979 -0.982012 0.954754 -1.01771 0.171144 0.0376927 -0.0792118 0.121766 0.0415325 0.23841 
2.68403 0.385242 2.21964 -0.946045 1.29014 -0.848705 0.678648 -0.619212 -0.791388 0.187563 0.105487 0.154523 
2.73858 0.201402 2.84514 -1.33537 1.02608 -0.410936 0.0175882 -0.590942 -0.424394 -0.320932 -0.0710825 0.227121 
2.98128 0.460765 2.67423 -1.56274 1.5305 -0.473467 0.262855 -0.400987 -0.753257 0.0615087 -0.0347251 0.162409 
