2.63589 -0.545249 3.15275 -1.21325 0.934577 -0.198429 -0.156581 -0.158824 -0.633652 0.00384265 0.0325303 0.12587 
2.82181 -0.452023 2.74338 -0.760428 2.11375 -1.05573 -0.993842 -0.575005 -0.446035 0.699696 0.0595477 0.0944411 
2.86739 -0.175023 2.42372 -1.16209 1.17935 -0.767759 0.390729 0.00881015 -0.976281 0.0916045 0.0296442 0.109197 
2.6921 -0.204712 2.08023 -1.37248 1.46224 -0.980757 -0.339219 -0.223047 -0.455247 -0.353098 -0.124799 0.221486 
2.928 -0.239043 2.42999 -0.984429 1.84377 -1.01191 0.174389 -0.0230193 -1.08415 -0.180171 -0.183294 0.148408 
2.80735 -0.45236 3.00512 -0.930461 1.66138 -0.319984 -0.476371 -0.542502 -0.958283 -0.0275615 -0.0046706 0.137598 
3.15357 -0.319065 2.38762 -0.595406 1.60383 -1.37083 -0.0328223 -0.542187 -0.475124 0.106773 -0.177237 0.199436 
2.96569 -0.238442 1.53384 -1.17518 1.23031 -0.515664 0.756147 -0.390179 -0.302136 0.139553 -0.276878 0.0731725 
2.77829 -0.268176 2.79225 -1.21628 1.68598 -0.845013 -0.244331 -0.37148 -0.617193 -0.12179 -0.13804 0.217121 
2.86586 -0.249944 2.35709 -0.956124 1.41934 -0.734488 -0.00743721 -0.381648 -0.855058 -0.0797724 0.0772077 0.23133 
2.90575 -0.498028 3.11824 -1.95572 1.0114 -0.3752 -0.111914 -0.288837 -0.612794 0.166924 -0.18452 0.124114 
2.73984 -0.218265 2.91144 -1.18846 0.886743 -1.1766 -0.298432 0.274153 -0.480007 -0.187856 0.01612 0.165063 
2.87329 -0.422142 2.44176 -1.26783 1.83829 -0.608084 -0.30928 -0.0941418 -0.88554 0.302118 -0.129194 0.101753 
2.76375 -0.362162 2.40564 -1.04343 1.60939 -0.963998 -0.338986 -0.566901 -0.462219 0.0946499 -0.0701715 0.211565 
2.63638 -0.336957 2.87624 -0.648022 1.33988 -1.45967 -0.908061 -0.498711 -0.628258 -0.139934 0.0055345 0.202482 
2.68052 0.0136786 2.19573 -0.804937 1.75934 -1.00537 -0.453222 -0.370095 -0.660669 -0.0317561 0.0214718 0.180291 
2.79936 -0.548969 2.65219 -1.5391 2.02887 -0.45349 -0.457537 0.458747 0.139078 -0.133054 -0.11502 0.22927 
2.75005 -0.167723 2.48344 -1.2042 1.98251 -0.841248 -0.944378 -0.281091 -0.0982267 -0.695929 -0.10076 0.270144 
2.75645 -0.577142 2.71103 -1.46248 1.66158 -0.469668 -1.14246 -0.665 -0.449549 0.322548 -0.164101 0.10934 
3.15252 -0.0451403 3.19335 -0.689493 1.92989 -0.252027 0.192353 -0.575652 -0.928819 0.229436 -0.0793116 0.102037 
3.24139 0.741068 3.44099 0.206036 3.13817 1.22402 1.30005 0.545802 -0.253326 0.36958 0.176833 0.105647 
3.52458 0.539434 3.55054 1.19583 3.9089 2.37096 1.39214 1.18812 0.338776 0.59326 0.0879726 0.0367714 
3.84441 1.53832 3.67832 0.874119 4.17874 1.72914 1.54081 1.14972 0.0892114 0.363069 0.0732192 0.0879049 
3.94915 1.26795 3.61912 1.96727 3.95247 2.36461 1.22125 0.838581 0.369365 0.483273 0.239466 0.0785556 
3.97227 1.20298 3.99722 1.25495 4.2008 1.54924 0.749262 0.924698 0.485293 0.413965 0.130312 0.109502 
3.46961 1.31805 4.12385 2.25957 3.23252 1.94685 1.90992 1.36383 0.494731 0.40268 0.172138 0.0892074 
3.11679 1.79921 3.33113 2.68669 2.95624 1.77438 1.48043 1.23906 0.493584 0.360076 0.227772 0.0772407 
2.79924 1.8247 3.43621 2.81941 2.80685 2.08795 1.68537 0.952163 0.394447 0.455269 0.249138 0.0715131 
2.95186 1.94945 3.17506 1.47888 2.32963 1.29571 1.11234 0.684614 0.383885 0.339253 0.347025 0.0946332 
3.18145 1.41475 3.27528 1.24276 2.86167 1.33523 0.753503 0.98245 0.345848 0.530111 0.351929 0.0810316 
3.35946 1.44669 3.24322 0.961401 2.60399 0.819459 1.32304 0.796983 0.311126 -0.100558 0.405434 0.206448 
3.6864 1.19789 4.59148 0.901996 2.84916 0.378556 0.701059 0.912636 -0.0385621 0.0881357 0.163654 0.135845 
3.86063 2.28352 2.98977 1.19622 2.09147 0.61374 0.758313 0.822572 0.373789 0.512545 -0.220701 -0.129401 
4.10666 2.99074 3.28092 1.20188 0.809007 0.360911 0.948215 1.13185 0.711072 0.94949 -0.0457614 -0.0798553 
4.41494 3.11517 3.54145 1.13398 0.807007 -0.115459 -0.113435 1.34507 0.996624 0.637745 0.103244 -0.0376447 
5.01736 2.91129 4.03454 0.538982 1.00978 0.0601522 -0.240713 1.51209 0.905523 0.603333 0.212709 -0.0376659 
5.16522 3.13976 5.10027 0.347241 1.50046 -1.04378 0.0684787 1.38632 0.957925 0.546074 0.106877 0.0605172 
4.8068 3.13555 4.43763 0.434777 0.35582 -0.427737 0.108827 1.1578 0.715194 0.953912 0.377423 0.0771208 
4.38957 2.87244 3.82415 0.77886 0.999002 -0.541773 0.471126 1.30785 0.766682 1.30876 0.316473 0.0748859 
4.44602 2.9415 4.18724 1.01945 0.933211 -0.688911 0.617595 0.512243 0.908514 1.1819 0.18832 0.0881652 
4.24317 2.58641 4.41724 0.77854 0.596981 -0.335223 -0.219742 1.48052 0.844299 1.13619 0.380028 0.0596361 
4.00449 2.31802 3.753 0.7915 1.67691 -0.274551 -0.074924 0.778154 0.790711 1.0266 0.026916 -0.0149163 
4.00612 2.39024 3.5089 0.232582 1.3972 -0.323757 0.131459 1.4199 1.40537 0.926621 0.159427 0.030129 
4.19691 2.04354 3.89587 0.679225 1.36822 -0.0960161 -0.101023 0.942833 1.78776 0.669138 0.082443 0.0908604 
3.93114 1.71476 4.38587 -0.187747 1.3717 -0.118242 0.77954 0.826585 0.528719 0.484919 -0.00751813 0.0694244 
3.84078 1.08898 3.5919 0.297771 2.26403 -0.143359 0.554865 0.326923 0.322326 0.290337 -0.138617 0.0687534 
3.39323 1.01651 3.91761 0.0815247 1.46384 -0.883441 0.0414988 0.83456 0.642919 0.0744317 -0.291098 0.00107876 
3.58813 0.581876 3.25801 0.2833 1.95709 -0.558671 0.0517753 -0.124385 0.121714 0.693871 0.0687009 0.089857 
3.51287 0.359639 3.22703 0.0856249 2.26237 -0.464608 0.198087 0.198338 -0.284882 -0.0662398 -0.0985854 0.0886468 
3.17564 0.248254 3.41422 0.366045 1.84624 0.380859 1.22751 0.182988 0.101205 0.0306031 0.106667 0.173698 
3.23213 0.495732 3.42463 -0.0173254 2.45875 -0.42121 0.447247 0.0805851 -0.030131 0.659831 0.25463 0.200268 
3.24039 0.572377 3.22021 -0.182426 2.02529 -0.744517 0.122171 -0.131234 -0.146035 0.261279 0.174652 0.195687 
2.94394 0.143588 3.22063 -0.366895 1.3315 -0.161427 0.441567 -0.612607 -0.234619 0.118097 -0.00232847 0.147434 
3.00087 0.428921 2.86129 -0.70586 2.35777 -1.2095 -0.359299 -0.178908 -0.710801 0.0497473 0.0607324 0.183501 
3.02222 -0.323728 2.29552 -0.828873 2.11269 -0.486471 -0.0425891 -0.289331 -1.16036 0.10322 -0.00578078 0.150081 
3.07257 -0.262758 2.52394 -0.867891 1.47681 -0.0502947 0.667827 -0.443579 -0.536429 0.280067 -0.0138174 0.196391 
2.71314 -0.204258 2.60864 -0.992156 1.91089 -0.26522 0.900097 0.0384108 -1.26581 -0.278254 0.0418854 0.236171 
2.44523 -0.299138 3.16448 -0.588758 1.44991 -0.423523 -0.599687 -0.509763 -0.633714 0.0801521 0.193405 0.178408 
2.89815 -0.202303 2.69633 -1.06257 1.50147 -0.331365 -0.208619 0.0180096 -0.494809 -0.192173 -0.129996 0.139231 
2.65803 -0.247717 2.73921 -0.957214 1.96465 -1.04296 -0.651857 -0.174255 -0.488213 0.120528 0.114125 0.211936 
