2.89969 -0.268843 1.98027 -1.34339 2.14427 -0.724243 -0.596623 -0.526029 -0.852672 0.033551 -0.1034 0.159519 
2.40436 -0.287761 1.45467 -1.29207 2.43322 -0.0530349 -0.328213 -0.0923952 -0.280309 -0.375009 -0.0911237 0.167404 
2.64977 -0.385876 2.9336 -0.732884 1.57295 -0.934129 -0.870437 -0.699507 -0.333612 0.0908422 -0.103326 0.149398 
2.78946 -0.259388 2.75066 -0.616036 1.4224 -0.692788 -1.06652 -1.75786 -0.661032 0.193867 0.0338094 0.129302 
2.52516 -0.167388 2.61062 -1.13793 1.19572 -0.516337 0.0690984 -0.418568 -0.934352 -0.240953 0.114913 0.17636 
2.87039 0.00380759 2.37043 -0.645511 1.69833 -1.10263 -0.15892 -0.327885 -0.10954 0.124839 0.034832 0.110714 
2.70852 -0.359158 2.28008 -0.981148 0.783603 -0.650559 0.296022 -0.239484 -0.883644 -0.0461199 -0.161519 0.0459943 
2.88013 -0.693932 3.02234 -1.21758 1.48604 -0.51412 -0.777677 -0.776784 -0.958683 -0.0478863 0.0470765 0.218448 
3.02019 -0.505102 2.17624 -1.218 1.94347 -0.438368 0.0776174 -0.573342 -0.852026 -0.218274 -0.294534 0.155385 
2.80983 -0.211965 2.58304 -0.885115 0.863556 -1.07841 -0.125488 -0.72694 -0.962358 -0.219223 0.08718 0.176953 
2.96541 -0.39568 2.43366 -1.65334 1.53764 -0.883443 -1.13668 -0.34792 -0.611263 -0.20352 -0.0592933 0.139328 
2.8142 -0.00136351 2.59379 -0.859101 1.81804 -1.38976 -0.445487 -0.266761 0.0194653 -0.088495 -0.0573952 0.239916 
2.764 -0.415533 2.28059 -0.721819 1.03293 -0.511222 -0.19908 -0.398197 -0.350012 -0.203768 -0.148882 0.0993375 
2.57804 -0.400761 2.82476 -0.7598 0.326568 -1.32498 -0.243438 -0.787898 -0.606236 -0.308394 -0.0541234 0.212326 
2.47042 -0.236586 3.08376 -1.12006 1.79824 -1.12415 0.387325 -0.592944 -1.64339 0.088255 0.131217 0.198352 
2.90902 -0.409373 2.46903 -0.829825 1.61752 -0.959302 -0.885347 -0.284492 0.0915111 -0.354129 -0.0610754 0.281383 
3.59923 0.653254 3.41293 0.150949 2.21705 0.453732 2.00086 0.754957 0.00753932 0.229971 0.0144695 0.175548 
3.85163 1.21203 4.10514 1.04335 2.73798 0.234258 0.58478 1.12181 -0.244979 -0.065363 0.245028 0.126308 
3.67823 1.39292 4.00606 0.961411 3.73497 1.10155 1.12688 0.949524 0.329212 0.14035 0.115728 0.152638 
3.82627 1.02993 4.39648 1.22434 3.97349 1.54769 1.21016 0.930197 0.345756 0.190533 0.0890345 0.175621 
3.43993 1.79587 3.94294 1.9558 3.41243 1.43784 1.06559 0.703613 0.392342 -0.0355111 0.276085 0.121857 
3.2794 1.75761 3.96119 2.78585 2.76476 2.0263 1.64897 1.23886 0.312296 0.263249 0.265598 0.0705586 
3.06696 1.82117 3.57384 2.78664 2.8612 1.38266 2.0503 1.24389 0.501889 0.696483 0.094184 0.0586984 
3.10657 1.61538 3.26715 1.44818 2.52387 0.727406 1.07118 0.746869 -0.0954813 0.517532 0.391695 0.0937799 
3.03582 1.25867 3.5911 1.18456 2.92822 1.03727 0.881594 0.687521 0.738142 0.610013 0.235442 0.108556 
3.18458 0.898909 4.04763 1.13649 3.23324 0.233911 0.44564 0.937486 0.279858 0.807736 0.308872 0.104383 
3.2247 1.7189 3.55838 1.59696 2.20159 1.19834 1.65718 1.24535 0.274608 0.564606 0.070238 0.014714 
4.53217 2.74324 3.32473 0.904291 0.675321 0.296925 0.508651 1.58464 1.04589 0.185188 -0.04791 -0.104483 
5.01655 3.25435 3.27104 -0.291426 0.619963 0.216496 -0.0185568 1.33192 1.04388 0.471799 0.102946 -0.0875782 
4.69285 3.77732 3.57696 0.12625 -0.763141 -0.579854 0.0446974 0.814697 0.615245 0.453529 0.144314 -0.0342087 
4.81163 3.84805 3.52226 0.9818 0.110723 -1.0882 -0.966083 0.218957 0.500635 0.298982 0.214254 0.0614477 
5.05049 3.38307 3.32387 0.489454 -0.284895 -1.25206 0.208944 0.584708 0.595219 0.703976 0.326276 0.118049 
4.82753 3.24235 3.0672 -0.0667503 -0.684468 -0.783983 0.148403 0.968853 0.806641 0.551346 0.305374 0.079309 
4.82699 3.01283 3.92355 -0.275503 0.498197 -0.891424 0.309949 0.891843 0.128748 1.00934 0.247491 0.0373973 
4.82559 2.11443 4.61358 -0.834674 1.12361 -0.359179 -0.243397 0.165953 0.941683 1.32074 0.0820554 0.0886577 
4.43055 2.15811 3.76753 -0.107721 1.21047 -0.452686 0.0402805 1.07479 0.327419 0.875864 0.209388 0.00419965 
4.22892 2.87908 3.4146 0.993814 0.600415 -0.445148 -0.0450749 1.07772 0.764778 0.845176 0.247576 0.0598919 
4.04998 2.45268 3.31775 0.994928 0.895558 -0.237002 0.0922071 0.829474 0.73 0.493023 0.205004 0.0775282 
4.15703 1.62753 3.23757 -1.70336 -0.468056 -1.14998 1.0455 1.12509 0.192836 0.0441943 -0.0797053 -0.0314677 
4.57687 1.25438 3.57976 -1.91867 0.873643 -0.327417 0.647834 1.43499 0.52669 0.085585 -0.319577 -0.057004 
4.00916 1.56682 3.2546 -0.294131 2.87998 0.00135307 0.627867 1.28048 0.549138 0.236619 -0.270597 -0.0382936 
3.60159 1.20632 3.67853 0.392823 2.51604 -0.166659 0.694817 0.373865 0.103513 0.0711793 -0.166246 0.0681556 
3.79008 0.891828 4.30333 0.354057 2.01956 0.252844 -0.0909533 0.85508 0.067297 0.195155 0.278551 0.0945756 
3.47597 0.501951 4.29344 0.338972 2.15937 -0.116063 0.225636 -0.14376 -0.122956 0.246072 -0.0107934 0.136371 
3.48301 0.4569 3.86738 0.149377 2.63093 0.18691 0.566136 -0.0138988 -0.492466 0.481814 0.170563 0.154656 
3.41013 0.275015 3.90088 -0.344101 2.33118 -0.368905 0.343613 0.0530201 -0.680351 0.158249 -0.0131288 0.17004 
3.2805 0.284236 2.60254 -0.83188 1.79923 -1.06413 -0.266191 -0.0116246 -0.74772 0.00806943 -0.200525 0.0514881 
3.15101 -0.0627336 3.20171 -0.590719 1.45917 -0.891722 -0.0571209 -0.208882 -0.70194 0.0227658 -0.0777064 0.134774 
3.0737 0.112992 2.87905 -0.415876 1.93591 -0.846312 0.214083 -0.824128 -0.573185 0.0520227 0.000157486 0.227444 
2.89574 0.183366 3.44955 -1.03912 1.5745 -0.492937 0.00823285 0.290522 -0.918921 -0.326223 0.0740318 0.0543639 
3.03789 -0.524555 2.89007 -1.11062 1.802 -0.10343 0.329288 0.530028 -0.52596 -0.0819018 -0.0179592 0.0656224 
2.78944 0.00271577 2.38969 -1.46467 2.41459 -0.817521 -0.616754 0.733959 -0.0903523 -0.430186 -0.170329 0.0577388 
2.74507 0.207183 2.80338 -0.803678 0.988811 -0.524004 0.423039 -1.56377 -0.873296 -0.199757 0.203702 0.243642 
2.80958 -0.175599 1.96924 -1.07292 1.72842 -1.04034 -0.175714 -0.814243 -0.980837 0.246642 -0.108073 0.148645 
2.67079 -0.440013 2.65037 -1.08371 1.32155 -0.227295 -0.887151 -0.122108 -0.336569 -0.114536 0.0702832 0.118017 
2.4909 -0.338629 2.22799 -1.42257 1.79512 -0.301381 0.830098 -0.238313 -0.670344 -0.0904026 0.0250055 0.261426 
2.80375 -0.2533 3.10433 -1.03074 0.935865 -0.897505 -0.138346 -0.706427 -1.43145 0.0855553 0.128694 0.113844 
2.84493 -0.199766 2.88501 -0.980992 1.92326 -0.688175 -0.195464 -0.349705 -0.549971 0.127769 -0.0796585 0.199885 
2.81864 0.359667 2.32514 -0.444603 1.84876 -1.40402 0.74129 -0.674604 -0.967114 0.00770745 -0.0811438 0.21567 
2.70673 0.320271 2.6225 -1.38415 1.90866 -0.505815 -0.0121324 -0.192382 -0.297348 -0.0343616 -0.14155 0.0575585 
