2.6343 -0.222018 2.84088 -1.42055 1.66736 -0.446157 -0.524611 0.321324 -0.862976 0.036834 0.258981 0.120032 
2.83484 -0.167841 2.8571 -0.734023 1.575 -0.723042 -0.0706437 -0.536435 -0.378045 0.193378 -0.0239587 0.200348 
2.69639 -0.311833 2.17624 -0.773191 1.31852 -0.76386 -0.219187 -0.507481 -0.582567 0.0574215 0.0148801 0.18158 
2.56255 -0.62611 2.56702 -0.898709 1.29324 0.162302 -0.115491 0.123007 0.115156 0.231373 0.115437 0.122589 
2.86009 -0.521924 2.75379 -0.827449 1.64868 0.108134 0.0584834 -0.43932 -0.91222 0.148465 0.066092 0.116389 
2.65928 -0.323279 2.61775 -0.598957 1.47532 -0.781545 0.00267794 -0.698755 -0.755221 0.319167 -0.0715506 0.206785 
2.59991 -0.596987 2.89278 -0.34568 1.56069 -0.475441 -0.0865769 -0.297243 -0.541886 0.568751 0.0656608 0.0801774 
2.69617 -0.115007 2.57958 -1.33695 1.74014 0.111476 0.294448 -0.0846624 -0.94866 3.89016e-005 0.118719 0.139854 
2.63636 -0.342779 2.82293 -0.440699 1.17277 -1.06184 0.373732 -0.228636 -0.740608 0.0433488 -0.0302059 0.224096 
2.6153 -0.291529 2.97237 -1.00939 1.69408 -0.246428 0.0395649 -0.4259 -0.255822 -0.147386 -0.12896 0.260022 
2.63929 -0.214027 2.00124 -0.917596 2.33245 -0.168559 0.323973 -0.717588 -0.390457 -0.0254616 -0.254941 0.233303 
2.69611 -0.0912075 2.65011 -0.957743 1.08866 -0.142019 1.20232 -0.129963 -0.365316 -0.0814746 -0.189364 0.165502 
2.76062 -0.0857205 2.81205 -1.10072 2.2627 -0.858935 -0.431531 -0.096311 -0.835598 0.178476 -0.0204829 0.148785 
2.77213 -0.116942 2.71891 -1.01568 1.80588 -0.927786 -0.308113 0.111536 -0.874125 -0.422271 0.0740202 0.228055 
2.97372 -0.112022 2.17302 -1.93897 1.68867 -0.489691 -0.127019 0.280286 0.104345 0.209039 -0.378018 0.112316 
2.61597 -0.205214 2.65842 -0.52922 1.80238 -0.880828 -0.295549 -0.0586666 -0.673445 0.11971 -0.0888553 0.156598 
2.84652 -0.21546 2.60427 -0.812009 1.42626 -0.41051 -0.0986066 -0.590989 -0.665368 0.120879 0.0919647 0.180468 
2.60571 0.0590118 2.61781 -1.15279 1.77762 -0.630978 0.800714 -0.0154113 -0.461878 -0.0528745 -0.0193426 0.219961 
2.93311 -0.104537 2.5599 -0.63991 0.341983 -1.06972 0.151598 -0.0526611 -0.382457 -0.412638 -0.0953857 0.197074 
2.44881 -0.151683 2.49764 -1.06846 1.43298 -0.569979 0.511507 0.305015 -0.751525 -0.223122 0.0124781 0.174758 
2.50411 -0.174509 2.86478 -1.30307 1.63903 -0.64074 -0.271465 0.174465 -0.132388 0.275686 -0.177961 0.156447 
2.91428 -0.199564 2.65476 -1.2361 0.922855 -0.478397 -0.386664 -0.458592 -0.330668 0.0696734 -0.0435397 0.193055 
2.79118 -0.309041 2.46386 -0.565754 1.84516 -0.470918 -0.5018 -0.21613 -0.181455 0.332391 0.0693952 0.125081 
2.74092 -0.272594 2.62681 -0.732905 1.48789 -0.724447 0.190311 -0.565972 -0.73028 0.268785 0.0109325 0.170374 
2.55411 -0.114417 3.31749 -1.06348 1.35838 -0.264073 -0.660924 -0.255536 -1.06121 0.00831786 0.332286 0.119163 
2.77223 -0.447451 2.23364 -1.10803 1.74788 -0.467486 0.5161 -0.518167 -0.0328333 0.58683 -0.140521 0.22338 
2.9498 -0.0711576 1.51339 -1.34452 1.52632 -0.119071 -0.00733106 0.00866748 -0.195989 -0.11174 -0.170551 0.13662 
2.60823 -0.273269 2.95174 -0.810395 1.79826 -0.82544 0.312703 -0.0454623 -1.08995 -0.0680777 0.0916298 0.203985 
2.58551 -0.409341 2.50271 -0.819332 1.82724 -0.667237 -0.502441 -0.775219 -0.2941 0.17829 0.0401176 0.232013 
2.61882 -0.0609153 2.10009 -1.53401 1.42763 -0.492484 0.0950102 0.439143 -0.553069 0.0872561 0.175623 0.151713 
2.668 -0.42669 2.34587 -1.33213 2.13297 -0.0113289 0.391003 0.170219 -0.316613 -0.0242981 -0.0344563 0.225394 
3.02364 -0.0576213 2.01812 -0.166717 1.64951 -0.705522 0.0511985 -1.07559 -0.215496 0.0384847 -0.0228175 0.233053 
2.59923 -0.175573 1.92331 -0.766903 1.34443 -0.284057 0.89515 -0.338046 -0.31705 0.326125 0.0264935 0.126228 
2.57852 -0.148192 2.63998 -1.0499 2.25514 -0.494081 -0.30637 -0.197042 0.194524 0.236912 -0.105993 0.187464 
2.73313 -0.0214359 1.98155 -0.560312 1.98667 -1.05031 -0.0465675 -0.846565 -0.530162 -0.0307276 -0.031131 0.259765 
2.52322 -0.211222 2.49293 -0.547521 0.783328 -0.483053 0.716296 -0.195809 -0.30763 -0.387555 -0.0283848 0.227913 
2.89628 -0.484463 2.7732 -1.12418 1.76775 -0.660084 -0.0490332 0.481478 -0.945484 0.0454957 0.250283 0.199002 
3.2976 0.559157 3.55862 -0.207873 2.91608 0.711746 0.73729 1.17811 0.595109 0.205986 -0.0206738 0.114133 
3.40597 0.9493 3.19423 -0.244735 2.54085 1.53947 1.89832 1.08685 -0.00371965 -0.385717 0.138052 0.183482 
3.75297 1.18571 2.20635 0.246575 3.25078 2.4179 2.1606 2.08557 0.0519751 -0.443176 -0.00151462 0.0871494 
3.85571 0.990042 2.30527 0.903676 3.31087 2.95105 2.69665 1.46423 -0.0448188 -0.205045 0.00249461 0.128971 
4.25003 1.24299 2.6469 0.20241 3.10574 1.88717 3.11842 1.6019 -0.446739 -0.187132 -0.0961941 0.132775 
3.8803 1.26365 3.12217 0.56241 3.5367 2.64434 2.28728 2.09993 0.0615378 -0.442996 0.0326425 0.104529 
3.51861 1.3152 3.15051 0.654723 2.84352 2.49945 2.61686 1.56347 -0.278021 -0.164135 0.0958323 0.0937947 
3.83443 1.34046 3.19214 0.848124 1.72703 0.164182 0.906076 0.909667 0.400452 0.392593 0.313136 0.15202 
3.28794 1.35073 3.45477 0.688498 2.14742 0.58137 0.948676 1.25274 0.534163 0.52292 0.351828 0.116947 
3.2329 0.997528 3.8952 1.04694 2.19327 0.826833 1.15707 0.758279 0.215224 0.781474 0.279673 0.07152 
3.54347 1.10596 4.02148 0.881302 2.59227 0.584365 1.26655 0.754969 0.464249 0.440237 -0.0637969 0.0821605 
5.38052 1.7049 2.72804 -0.0895802 1.16708 0.543285 1.43415 0.6064 0.0574286 1.07904 0.0894995 -0.156077 
5.61916 2.59307 2.22684 -1.2872 0.972604 0.368223 0.84773 0.913102 0.507722 0.35028 -0.136874 -0.144053 
5.77388 2.67863 1.17081 -0.718823 0.751111 0.723532 0.0914291 0.459487 0.0364714 0.217934 0.0361059 -0.0843572 
5.838 2.58727 1.02815 -0.842859 1.85795 -0.0767087 -0.410951 -0.513766 0.55829 0.626433 0.0563025 -0.0783125 
6.38513 1.77963 1.84243 -1.83824 1.66058 0.176631 -0.32605 -0.605184 0.0928671 1.15697 0.312107 0.0773478 
5.5099 2.3893 1.33534 -0.83025 1.22142 0.766214 -0.370976 -0.159388 0.161509 0.923643 0.466649 0.0706515 
5.21044 2.49414 1.46612 -0.216133 0.865314 1.21962 0.059789 -0.94152 0.0789333 0.751449 0.3472 0.0848489 
5.31944 1.80374 2.68373 -1.47041 1.16603 0.139822 0.129948 0.0400178 -0.222079 0.861064 0.18908 -0.00902655 
5.31079 2.16065 3.44957 -1.27558 1.38231 0.0631147 0.849164 0.333436 0.208733 1.09746 0.0500234 0.0432457 
5.09158 2.2874 2.76706 -0.866678 2.29549 1.03579 0.845162 1.17466 0.455566 0.144338 -0.225098 -0.156076 
4.85803 1.82666 2.07825 -1.40377 0.633517 1.74853 1.43303 1.21306 -0.233468 0.212128 -0.139471 -0.19238 
4.94388 1.52948 1.42396 -1.57082 1.37148 1.61578 0.923672 0.997675 -0.0574981 -0.252379 -0.166613 -0.127147 
