3.02634 -0.113449 1.26173 -1.33697 1.83242 -0.516271 0.35567 -0.0614958 -0.727649 -0.218726 -0.237422 0.0283363 
3.05672 -0.0460334 2.24062 -1.42613 0.502134 -0.631129 -0.190065 -0.946576 -0.31089 -0.728337 -0.251987 0.196487 
2.60146 -0.697979 2.11361 -1.89793 0.717657 -0.341303 -0.595595 -0.392716 -0.760838 0.132188 0.134449 0.11166 
2.81745 -0.415463 2.26122 -1.81916 0.682377 -0.591823 -0.966214 -0.150477 -0.841839 -0.175858 -0.21174 -0.064869 
2.69029 -0.562512 2.54839 -1.21235 1.14272 -1.13911 -0.288448 -0.672225 -1.09851 0.0653053 -0.179159 0.130721 
3.05073 -0.746951 2.81329 -1.24776 1.04042 -0.0255904 -0.795919 -0.074329 -0.549192 -0.0911619 -0.0121343 0.0274476 
2.85146 0.211244 2.59858 -1.55245 1.63351 -0.644528 0.30312 -0.608304 -1.63376 0.0136635 0.214844 0.179302 
3.08445 0.1638 2.62036 -0.96231 2.37604 -1.00987 -0.69936 0.0539837 -0.0497843 -0.375753 -0.202116 0.188975 
2.46604 -0.328049 2.32464 -1.50916 1.94274 -0.788757 -0.477621 -0.163393 -1.13496 -0.641753 0.125041 0.223547 
2.91624 -0.451474 2.09636 -1.48962 1.77811 -0.901598 -0.482995 -0.280949 -0.396727 -0.43236 -0.172643 0.178278 
2.58918 -0.377254 3.0566 -1.16521 1.58972 -0.841026 -1.1424 -1.12626 -0.857636 -0.0638786 0.0346144 0.158343 
3.06133 -0.072132 1.99491 -1.41995 1.57779 -0.552138 0.488497 -0.574991 -0.6128 0.045097 -0.142219 0.159032 
2.7906 0.1202 2.35327 -1.40886 1.12076 -1.03848 0.490908 -1.25637 -0.820356 0.485306 -0.167715 0.105644 
2.86176 -0.427273 2.09002 -0.443981 0.779673 -0.481791 -0.722649 -1.15417 -0.280009 -0.21606 -0.0185287 0.16704 
2.63519 -0.829312 2.31472 -2.04249 0.860389 -0.572455 -0.0492111 0.586672 -0.371147 -0.38642 -0.0966889 0.0725867 
2.73027 -0.488507 2.86217 -1.28341 1.26119 -0.917199 -0.487649 -0.686586 -0.849914 -0.341653 -0.157992 0.210088 
3.11339 -0.307402 2.32717 -1.36442 1.11733 -0.263566 -0.360264 -0.0688014 -0.369478 -0.651055 -0.31776 0.0667817 
2.85491 -0.218826 2.42193 -1.21587 1.56062 -0.987588 -0.8478 -0.761144 -0.813316 -0.291475 -0.0767227 0.152196 
2.77255 -0.388626 1.61495 -1.60725 1.1431 -1.13156 -0.0592472 -1.20568 -0.686914 0.297936 -0.0161307 0.221835 
3.41533 0.513578 2.85433 -1.14214 1.54123 0.460286 1.36128 0.00509454 -0.638776 -0.150896 -0.257625 0.0186864 
4.3488 0.956784 3.77421 -0.711839 1.4683 0.326017 0.35646 1.10998 0.240287 0.552731 -0.205457 -0.204705 
5.25009 1.53204 2.72442 -2.46798 0.623444 0.395927 0.638066 0.76337 0.372169 0.5982 -0.182594 -0.159462 
5.52399 1.94012 1.30901 -3.444 -0.301224 0.904428 1.4243 1.05409 -0.260296 -0.117789 -0.269927 -0.169794 
5.40792 1.57984 1.5888 -2.82987 -0.047086 1.3948 1.20883 0.939383 -0.503796 -0.402467 -0.326552 -0.22803 
5.29318 2.59858 0.764791 -2.2578 -0.463963 0.857341 1.11751 0.940778 -0.444119 -0.303834 -0.354582 -0.192218 
5.44348 2.84448 1.06064 -2.27359 -0.640578 -0.00775023 1.88069 1.03207 -0.330917 -0.0688584 -0.446543 -0.21936 
5.50544 2.74065 1.98977 -2.22944 -0.675881 -0.448171 1.65511 0.879083 -0.298122 0.097927 -0.412483 -0.223549 
4.82618 2.19035 2.36417 -1.43829 -0.305653 -0.354888 0.00431299 1.09124 0.107056 -0.120412 -0.229515 -0.224818 
4.73265 2.25247 3.52089 -0.861669 0.61702 -0.490401 0.650652 1.26948 1.07799 0.233962 -0.236309 -0.114641 
4.52023 1.61371 3.36471 -1.78931 1.55008 0.539123 0.872139 2.42504 0.629559 0.885033 0.100332 -0.156657 
4.15913 0.739896 3.44053 -0.795399 1.11105 -0.537551 0.936809 0.870067 0.716214 0.87179 -0.339919 -0.0548877 
3.53522 0.999948 3.73178 -1.59874 0.0782108 -1.04215 0.0867131 0.809884 0.24387 0.110227 -0.380019 -0.129461 
3.74454 0.223444 3.38465 -2.29891 0.747827 -0.384095 0.0926181 1.39826 -0.272262 0.161816 -0.0551982 -0.119834 
3.45638 -0.231253 3.86019 -1.03518 0.712012 -0.819639 0.428222 0.785638 -0.776873 0.580855 -0.0673242 -0.10239 
3.10703 -0.499129 3.17734 -1.40935 1.5457 -0.659994 0.0474391 -0.267261 -0.386478 0.0618353 -0.0382692 0.22826 
3.29943 -0.638788 2.93028 -1.12968 0.861996 -1.26711 0.128745 0.57356 -0.987501 -0.0433733 -0.123588 0.0424325 
3.41579 0.00368046 3.51091 -0.0789098 1.22873 -0.703259 -0.163994 -0.667143 -0.513501 0.236269 -0.0913166 0.0784842 
4.34783 1.37016 3.59996 -0.974215 0.179817 -0.997772 -0.568659 0.535415 -0.0126689 0.709318 -0.00338107 -0.164918 
4.52641 2.63217 3.89157 -0.548572 0.960125 -0.717273 -0.330181 0.0485144 0.818869 0.895309 0.0590791 0.0498362 
4.22705 2.06518 4.15967 0.55352 0.551648 -0.580747 -0.439634 0.479043 1.08508 0.912637 0.200078 0.100572 
4.38502 2.19986 3.64784 -0.248468 0.983978 -0.691396 0.226846 0.284326 0.948487 1.29194 0.20194 0.118174 
4.08691 1.47095 4.2394 -0.264184 1.77601 -0.103258 0.42161 0.596739 -0.0473593 0.594418 0.150379 0.103823 
3.87908 1.67912 4.11318 -0.179714 1.2128 0.305348 0.137606 -0.170163 0.246621 0.719596 -0.0202296 0.0179422 
3.99273 1.02264 3.51044 0.315172 1.9829 -0.276361 0.484083 0.255872 -0.478324 -0.0322006 0.142781 0.148573 
3.76318 0.720441 4.11381 0.315436 2.06756 0.130954 0.776724 0.14634 0.168045 0.0698038 -0.175158 0.137636 
3.67436 0.971229 4.15928 0.247512 2.91045 0.107245 0.301233 0.109851 -0.230226 -0.270707 0.0281281 0.205129 
3.48994 0.94188 4.12712 1.14907 2.46135 0.0184465 0.862875 0.762107 0.489545 0.149786 -0.242734 0.0495794 
3.7709 1.16656 4.47631 0.613986 3.12522 -0.135914 -0.0647519 -0.42518 -0.76841 -0.140234 -0.148719 0.0782274 
3.9679 1.2391 4.66847 -0.203817 3.29691 0.301161 0.624993 0.307876 -1.13177 -0.821687 -0.0700909 0.238965 
3.51969 1.42347 4.33454 0.50069 2.96011 -0.145661 0.467771 -0.384758 -0.708381 -0.418996 -0.140852 0.103993 
3.68786 0.646351 4.21549 0.681844 2.37806 -0.883774 -0.413828 -0.538201 -1.0779 -0.200854 -0.121711 0.0252307 
3.83174 1.04603 3.21446 0.985069 1.99299 -0.948206 1.14395 0.675457 -0.244603 -0.429434 -0.375969 -0.00531298 
3.66985 0.943283 3.72831 0.0188352 1.98929 0.136935 -0.214606 -1.50889 -0.764239 -0.457637 -0.238178 0.0425296 
3.34184 0.299547 3.51918 -0.394972 2.63239 1.03446 0.371708 0.380273 -0.465337 -0.485459 -0.182155 0.0127246 
3.57667 0.288603 4.20492 -0.681744 1.64317 -0.417289 -0.0243228 -0.435297 -1.48661 -0.44959 -0.000566622 0.101524 
3.26902 0.401389 3.81216 -1.0164 1.53952 -0.444394 0.554509 0.00668264 -0.509959 -0.252684 -0.269024 0.0870922 
3.3591 0.249536 3.23866 -0.571411 2.28719 0.800512 0.393582 -0.0684964 -0.558899 -0.0254076 -0.257411 -0.0590874 
3.4709 0.636971 3.77838 1.15625 2.34893 0.500248 0.258112 0.31137 0.0178207 -0.413577 -0.327693 -0.0473775 
3.40964 0.0524508 3.41796 -0.0805904 2.15166 0.468612 -0.0102909 0.316987 -0.748329 -0.0671694 -0.13127 -0.11925 
3.19563 0.363428 3.1373 -0.575147 1.91345 -0.649258 0.352609 -0.962974 -1.02238 -0.697934 -0.0391419 0.222324 
