2.83286 0.027569 3.6719 -0.6599 1.64397 -0.559854 -0.0554018 -0.115858 -0.521467 0.0125067 -0.0832134 0.19444 
3.09839 -0.485771 3.35976 -0.776897 1.96103 -0.204218 -0.362996 0.557255 0.0945993 0.37221 0.0325414 0.148501 
2.76826 -0.138875 3.21288 -1.14783 1.34881 -0.272617 -0.341359 -0.21506 -0.678729 0.362778 0.161994 0.170478 
3.21654 -0.387443 2.84835 -1.06129 2.13092 0.28749 0.879503 0.491685 -0.360902 -0.0459172 -0.116528 0.226583 
2.90829 0.118751 3.20522 0.0455059 2.29413 -1.01242 -0.240773 -0.190486 -0.271921 0.143948 0.0562714 0.22263 
3.20773 0.0975334 2.47384 -0.454292 1.42328 -1.15274 -0.152081 0.335927 0.198192 0.135864 -0.157719 0.169074 
2.89712 -0.206131 2.89934 -0.826075 2.53437 -0.874178 -0.928801 -0.260468 -0.399487 0.224956 -0.0149149 0.227473 
2.70964 -0.207928 3.11691 -0.268841 1.98342 -0.561382 0.201666 -0.192749 -0.724363 0.194552 0.266704 0.230905 
2.69837 0.0388267 2.81994 -0.253784 2.48305 -0.748219 -0.599262 -0.34685 0.0342526 0.524018 -0.0803441 0.152724 
3.12706 -0.468753 2.2952 -0.536585 1.11464 -1.16893 0.880773 0.329733 -0.953771 0.311217 -0.0557521 0.170682 
2.86179 -0.203088 2.57661 -1.21989 2.16433 -0.37085 -0.693822 -0.0844944 -0.233244 0.117105 -0.0232115 0.212251 
2.856 -0.414782 2.87954 -0.954384 1.51234 -0.153958 0.0896542 -0.0820031 0.150643 0.679421 -0.0602307 0.160494 
2.77399 0.114914 2.40597 -0.699656 1.70598 -0.534306 0.0410182 -0.151218 -0.660481 0.252609 0.0775409 0.174302 
2.8092 -0.422893 2.46114 -0.420802 1.77673 -0.255507 0.711666 -0.0161602 0.403712 0.461516 0.0408127 0.247604 
2.75904 0.27393 3.24863 -0.60934 0.885597 -0.176952 -0.404782 -0.14216 -0.322711 -0.117717 0.0798012 0.154978 
4.13319 0.789752 2.59856 -0.37524 1.84206 1.28157 1.8475 -0.20746 -0.13156 -0.0643489 -0.533105 -0.0806435 
5.26782 1.62083 2.09144 -2.73197 1.05642 2.51575 2.01598 0.865802 -0.520253 -0.287078 -0.328657 -0.135049 
5.77744 1.62554 1.40491 -1.88561 1.82682 1.8844 2.82967 1.48691 -0.954804 -0.149626 -0.277392 -0.144489 
5.42986 1.96513 1.37594 -2.14966 0.629688 2.71419 3.22107 1.65132 -0.808899 -0.0990629 -0.260114 -0.144789 
5.44571 1.99441 1.70778 -1.45639 0.128546 2.86329 2.16737 1.82727 0.0201879 -0.0934135 -0.141171 -0.121165 
5.59854 2.42926 1.46209 -2.05638 1.22988 1.85553 2.44957 1.46417 0.0336468 0.365101 -0.0339711 -0.0273826 
5.17944 2.50369 1.34043 -1.73721 1.6552 2.39934 2.03945 1.00701 0.069744 0.397139 0.13486 0.0648826 
4.73328 2.14544 1.67148 -0.651933 1.54526 1.77058 1.80221 0.959395 -0.26912 0.412095 0.131563 0.05391 
4.6399 1.85202 1.72328 0.264662 1.8577 1.26397 1.86053 0.365872 -0.480468 0.257831 0.162872 0.10569 
4.15482 1.76777 2.90157 0.259994 1.72265 1.1215 1.2699 0.438943 -0.375076 0.419426 0.255528 0.0976141 
4.19356 1.42503 2.68412 0.165519 1.85093 1.84165 2.01402 1.08858 0.574072 0.742451 0.0788608 0.0191731 
3.73748 1.45276 5.1058 -0.269269 2.32235 1.01583 1.09677 1.14086 -0.274285 0.606683 0.164756 0.0397263 
3.1751 0.250307 3.58821 0.182428 1.69172 0.428933 1.74802 1.75661 0.993941 0.400534 0.155119 0.16182 
3.46323 0.281562 4.11867 -0.108769 1.7157 0.905436 1.34549 0.139262 0.120858 0.960917 0.102385 0.110059 
2.93446 -0.34293 4.41527 0.131915 1.40909 0.938118 1.26278 -0.212445 -0.0347569 1.0869 -0.012462 0.0346885 
3.0066 0.347322 4.09141 0.0702648 1.6463 0.781827 1.09985 -1.77151 -0.115581 1.62346 0.0483795 0.119662 
3.72915 0.509635 4.56624 -0.659263 0.20618 -0.647494 0.948006 0.641151 0.816944 1.39349 -0.228712 -0.0031491 
4.82256 1.69957 4.1215 -0.42967 -0.021521 -0.548109 0.820713 0.370122 0.801282 1.20371 -0.0810859 -0.0722481 
5.06431 2.10259 4.71279 -0.283101 0.839936 -0.891502 -0.426177 0.817674 1.17018 0.707219 0.0153024 0.0637112 
4.73419 2.48393 4.72533 0.0311375 0.959405 -0.805941 0.231225 0.593663 0.32568 0.484829 0.0729025 0.0826529 
4.84089 2.4564 4.36285 0.221573 0.334884 -1.3141 -0.141926 0.551678 0.722816 0.667264 0.222111 0.138141 
4.6821 2.04725 4.83103 -0.583764 0.631263 -0.735565 -0.657583 0.917482 0.277553 0.510532 0.246225 0.0403748 
4.71169 1.52726 3.90508 0.204501 0.902008 -0.833276 0.673248 0.439102 -0.168035 0.609447 0.0434852 0.0250441 
4.26331 1.88783 4.32177 -0.731246 1.86221 -0.584667 -0.202099 0.456388 0.4483 0.385064 -0.0605198 0.107382 
4.0127 1.19803 3.52013 -0.303986 1.74472 0.0477138 0.478859 0.574126 0.175083 0.538707 0.211903 0.131958 
3.93291 1.28237 4.1332 0.274881 2.22667 0.0134216 0.464054 -0.411986 -0.0607425 0.330285 -0.0146653 0.174572 
3.97373 0.910277 4.24492 0.710622 2.19693 0.267674 0.624099 -0.176298 -0.137899 -0.0542983 -0.0989286 0.144155 
4.09834 0.725529 4.77691 0.694418 1.97866 0.29329 0.336488 0.151067 -1.03292 -0.458964 0.00811054 0.0526911 
3.5099 1.03545 4.42603 0.265163 2.71975 0.617929 0.356926 -0.0325176 -0.75769 -0.446682 0.000795793 0.0702774 
3.74026 1.61396 4.2299 0.306376 1.84205 -1.47152 -0.124569 -0.589302 -0.797282 0.0821232 -0.132311 0.079839 
4.09832 1.39866 4.14068 0.326433 1.39258 -1.48088 -0.941138 -0.59124 -0.243116 0.417498 -0.13352 0.0251561 
4.17141 1.57686 3.7931 0.288836 1.54474 -1.01999 -0.419407 0.0558484 -1.00901 0.0975681 -0.0282225 -0.0665951 
4.14221 1.48964 3.34321 -1.08554 1.69403 -0.14093 -0.658898 -0.424046 0.218718 0.274219 -0.146 -0.014729 
3.95779 1.75045 3.65007 0.512106 1.18297 -1.23516 0.068613 -0.0984736 -0.153699 0.530856 -0.162677 -0.0481139 
3.6588 1.3363 3.55528 0.745035 1.88208 0.600891 0.820724 0.212292 -0.386952 0.026878 -0.225533 -0.114918 
3.79322 0.93339 3.77005 0.00449925 2.00178 0.450607 0.0464182 0.247317 -0.42249 -0.339499 -0.109956 -0.0376012 
3.9834 1.04674 4.02307 -0.719983 2.09335 0.24755 0.647427 -0.21642 -0.410935 0.29899 -0.288546 0.047528 
3.89873 0.700965 3.43537 -0.453909 2.25098 -0.0179084 0.292752 0.89343 -0.598034 0.251869 -0.111288 -0.0976218 
3.45799 0.478196 3.90118 0.407456 1.48282 0.357608 0.778476 0.0824803 -0.956759 0.0219785 0.0769216 -0.00558638 
3.28451 0.201539 3.36112 -0.723705 3.05664 1.22673 0.652469 0.0504673 -0.308016 0.343525 -0.268657 0.0504656 
2.96051 0.276597 3.39294 0.113709 1.4917 0.158613 -0.2083 -0.0300047 -0.259099 0.0580853 0.193899 0.105677 
3.17862 0.10041 3.46179 0.0458045 2.445 -0.15174 0.537816 0.0654114 -0.600881 -0.107999 0.0292044 0.187798 
2.97983 0.347132 2.40429 -0.60773 1.96455 0.209342 0.744631 -0.32808 -0.893263 -0.202726 0.159669 0.219239 
2.92257 0.0121409 3.17151 -0.0904098 2.13655 -1.04413 -0.103688 -0.501531 -0.539139 -0.0376945 0.0611713 0.287083 
2.79846 0.0752264 3.08995 -0.54882 2.18577 0.215871 0.574839 0.450669 0.240626 0.246783 -0.0866601 0.148882 
