2.7826 0.472323 2.70963 -0.575169 1.6682 0.498792 1.11705 0.418077 0.30199 0.43647 0.127241 0.152073 
3.0169 0.233079 2.55299 -0.09658 1.89267 0.103173 0.290269 -0.377045 -0.21534 0.00251916 0.125575 0.209233 
2.88584 0.494922 3.49462 -0.398572 1.72222 0.102422 1.11655 0.0593279 -0.488422 0.13734 0.271113 0.217748 
2.8314 0.197233 2.67456 0.24095 2.28798 0.728644 0.443639 -0.101822 0.181892 0.538444 0.142776 0.114793 
2.89312 0.302645 2.53081 -1.05415 2.17155 0.689072 1.25704 0.0642799 -0.555771 0.4932 0.414636 0.240003 
2.74014 0.158366 2.95954 0.352396 2.47795 0.258063 0.297748 -0.164989 0.168221 0.307932 0.204819 0.181455 
2.80378 0.315269 2.83567 0.218098 1.95219 0.544544 1.04302 -0.305751 0.144648 0.806504 0.131635 0.128523 
2.81279 0.394351 2.74233 -0.083192 1.34854 -0.595657 0.580431 0.952935 -0.384503 -0.117386 0.175469 0.149231 
2.893 0.315335 3.17062 0.0204733 1.73944 -0.0261829 0.767416 0.112037 -0.216198 0.734226 0.149446 0.108291 
2.93605 0.657623 3.30881 0.0803251 2.57444 -0.432057 -0.111797 -0.174632 -0.882495 0.0553638 0.282266 0.16238 
2.90033 0.326113 2.78725 -0.537833 2.56263 0.331059 0.525811 -0.235479 -0.381385 -0.078969 0.20529 0.260054 
2.58605 0.00555645 3.38129 0.34184 2.18389 0.604011 1.3627 0.608405 -0.0746835 0.0875202 0.359724 0.210929 
2.99191 0.213785 2.82596 -0.603999 1.73171 0.562583 0.460622 1.35256 0.193836 0.178083 0.250887 0.0900737 
2.84875 0.409286 3.08935 -0.0695323 2.04699 -0.0225541 0.310886 0.535955 0.186994 0.35799 0.168563 0.141066 
2.87506 0.269666 3.04643 -0.236762 1.78826 -0.108257 1.45959 0.968411 0.292285 0.32069 -0.108725 0.145558 
2.75737 0.156227 3.03184 -0.404998 1.66911 0.703376 0.742172 1.31714 0.33002 0.0958136 0.145356 0.0981085 
2.83597 0.656052 2.90041 -0.0732901 1.69529 -0.133387 0.296447 -0.0937246 0.346162 0.105211 -0.00476349 0.168973 
2.95249 0.0831217 3.14588 -0.341061 2.28144 -0.0398038 0.0864539 -0.0494875 -0.409563 0.0518646 0.111985 0.200292 
2.87953 -0.0252364 3.32077 -0.0181508 1.67985 0.381967 0.630963 -0.0322674 0.209279 0.0723149 0.33081 0.279155 
2.4277 0.13886 2.90972 0.232035 2.95792 0.91774 1.76922 1.00625 -0.00899851 0.685634 0.0813046 0.122566 
3.1017 0.582691 2.82671 0.436985 1.25795 -0.119274 0.0745541 -0.542962 -0.034677 0.408297 0.11098 0.125544 
2.80249 -0.00534314 2.57511 0.194919 1.66063 0.659413 1.34231 0.69745 0.356394 0.562675 0.217998 0.121681 
2.64172 0.0141357 3.21415 0.431264 1.96048 -0.0726403 0.617297 0.441469 0.0865289 0.574878 -0.0155912 0.0906156 
2.6729 0.529767 2.58535 -0.0766706 2.58014 0.290817 1.22371 0.0671739 0.272778 0.288119 0.379695 0.256298 
2.94463 0.526249 2.70251 -0.437493 1.4354 -0.627876 0.811498 0.714487 0.174033 0.216411 -0.178921 0.11591 
3.30558 1.08776 3.31115 1.3876 2.3289 1.86931 1.78886 0.979248 -0.0661069 0.0547505 -0.0943381 -0.00121573 
4.12949 1.61003 2.9358 -0.084765 2.3992 1.91313 1.77821 1.70837 0.320353 0.329425 -0.323219 -0.192381 
5.2328 1.52124 1.31504 -1.23643 1.18917 2.9182 3.40036 1.65668 -1.05964 0.063444 -0.177981 -0.190412 
5.30151 1.92775 0.960063 -2.30118 1.94151 3.09098 3.29681 1.12348 -0.605422 -0.335573 -0.422984 -0.102527 
5.57322 2.04485 1.1912 -3.00246 1.80696 2.76835 3.39662 1.25678 -0.407597 -0.247831 -0.473602 -0.0788209 
5.7472 1.91399 1.12809 -2.66255 1.25224 2.84975 3.33065 1.42033 -0.409711 -0.213829 -0.320895 -0.0811612 
5.5897 1.85001 1.38563 -1.33108 1.2801 1.96769 3.45989 1.0145 -0.345447 0.29674 -0.0917395 0.0127671 
5.21547 1.47693 2.2784 -1.46277 1.4733 3.03253 2.30227 1.97565 -0.110904 0.0677176 0.0791551 -0.0624736 
4.95139 1.27616 2.36013 -1.14006 1.95939 1.84371 2.08863 2.01792 0.623329 0.486167 -0.0209262 -0.04937 
4.44024 2.01915 2.1489 -1.03128 1.9223 2.29146 2.28755 1.77845 0.4626 0.663804 0.0162587 -0.0260367 
3.98961 1.75904 2.3763 -0.0819856 2.28385 1.45105 2.45543 1.98051 0.178088 0.661132 0.00115082 -0.00788952 
3.41005 1.22133 3.41219 0.604017 3.4369 2.51182 1.33382 1.70876 0.248357 0.052072 0.273514 0.090257 
3.10161 0.0143338 4.92836 0.259104 1.9607 2.39902 2.67464 1.29635 -0.736048 1.31016 0.193872 -0.139669 
1.9323 -0.42715 7.29115 -1.2117 1.07475 2.70921 1.06318 1.23732 0.439751 1.09047 0.361513 -0.0426423 
2.25464 -0.84815 6.33164 0.0363332 1.64081 0.854097 1.78105 3.14873 -0.269068 0.0510791 0.31689 0.104688 
2.41948 -1.30397 6.50513 -0.117222 0.20632 1.13425 2.50365 2.70653 -0.0725121 0.471893 0.10244 0.0192126 
2.78748 -0.637624 4.8166 0.144396 1.75596 0.368107 1.75978 2.4895 -0.564928 0.168776 0.275528 0.062203 
4.52046 0.7976 4.91208 -0.481883 -0.607379 -0.643492 -0.0521208 1.74562 0.390876 0.265011 0.352425 -0.0119543 
5.1421 1.54651 5.3345 -0.622236 0.0668165 -1.24817 -0.608146 1.08405 0.120797 0.715444 0.316398 0.0454573 
4.972 2.18643 4.68274 -0.269893 0.68392 -2.04766 -0.247444 0.9277 -0.152871 0.72755 0.254743 0.155518 
4.36681 1.85982 4.57093 0.671402 0.931056 -1.05872 -0.252783 0.945108 0.490278 0.376676 0.19492 0.132469 
4.06393 1.78871 4.08132 0.490214 1.73578 0.0920786 0.489753 0.23351 0.406845 0.614429 0.108869 0.12371 
4.13262 1.95842 4.2677 -0.175144 2.12586 0.387775 0.814861 0.171448 0.79377 1.12358 -0.00849813 0.140643 
3.53028 1.7386 4.18375 0.407025 3.28574 1.29662 0.953406 0.65806 0.249145 0.00356405 0.0900952 0.118564 
3.90284 1.97551 4.93891 1.35913 1.74365 0.0640339 1.55921 0.255546 0.244281 0.727258 -0.184491 0.0116754 
3.6222 2.25891 3.89006 2.28719 3.22262 1.09064 -0.000905012 -0.0537802 -0.651893 -0.171414 0.01018 -0.0662039 
3.89832 2.1837 4.03149 3.20194 2.31148 0.234105 0.69815 -0.440859 -0.897905 -0.18794 -0.043301 -0.0559148 
4.62233 2.14874 4.96763 1.35519 2.73564 0.18932 -0.352174 -0.158353 -0.589434 0.0497632 -0.186291 -0.099857 
4.30745 2.82922 5.99256 1.7126 1.44692 -1.79155 -0.779273 -0.228604 -0.58316 0.0896637 -0.108758 0.0809336 
4.63262 1.8582 3.93305 0.747553 2.12314 -0.305088 -0.245545 -0.391027 -0.604443 0.46094 0.0455415 0.0340267 
4.4173 2.00767 4.96218 1.19806 1.93912 -0.0862856 -0.222349 0.105177 0.105749 0.66905 -0.0830775 -0.044882 
4.21459 2.20029 4.60991 1.54495 2.14973 -0.00475783 0.915844 -0.270837 0.21392 0.590708 -0.264143 -0.0240197 
4.28163 1.84647 3.98801 0.725412 2.78233 0.703629 0.286571 0.404608 0.185677 0.331386 -0.0798439 -0.0179314 
3.93235 1.78122 4.6167 1.14412 2.6707 1.11899 1.11343 0.57367 0.28008 -0.28635 -0.1762 0.0347402 
3.73006 1.47127 3.94745 1.04441 1.96072 0.00683474 1.65409 0.751485 -0.0604521 0.478161 -0.124694 0.0101573 
