2.79326 0.00167331 2.90639 -1.26417 1.91675 -0.614798 -0.253884 -0.704897 -0.669608 0.0180492 0.0928975 0.292904 
2.91427 -0.221025 2.63686 -0.903082 2.24143 -0.712948 -0.554548 0.507916 0.0479706 -0.19357 -0.0723245 0.197325 
2.90745 -0.319185 2.7989 -1.34703 0.977009 0.0879611 0.0346154 0.966042 0.0917698 -0.202357 -0.0470019 0.0717515 
2.87202 -0.145022 2.13228 -0.973058 1.52686 -1.06927 -0.637105 -0.19454 -0.0565291 0.0179026 -0.301088 0.168582 
2.87749 -0.149506 2.35941 -0.882223 1.1899 -0.561183 0.408911 -0.315159 -0.323129 -0.0178747 -0.175354 0.197875 
2.70672 0.0894225 2.37341 -1.256 1.33566 -0.977776 0.684944 0.537129 -1.15284 -0.159592 0.0212317 0.177216 
2.86974 0.113354 1.77037 -1.40353 1.72554 -0.381232 -0.568897 -0.101103 -0.0139393 -0.0476218 -0.0885356 0.160364 
2.62338 -0.674671 3.09124 -0.761691 1.94594 0.0330431 0.20835 0.20527 -0.721452 -0.0792067 -0.143165 0.144523 
3.0645 -0.0787653 2.58044 -1.03533 1.83829 -0.379767 -0.106739 -0.278901 -0.332099 0.111571 -0.0993965 0.153773 
2.56763 -0.26499 3.05622 -0.781444 1.56448 -0.938723 0.232332 -0.843806 -0.589083 0.391897 -0.151497 0.238129 
3.03066 -0.244445 2.90492 -0.846954 1.59533 -0.643993 -0.575947 -0.673514 -0.927011 0.400748 0.0815634 0.122199 
2.63112 0.0276902 2.95388 -1.20405 1.23686 -0.8906 0.211135 0.0542611 -0.669528 0.0522384 -0.0237962 0.202892 
3.06503 0.0792127 2.15992 -1.51489 1.65525 -0.67469 -0.00568442 -0.463781 -0.413932 0.773389 -0.215522 0.0921768 
2.43979 0.0799351 2.68338 -0.849259 1.59277 -1.12261 0.627724 -0.379854 -1.2788 -0.104109 0.070867 0.241359 
2.87603 -0.396725 2.32515 -0.904089 1.40692 -0.537753 0.683623 0.680791 -0.428236 0.138341 -0.215808 0.0851378 
2.48323 -0.456275 2.62855 -0.788358 1.7429 -0.246498 -0.0959831 -0.503388 -0.614063 0.264419 0.0623525 0.207766 
3.05026 0.150207 2.98281 -0.850242 2.29349 0.393937 0.318383 0.128646 -0.131233 0.531143 0.00014533 0.0586463 
3.84798 0.463957 3.8054 0.253927 1.42388 0.0382157 1.08922 -0.626382 -0.686133 0.275787 -0.199603 0.0335357 
4.21552 1.33003 3.72749 -0.346231 1.73233 1.0384 0.201744 0.583666 0.270589 0.776835 -0.143989 -0.194382 
4.27875 1.56647 3.14975 0.0648477 1.38048 -0.347387 1.70461 0.707953 0.839427 0.564581 -0.411298 -0.0843158 
4.59355 1.81804 2.62379 -0.868757 0.408468 0.496404 0.485643 1.03322 0.89157 0.122615 -0.285843 -0.198096 
4.82232 2.09975 2.6954 -1.18324 -0.0477593 0.094185 0.853108 0.853286 0.37169 0.0912194 -0.349953 -0.229549 
4.86884 2.20141 3.12307 -1.18847 0.762745 -0.9985 0.30561 1.33568 0.479423 -0.165952 -0.401008 -0.190245 
4.98131 2.0343 3.0839 -1.9971 1.44848 0.0823769 0.205069 0.729288 1.07847 0.189962 -0.33089 -0.070986 
4.63298 1.67773 3.84314 -1.28085 1.03036 -0.369138 0.770249 1.35863 0.564484 0.218491 -0.311589 -0.0882326 
4.26146 1.39041 4.43076 -0.726049 1.38845 -0.812432 1.38202 1.97393 0.648608 0.569396 -0.292221 -0.0199611 
4.07866 1.34179 3.77574 -0.0867932 1.67522 -0.39573 1.20347 1.19771 0.384408 0.681513 -0.155479 -0.0208438 
3.71843 0.909819 4.0135 -0.0989417 1.79358 0.205635 0.665729 1.44474 0.785219 0.814622 0.0638052 0.0255034 
3.40793 0.776629 3.7714 -0.323742 2.58622 0.32383 0.605928 1.37651 0.553819 0.525656 0.279437 0.159118 
3.22176 0.654855 4.69187 0.337477 2.08175 0.770034 0.829881 0.502667 -0.135472 0.442615 0.318457 0.121094 
3.10729 -0.277743 4.61167 0.346129 1.33688 1.53151 2.07047 -0.430254 -0.237516 1.11644 -0.102985 0.0226654 
2.55394 -0.449829 5.06402 0.93658 1.0405 0.093206 1.16973 -1.08953 0.298197 1.44056 -0.396599 0.0210069 
2.65899 -0.770243 3.99739 -0.0564875 -0.154559 -0.152722 0.889571 -1.43391 -0.363707 0.959268 -0.313699 0.0418539 
2.68244 -0.450845 4.6404 -0.378146 0.595694 0.400207 1.90466 -0.663627 -0.0697702 1.21307 -0.301748 0.0854942 
3.66393 0.367297 4.55829 -0.180745 1.14064 0.121566 1.25262 -1.06625 -0.0862578 1.32329 -0.377973 0.0479259 
4.18256 1.66166 4.68816 0.900113 0.230274 0.255656 1.32945 -0.0387026 0.969126 1.02151 -0.277872 -0.0698802 
4.65615 2.28014 4.57436 0.358321 -0.238047 0.0199115 0.681172 -0.0911012 1.13405 1.08112 -0.0151998 0.016474 
5.05993 2.17551 4.91293 -0.143947 1.27911 -0.886046 -0.20751 0.76287 0.93172 1.09111 0.0435658 0.0576968 
5.28367 2.37835 4.87407 -0.454388 1.13959 -0.00211636 -0.108106 0.410155 0.862801 1.09358 0.202755 0.114185 
4.31054 2.59265 4.01216 0.66309 0.499883 -0.000768851 0.309739 0.141486 1.03187 1.01475 0.288625 0.157938 
4.03698 2.63288 3.66723 1.35923 1.62232 0.151159 -0.172629 1.06198 0.974551 0.742017 0.262128 0.0937201 
3.63283 1.95797 3.09369 1.7395 2.30908 0.786108 0.193886 0.104501 0.752313 0.804904 0.250452 0.0903421 
3.49917 2.2182 3.6217 1.742 2.14314 0.725576 0.586236 0.745609 0.208168 0.500125 0.280821 0.0878973 
3.28078 1.65449 3.53107 2.62913 2.21569 1.36113 1.53273 0.304856 0.402596 0.629267 0.228039 0.0659971 
3.25296 2.11984 4.04104 1.32801 2.37212 1.18014 0.815305 0.146851 -0.413685 0.524966 0.326667 0.0710363 
3.48055 1.41042 4.23391 1.75169 2.67446 1.55293 1.45298 0.087056 0.79954 0.531387 0.0134765 0.105622 
4.04341 1.29279 4.56557 0.512762 3.38586 0.183626 0.203063 0.578973 0.356231 0.393431 -0.139203 0.120842 
3.88572 1.732 4.48461 1.69589 3.71919 0.00753884 0.126731 0.300433 -0.414627 -0.0538875 -0.19159 -0.0256306 
3.68662 2.33978 5.0653 2.37799 2.82206 0.402852 0.773378 -0.15367 -0.638437 -0.285765 -0.158217 -0.0682963 
3.87281 2.6911 4.8852 2.74322 2.3996 0.37764 -0.523665 0.00788583 -0.166372 -0.530197 -0.214009 -0.095205 
4.09707 2.85528 3.89634 0.559419 0.803678 -0.754168 -0.995153 -1.85853 -0.782384 -0.152813 -0.177618 0.00587046 
4.18974 2.43406 3.76272 0.848242 0.995749 -2.09692 -0.902511 -0.791493 -1.02028 0.0969588 -0.132621 -0.00881415 
4.54703 2.25986 3.87127 0.448104 0.0621928 -1.60546 -0.741276 -0.20698 -0.694357 0.104223 0.0175926 -0.0413939 
4.86466 1.48833 3.55075 -1.20362 -0.67592 -1.99944 -0.482764 -0.164255 -0.151364 0.614317 -0.0209778 -0.0339987 
4.58766 1.96322 3.72567 -1.04126 0.763926 -1.57345 -0.447772 -0.0477521 0.11953 0.569457 -0.209194 -0.0363802 
4.82797 1.32459 2.77807 -1.04725 0.776323 0.0892719 0.589548 0.519887 -0.838346 -0.0823784 -0.086532 -0.112875 
4.37045 1.52546 2.84812 -1.89801 0.884532 -1.00999 -0.383613 0.196386 0.643962 0.384916 -0.24821 -0.0565094 
4.30426 1.34251 3.07136 -1.2097 0.947799 -1.07433 -0.350468 0.316008 0.99446 0.470479 -0.271269 -0.0427269 
3.97789 1.28201 3.87707 -0.935 1.36466 -0.792628 -0.420267 0.298135 0.0192647 0.447583 -0.220665 -0.083865 
3.55696 0.885078 3.57578 -0.525535 1.45532 -0.814941 -0.0797453 0.386385 0.316249 -0.107112 -0.282618 0.000372107 
