2.92187 -0.720352 2.18953 -1.82551 1.1939 -0.285486 -0.92589 -0.627625 -0.429921 0.464302 -0.0261809 0.0450908 
2.62333 -0.517642 1.89743 -1.48591 1.67524 0.217584 -0.759548 -0.780942 -0.86123 -0.27878 0.063464 0.204866 
2.39716 -0.242223 3.29047 -1.18004 1.32889 -0.763802 -0.420529 -0.249782 -0.659742 -0.183831 0.0850376 0.0999342 
2.63725 -0.630039 2.9888 -0.636928 1.41485 -1.03899 -0.325798 -0.789958 -0.692564 -0.0573663 -0.0707867 0.245106 
2.86242 -0.504426 2.12423 -0.495145 2.20734 -0.865027 -0.407943 -0.683241 -0.976531 -0.183617 -0.0247271 0.212742 
2.72954 -0.146329 2.22313 -0.872211 0.644344 -0.574141 0.124591 0.434004 -0.403006 -0.425696 -0.110875 0.0659029 
2.58346 -0.529255 2.19604 -0.889529 1.21259 -1.30831 -0.671942 -0.768645 -0.813806 -0.0733999 -0.0436459 0.150206 
2.85806 -0.219815 1.74033 -0.892136 1.81443 -0.744154 -0.124469 -0.378636 0.130506 0.0269795 -0.33637 0.0798094 
2.60857 -0.189012 2.57042 -1.01935 0.670208 -0.82867 0.177374 -0.211509 -0.621134 0.127035 -0.138151 0.107073 
2.73743 -0.124636 2.27678 -0.127732 0.868996 -1.47373 0.646608 -0.865948 -0.256474 -0.103512 -0.471433 0.144159 
2.85615 0.175698 2.76956 -2.12545 1.4439 -0.624338 -0.436242 -0.00875733 -0.908735 -0.39246 -0.0448016 0.146332 
2.94384 -0.269668 2.3195 -1.57876 1.67579 -0.802005 -0.505605 -0.328012 -1.01019 -0.0354423 -0.0701924 0.14279 
2.52369 -0.853602 2.13805 -0.85545 1.95827 0.144898 0.66826 0.0943768 0.18692 0.222632 -0.108248 0.091869 
2.78632 -0.435012 2.77197 -0.672917 1.40213 -0.780911 0.712023 -0.24919 -0.584048 0.108176 -0.118618 0.156678 
2.81107 -0.668494 2.60695 -0.937233 1.87232 -1.17917 -0.475159 -0.383517 -0.778559 0.272061 -0.158236 0.131965 
2.83372 -0.202962 2.93851 -1.35327 1.26492 -0.922875 -0.300822 -0.940474 -0.8965 0.116382 -0.0510749 0.21534 
2.83459 -0.219697 1.86072 -1.11224 1.1949 -0.914733 0.105626 -0.582701 -0.701802 -0.435084 -0.267519 0.159795 
2.60826 -0.35584 2.69696 -1.2087 1.32524 -0.88225 -0.682667 0.540935 -0.316683 -0.154068 -0.0688514 0.0984328 
2.68045 -0.307818 3.52863 -0.624421 1.49 -0.225734 0.196633 0.0593652 -0.656071 0.275225 -0.104179 0.022444 
2.68058 0.107551 2.47165 -1.05006 1.17592 -0.825363 0.163019 -0.818865 -0.607432 0.00906525 -0.0766653 0.185862 
3.89659 0.966718 2.70193 -1.49807 1.51237 0.190041 1.09557 1.0809 0.439631 0.389975 -0.38942 -0.131237 
4.44611 0.869378 2.62594 -0.790442 0.492094 0.1265 1.01803 0.943094 0.68699 0.169194 -0.5176 -0.253062 
4.74381 1.56232 2.85408 -1.60192 0.698404 0.429669 1.22541 1.17163 0.432775 -0.0031109 -0.50854 -0.246513 
5.5079 1.31761 2.39336 -1.48184 0.635835 -0.359479 1.9056 1.10203 -0.437477 0.1738 -0.493116 -0.241283 
5.01839 1.9912 2.33972 -1.07707 0.000713686 -0.0256718 1.02139 0.724638 0.486984 -0.0634528 -0.398381 -0.197374 
4.9046 2.11279 2.77006 -1.34163 0.138026 0.184987 1.05089 1.38925 0.563973 0.0352175 -0.293395 -0.199855 
5.3901 2.59329 3.34107 -2.12562 0.484556 -0.214162 0.792455 0.528698 0.935293 0.130863 -0.455857 -0.0968475 
5.08826 2.00099 3.25827 -1.44807 0.905416 -1.01324 0.545346 1.00818 0.276761 0.287848 -0.365903 -0.124091 
4.79228 2.11011 2.62436 -0.76807 1.23366 0.0219629 0.644113 1.41845 1.15859 0.141364 -0.166695 -0.0781858 
4.32167 2.13205 3.31936 -0.65742 1.41909 0.495239 1.30467 1.03124 0.688258 0.5892 -0.107402 -0.0362835 
4.08559 0.83627 3.49124 -1.57519 1.68829 0.0526218 0.811841 2.15245 0.896896 0.353314 -0.0314624 0.0534794 
3.70977 0.80969 3.49939 -0.225624 1.32807 -0.23084 0.0787439 1.63174 0.477252 0.258671 0.169405 0.0265039 
2.92747 0.275936 3.08188 -1.54554 1.53499 -0.506874 -0.815543 0.193489 -0.692623 -0.0364439 0.165167 0.0248668 
2.5619 -0.176003 3.70946 -1.21892 1.39728 -0.369446 0.67656 0.347775 -0.485495 -0.328567 0.0552566 0.223469 
2.48417 -0.409101 3.31404 -1.22613 1.60779 0.15834 0.628704 0.229082 0.176446 0.259645 0.148994 0.172372 
2.77205 -0.226423 3.10479 -1.07887 1.03993 -0.399005 0.720429 -1.19376 -0.64356 -0.00666124 -0.0541367 0.289957 
3.70268 0.617252 3.71657 -0.322405 1.90674 0.0928293 0.665484 0.0930709 -0.796506 0.441206 0.126314 0.0712156 
4.90723 1.95368 4.56297 -1.21476 0.695007 -0.773725 -0.277454 0.350115 0.756284 1.04542 -0.0906641 -0.00760033 
5.20164 2.24781 4.92149 -0.00579358 0.689914 -1.00587 -0.0843026 0.927812 0.787978 0.739066 0.0438209 0.0167169 
5.06405 2.632 3.92 -0.0752491 0.411399 -0.580456 -0.00951768 0.577198 0.533479 1.00178 0.285592 0.0533537 
4.59788 3.01988 4.24396 0.239765 1.2878 -0.0947483 -0.213493 0.458228 0.960526 0.75595 0.22276 0.0980497 
4.06144 2.18394 3.75748 0.716939 0.957566 0.109987 -0.115176 1.22284 0.778619 0.714667 0.372539 0.102137 
4.2607 2.59666 3.91543 0.925687 0.842893 0.408716 0.466625 0.964449 0.478593 0.496687 0.232541 0.0610464 
4.20847 1.51498 4.74125 1.62048 1.72856 0.161286 0.476122 0.709475 0.464613 0.918029 0.108242 0.01211 
3.7691 0.994863 3.25997 0.478619 2.84117 0.703309 1.52464 1.03049 0.194914 0.633545 0.126582 0.112276 
3.38045 1.19612 4.33946 1.51935 3.4661 0.746625 1.05157 0.251186 -0.261495 0.335802 0.140513 0.0881026 
3.43568 1.82536 4.5205 1.21208 2.458 0.360822 0.693387 0.987112 0.0144929 0.415316 0.0960311 0.0181463 
3.40325 1.56461 3.64453 2.13108 2.74541 -0.075141 0.8625 -0.16291 0.20859 0.649742 0.161629 0.106901 
3.50408 1.1991 4.39041 0.535624 3.2171 1.36692 0.538484 0.563316 -0.273969 0.03765 0.0213259 0.000437376 
3.29101 0.777542 4.12887 1.05236 3.1911 0.892914 0.505483 -0.0642054 -0.491182 0.252249 -0.0591389 -0.0357464 
3.70686 1.73693 4.53788 1.09168 2.74246 0.694288 0.693755 -0.659189 -0.489326 -0.574872 -0.163092 0.0489458 
3.9254 1.21629 4.90737 0.970517 2.14575 -0.253412 -0.254245 -1.17443 -0.954103 -0.437847 -0.298787 0.00897995 
3.98927 1.42033 3.63253 -0.616782 0.730118 -0.921169 -0.708506 -0.664857 -0.577465 -0.109609 -0.039482 0.0223637 
4.35809 1.73849 3.64713 -0.427215 0.445644 -1.44967 -0.830142 -0.114672 0.0601029 0.699029 0.0488228 0.00680837 
4.29266 1.10938 3.87545 -1.72283 0.131103 -0.825053 -0.701706 0.60115 0.24292 0.526708 0.0597796 -0.0547945 
4.51515 1.11002 3.30524 -0.86061 0.17466 -1.27054 0.298543 0.799889 0.0852403 0.752468 -0.00222426 -0.0975679 
4.35416 1.36427 3.18586 -1.34613 -0.135628 -0.96564 0.091748 0.558152 0.437752 0.502628 -0.0148849 -0.0470187 
4.03241 1.79025 3.70685 -0.371824 0.611337 -1.14589 -0.0365923 1.04882 0.507727 0.829159 -0.0178157 -0.0903969 
3.96821 1.27938 2.73193 -0.0264394 1.33721 -0.0514002 0.670042 0.586155 0.0413448 -0.078927 -0.129531 -0.044507 
3.68442 0.655148 3.37013 -0.551211 1.16181 -0.397648 0.213609 0.566661 0.0463707 0.346298 0.0017025 -0.0171724 
