2.56109 -0.0298418 2.77572 -1.73758 2.08431 -0.384587 0.00716762 0.434518 -0.698589 -0.159916 0.0650245 0.19271 
2.5785 -0.163689 2.8402 0.114016 2.42927 -0.580429 0.206547 -0.0174468 -0.603403 -0.229603 0.177319 0.193031 
2.76707 -0.179493 2.45446 -1.02356 1.63741 -0.730387 -0.212916 -0.52865 -0.0127493 -0.241934 -0.192356 0.302574 
2.83481 0.0466026 2.63353 -1.19888 1.93225 -0.345597 -0.360726 -0.850602 -0.00874993 0.204537 -0.239513 0.191918 
2.73651 -0.113679 2.27531 -1.43495 1.45541 -0.189663 0.0339636 -0.344156 -0.452965 -0.0293937 -0.128548 0.193005 
2.48018 -0.201811 3.02497 -0.624318 0.930958 -0.820872 0.212229 -0.510223 -0.593703 -0.0243224 0.126586 0.255311 
3.02651 -0.264129 2.1716 -1.02967 1.6747 -0.243278 0.579824 0.251282 -0.216025 0.534686 -0.206027 0.0446239 
3.00776 0.0501151 2.69975 -0.797472 1.49959 -0.960874 0.101795 -0.0779103 -0.703164 -0.202659 -0.0106994 0.2239 
2.74927 -0.419809 3.23537 -0.854739 1.53032 -0.399892 -0.749455 0.180132 -0.207282 -0.0306014 0.0579563 0.140119 
2.95897 -0.305961 2.85675 -1.55592 1.9397 0.0903246 -1.16401 -0.631962 -0.73324 0.221626 0.0274222 0.101432 
2.42876 -0.384938 2.29178 0.0993422 1.86345 -0.834014 -0.13207 -0.778649 -0.286409 0.421666 -0.0865217 0.163686 
2.76551 -0.248356 2.62943 -1.45455 1.97067 0.403128 0.493085 -0.290025 -0.104283 0.292445 -0.0706452 0.204495 
3.07478 -0.423376 3.23813 -1.00788 1.49089 0.000268259 -0.525579 -0.69651 -1.05114 0.0707709 0.109451 0.141057 
2.75766 -0.330611 2.55246 -1.369 1.35802 0.354221 -0.0681453 -0.504036 -0.863095 0.270515 0.132273 0.130094 
3.08562 -0.214197 2.44864 -0.706073 1.7699 -0.771256 -0.855576 -0.244842 -0.477986 0.174299 -0.0704968 0.0875032 
2.8808 -0.29745 2.71603 -0.22951 1.17316 -0.870693 -0.127018 -0.428604 -0.683897 0.216389 -0.0128357 0.138018 
3.16659 -0.456621 3.15777 -2.02693 1.29546 0.0169973 0.0308676 0.426994 -0.347482 -0.0571091 -0.184235 0.147709 
2.93712 -0.0202425 2.69962 -0.681128 1.24435 -0.986234 -0.0371115 -0.738764 -0.112791 0.19481 -0.222797 0.221755 
2.75882 -0.335872 3.09072 -1.25188 1.66216 -0.125233 -0.746976 0.11169 -0.391827 0.250684 0.0149147 0.0735915 
2.62725 0.0937267 2.08253 -1.73472 1.09805 0.515046 -0.256551 -0.668815 0.0157226 0.496858 -0.163307 0.101987 
2.71971 -0.0912787 3.18263 -0.843322 1.9747 0.0480853 0.182285 0.0620949 -0.216919 0.402362 0.0535961 0.0866003 
2.95837 -0.465705 2.68383 -1.02489 0.971188 -0.622944 -0.479101 -0.0967355 0.20377 -0.145141 -0.138555 0.252824 
2.89827 0.327084 2.38299 -0.259975 2.21132 -0.564905 -0.000843274 -0.404402 -0.194184 -0.131183 0.13407 0.189372 
2.76636 -0.262602 2.68617 -1.64162 1.91997 -0.115495 -0.118616 -0.371903 -0.846356 -0.215879 0.106877 0.29421 
3.16232 0.16269 2.37243 -0.900939 2.59792 -0.354449 -0.249333 -0.65476 -0.444481 0.149836 0.00358188 0.215918 
3.58987 0.458464 3.85394 -0.595287 2.91226 1.12873 0.665558 1.21284 0.0457868 0.0160685 -0.226637 -0.0141396 
4.2444 1.21011 3.54355 -0.394006 1.28678 -0.329258 1.02137 1.27477 0.755476 0.743612 -0.399895 -0.185157 
4.704 1.94238 2.90335 -1.67779 0.832332 -0.134146 0.677795 1.07868 0.707746 0.36784 -0.317416 -0.188528 
4.79614 1.46842 2.70487 -2.17549 0.371356 -0.672543 0.412404 1.03093 0.0886471 0.0269802 -0.477281 -0.253883 
4.46954 2.38851 1.6628 -0.896676 -0.265272 0.181655 1.3172 0.835509 0.0872754 -0.217075 -0.474403 -0.257933 
4.56449 2.78497 2.3649 -0.366104 0.185402 0.341961 1.04559 1.22399 0.24422 -0.376333 -0.362858 -0.213022 
5.03954 2.53143 3.58328 -0.355205 -0.0561479 -0.229952 0.346674 1.349 0.912616 -0.545264 -0.313382 -0.16556 
4.64986 2.73729 3.51104 -0.642801 0.64803 -0.230492 0.781458 1.40844 0.0244989 -0.450687 -0.304507 -0.194981 
4.4395 1.87865 3.72287 -0.195284 1.24265 0.200713 0.941272 1.20918 0.576717 -0.0277397 -0.254662 -0.0885933 
4.15567 1.6943 3.92822 0.150033 1.85737 0.586778 1.36804 1.239 0.0122592 0.553196 -0.0960745 -0.0863503 
4.12762 1.56522 2.6033 -1.25198 2.03197 -0.0143276 1.20821 0.746004 0.906999 0.631112 -0.253809 0.0208981 
3.76497 0.176145 3.66209 -0.0175485 1.35134 -0.405324 0.277541 1.02883 0.114149 0.676448 0.0208857 -0.0480436 
2.89428 0.522769 4.04639 -0.576638 1.84238 -0.198777 0.30211 0.650006 0.102231 0.181882 0.0237645 0.115866 
3.13999 0.738587 3.32852 -0.619855 1.58979 0.226201 0.607371 0.372407 -0.0682502 -0.0644414 0.0859797 0.115314 
2.46513 -0.00840688 3.38246 -1.42194 1.78457 0.54831 0.595229 0.93246 0.427702 0.495419 0.192296 0.0764575 
3.01982 -0.331142 4.22083 -0.376148 1.04755 0.198768 0.186893 0.51946 -0.165853 0.0633422 0.0421523 0.0739563 
3.13502 0.0340923 3.85725 -0.184418 1.50181 -0.00222499 1.28582 -0.0425599 -0.369415 0.606679 0.0460668 0.143984 
4.08548 1.7966 4.71966 -0.172869 0.562654 -1.39338 0.35659 0.459523 0.180748 0.763303 -0.126297 -7.41739e-006 
4.82318 2.67411 4.95246 -0.175756 1.21402 -0.66406 -0.0826865 1.02811 0.947235 0.638725 0.0681761 0.0403105 
4.89447 3.05024 4.21404 -0.0218824 0.550288 -1.3682 -0.34925 0.491025 0.552633 0.544121 0.142017 0.0598946 
4.61305 3.13451 3.82694 1.28275 0.64755 -0.908706 -0.418781 0.272724 0.265531 0.50781 0.171936 0.071385 
4.00096 2.98896 4.18104 1.57176 0.782724 -0.227306 0.191269 0.24914 0.337558 0.636989 0.20597 0.107503 
4.09345 2.62043 3.78956 1.81003 1.4964 0.893175 0.311363 0.182642 0.0407615 0.401346 0.148653 0.053669 
4.14557 2.22017 4.07107 1.56966 0.471759 0.35573 0.930716 0.459426 0.608963 0.921431 0.275174 0.0950683 
3.89611 1.52763 4.07489 0.858752 2.46841 -0.24725 0.421493 0.89582 0.77199 0.675129 0.168594 0.174149 
3.94451 1.54992 4.80605 1.03444 2.80355 0.864467 -0.0358156 0.112155 0.509216 0.836753 0.122994 0.0865863 
3.54555 1.4591 3.84975 1.77504 2.63033 0.897502 1.46107 0.25877 0.148004 0.322053 0.245474 0.140982 
3.34341 1.28963 3.87173 1.28467 3.02324 0.0409869 1.31019 0.933526 0.463058 0.561261 0.0910835 0.148219 
3.33241 1.38921 4.06302 1.1314 3.41108 1.07806 1.29261 1.48215 0.340807 0.0422111 0.184138 0.117793 
3.69938 1.38641 4.29323 1.88517 2.78772 0.470734 1.18761 0.572254 -0.311259 0.270466 0.191156 0.0858559 
3.40965 1.14005 4.89095 1.93114 3.81676 1.06767 1.13412 0.68581 -0.341595 -0.108106 0.113467 0.0717637 
3.99894 1.39966 5.27546 0.996254 2.08557 -0.431849 -0.0506336 -1.15313 -1.25463 0.357023 -0.374892 -0.126829 
4.07642 2.84116 4.74273 0.784149 1.12559 -0.156756 -0.39086 -0.935501 -0.677036 -0.126873 -0.184517 -0.0394598 
4.44459 2.05088 3.82485 0.853246 0.0943159 -0.427477 -0.538776 -0.094553 -0.125622 0.14275 0.020641 -0.0370933 
4.4387 1.63803 3.92237 -0.456131 0.38749 -1.36486 -0.824074 -0.0400949 -0.308829 0.871029 0.0381321 -0.093146 
