2.52164 -0.218415 3.21338 -1.54775 0.987821 -0.271477 -0.387804 0.192607 -0.647469 -0.1106 0.126874 0.163752 
2.28673 0.400007 2.84153 -1.03998 1.63315 -1.02295 0.549314 -0.6078 -1.39864 -0.0936834 0.342957 0.218389 
2.66576 0.00316751 1.89679 -1.60649 2.13495 -0.116342 -0.528828 -0.4481 -0.379258 0.418451 -0.0720387 0.0881105 
2.97734 -0.183973 2.5334 -1.09178 1.52378 -0.660087 0.386115 -0.170537 -0.939483 -0.12617 -0.0266482 0.238456 
3.02644 -0.217877 3.66411 -0.689729 0.884896 -0.648837 0.408957 -0.371659 -0.899653 -0.338108 0.0414704 0.248689 
2.9347 -0.635854 2.76813 -1.45166 1.04982 -0.435679 -0.072637 -0.229967 -0.542586 0.226824 -0.225588 0.108925 
2.4779 -0.26462 2.46727 -0.610784 1.55689 -0.766938 -0.396284 -0.585084 -0.0601573 0.0431635 -0.159025 0.209685 
2.56252 -0.0739415 3.1661 -1.15064 1.8001 -0.417907 -0.0880452 0.0804147 -0.116017 0.397432 -0.0336974 0.120506 
2.68849 -0.265472 2.84782 -1.55826 1.22147 -0.899493 -0.37792 0.343667 -0.575078 -0.123495 -0.048752 0.184199 
2.73964 -0.395904 2.6895 -1.09742 1.81666 -0.516285 -0.0316833 -0.329273 -0.4001 0.00707243 -0.172477 0.225116 
2.62857 0.0583522 2.49529 -1.57331 1.6215 -0.620561 -0.270388 -0.0315813 -0.774223 0.0796729 -0.0270061 0.166078 
2.77676 -0.26093 2.71465 -1.09569 1.20583 -0.653916 0.156046 -0.433906 -0.879403 -0.107177 -0.0566111 0.20935 
2.74843 -0.271362 2.82669 -1.19871 1.60246 0.0814096 0.192945 -0.626562 -0.926035 -0.252526 0.0289712 0.214041 
2.79872 0.369541 3.21487 -1.55416 1.60272 -0.647413 0.275397 0.10199 -1.40019 -0.19155 0.148187 0.167366 
2.63968 -0.439301 2.4021 -0.537503 1.88093 -0.415351 -0.973542 -0.569411 -0.481958 0.00819901 0.130816 0.207871 
2.689 -0.681849 2.74394 -1.56542 0.681223 0.0848079 1.2927 0.51179 -0.44803 0.227527 -0.0653691 0.0734724 
2.68999 -0.239469 2.64549 -0.782833 1.09984 -0.00911915 -0.269488 0.102675 -0.187544 -0.256703 -0.121209 0.111373 
3.19987 -0.408973 3.0381 -0.826325 1.80613 -0.979128 -0.603902 0.0562473 -0.21168 0.229509 -0.143734 0.161568 
2.80121 0.0244346 2.15607 -0.995677 1.64594 -0.258192 -0.52521 -0.963416 -0.231746 -0.191666 -0.00792147 0.246071 
3.11053 -0.434121 2.32138 -1.21561 1.46047 -0.614306 0.144531 0.481949 -0.518969 0.0832526 -0.286122 0.038763 
2.55628 -0.211856 2.51746 -1.27502 1.18691 -0.286594 0.0746657 -0.0492243 0.267614 -0.0970383 -0.113889 0.204065 
2.4342 -0.56032 3.15376 -0.418831 2.01216 -0.377943 0.503557 0.488651 -0.793004 -0.0453199 -0.0687955 0.135817 
2.84724 -0.446701 2.69859 -1.03218 0.913144 -0.461594 -0.0514053 -0.46689 -0.72917 0.0841111 0.0292057 0.186764 
2.55956 -0.290872 3.3249 -0.37101 1.69254 -0.347399 0.304054 -0.0244606 -0.456819 0.109443 0.124734 0.170102 
2.97928 -0.153764 2.05528 -1.58789 3.04289 -0.687988 -1.14983 -0.379959 -0.120245 0.0643403 -0.179021 0.214275 
3.44408 0.9434 3.78916 0.351085 2.35703 -0.496634 0.058583 0.0326645 -0.307082 -0.381538 -0.0830561 0.104291 
3.92431 1.85299 3.76765 0.138909 2.37641 0.734131 0.910148 0.0725904 0.442534 -0.433316 -0.343786 0.0143672 
4.38374 2.0424 3.53635 -0.586145 0.377393 -0.112685 -0.14344 0.679855 1.17358 0.247702 -0.145091 -0.0861695 
4.96283 1.98868 2.20062 -0.797937 -0.11874 -0.251629 1.48878 0.320029 0.165442 0.372683 -0.276509 -0.184807 
5.3372 1.67901 3.10733 -0.818538 0.499934 -0.608343 0.675103 1.0894 0.569328 0.26216 -0.341808 -0.191156 
5.14704 2.18959 3.74279 -0.677 0.771569 -0.982403 1.35368 1.48401 0.534675 0.165026 -0.428624 -0.146375 
5.03037 2.73911 2.76588 -0.840663 0.0716776 0.296785 0.407049 1.28652 0.741815 0.0112124 -0.127597 -0.144891 
4.54487 2.37322 2.96929 -0.0774932 0.421365 0.276735 0.317469 1.05484 0.310727 0.24531 -0.0319728 -0.101981 
4.28092 2.06903 3.24603 0.33695 1.63355 -0.471799 0.571388 -0.127196 -0.362889 0.0707308 -0.242623 -0.0484315 
4.59306 1.84623 4.15196 -0.229912 1.2672 -0.37248 1.19104 0.414037 0.0548138 0.509383 -0.268263 -0.0281418 
3.93663 1.10325 4.04608 -0.51199 1.72046 -0.429379 0.914664 1.37161 0.605431 0.52453 -0.113106 0.0671715 
3.91929 0.721143 3.09519 -0.450351 0.988256 -0.552807 1.04033 -0.109492 0.633892 0.731851 -0.0804966 0.155237 
3.65843 1.07155 3.4791 0.335818 2.76395 0.0670856 0.699314 0.863747 0.455355 0.209763 0.110903 0.179543 
3.26572 0.715542 4.00344 -0.306477 2.10286 -0.0215013 1.38148 1.20507 -0.496276 0.620319 0.220546 0.0833972 
2.865 0.535379 4.043 -0.384152 2.60529 0.226448 0.871758 0.470667 -0.11012 0.352106 0.168035 0.166117 
3.01069 0.277635 3.83458 -0.833937 2.0731 0.932662 0.942612 0.455976 -0.397942 0.550542 0.05109 0.013621 
3.07272 0.00198954 2.71254 -0.555254 2.11341 -0.876245 0.328506 -0.55133 -0.977704 0.0987826 -0.0476883 0.1646 
3.42366 0.27381 3.54714 -0.263896 1.70644 0.660764 0.596554 -0.0274803 -0.384996 0.274616 -0.115105 -0.034229 
4.01603 1.78967 4.08062 0.6538 1.00444 -0.0471256 0.0567038 0.923059 0.948024 0.57996 -0.0707832 -0.0451203 
4.25314 2.50392 4.31307 1.36149 1.54432 0.216526 -0.00634525 1.14423 0.625711 -0.134887 0.0207502 -0.00625756 
4.11204 2.83448 3.80943 1.4498 0.748402 0.351824 0.174441 0.168272 0.119777 0.246632 0.0487778 0.0144476 
4.28615 2.72276 3.79745 1.98544 0.672637 0.503157 0.598516 0.570334 0.0667769 0.276807 0.0880776 0.0069138 
3.91715 2.2219 3.10075 1.25352 1.00443 0.125247 0.359509 1.36407 0.519802 0.672397 0.398633 0.126954 
3.59018 2.23604 3.54016 1.08863 2.24552 1.2946 0.709811 0.78364 0.590186 0.644949 0.171626 0.0570457 
3.97335 1.92648 3.75005 1.82238 2.09482 0.834762 0.703081 0.299587 0.632189 0.212954 0.140697 0.107538 
3.83434 1.80736 4.34483 0.954197 2.21896 1.42939 0.463013 0.597287 0.04647 0.413292 0.276775 0.0600924 
3.58391 1.4424 4.25338 2.40441 3.27645 0.587877 0.471443 0.531017 -0.424738 0.316935 0.320504 0.0507293 
3.69763 1.48481 3.75275 0.677077 2.69526 0.861129 1.43932 0.119932 -0.241783 0.866152 0.177205 0.108368 
3.36536 1.43736 3.74273 1.3729 2.86524 0.614413 1.41845 0.641261 -0.384513 -0.0315254 0.235051 0.109944 
3.73679 1.71796 4.13848 1.57993 4.04891 0.937414 0.945329 0.483348 -0.26691 0.133957 0.0825306 0.0731935 
4.14671 1.24455 4.70427 1.88599 3.1475 0.99384 0.0479096 -0.410976 -0.083058 -0.0985722 0.0031949 0.0917577 
3.65549 0.923026 4.69305 0.999312 2.57138 0.0666592 0.252589 -0.69236 -1.17007 -0.391124 -0.107541 0.0272947 
3.8437 1.3004 4.86292 2.04285 2.56999 0.329919 0.503982 -0.951215 -0.438457 -0.274575 -0.124147 0.0815303 
4.08454 1.42601 3.75299 -0.667724 1.15029 -0.986014 -0.206826 -0.133175 -0.89374 -0.0871552 -0.0566577 0.0210764 
4.41119 2.02814 3.97705 -0.486283 1.27619 -1.12349 -1.08747 -0.535471 -0.0899692 0.858594 -0.0280138 0.00981367 
