2.93744 -0.331172 1.95242 -0.728437 1.12641 -1.29207 0.326307 -1.32656 -0.501894 -0.284612 -0.21357 0.274296 
2.45984 -0.803534 2.60398 -1.12983 0.892145 -1.03962 -0.48262 -0.878576 -1.20446 -0.185548 0.0510138 0.141248 
2.64762 -0.287336 2.30615 -1.52189 0.501405 -1.10651 -0.00810818 -0.41164 -0.484416 -0.181853 -0.112403 0.161614 
2.96582 -0.54383 2.71517 -1.07521 1.02143 -0.911737 -0.50427 -0.611085 -1.03763 -0.20629 -0.113263 0.130472 
2.55593 -0.42749 1.51367 -1.57887 2.0038 -1.1036 -0.385451 0.0928591 -0.720745 -0.386913 -0.0567533 0.153979 
2.75202 0.00926488 2.90845 -0.488779 1.74077 -1.39792 -0.314282 -1.09117 -0.588363 -0.203128 -0.0243344 0.258042 
2.3071 -0.36647 2.7669 -1.26301 1.50856 -0.947788 -0.879968 -0.602264 -0.848985 0.0626936 0.107166 0.142916 
2.74436 -0.18151 2.23318 -0.627694 1.95322 -0.929167 -1.21223 -0.730255 -0.215211 -0.388805 -0.0362166 0.212729 
2.67351 -0.490429 2.08088 -2.0763 2.30199 -1.26645 -1.44136 -0.188414 -0.843699 -0.471984 -0.237294 0.116042 
2.90667 -0.358602 2.32209 -0.648608 1.86858 -0.824432 0.447627 -0.765509 -0.832857 -0.2634 -0.0965178 0.225399 
2.77782 -0.128911 2.16496 -1.44777 1.61251 -1.20822 -0.0137627 -1.01733 -1.17586 -0.137563 -0.175706 0.218593 
2.63514 -0.426004 2.69646 -1.59405 1.25721 -0.959709 -0.538858 -0.710046 -0.763227 -0.312989 -0.0533635 0.232567 
2.61063 -0.185476 3.30737 -0.801671 1.30418 -0.402922 0.362461 -0.5506 -0.445376 0.0349988 0.225186 0.221929 
2.5979 0.0385188 2.35763 -1.20704 1.29364 -1.10557 -0.298261 -0.0999451 -0.0904572 0.101881 -0.325238 0.0907801 
2.73324 0.0289341 2.4249 -1.03447 1.26457 -0.568999 -0.897191 -0.360921 -0.648656 -0.438464 -0.0135657 0.0894658 
2.5067 -0.00437947 2.13458 -1.20458 1.2755 -0.901393 0.208041 -0.777044 -0.654799 -0.0916736 -0.245048 0.175334 
2.61656 -0.212403 2.73721 -1.45554 0.631895 -0.663506 0.619538 -0.754362 -1.26635 -0.377752 -0.169941 0.176862 
2.56629 -0.244328 2.49303 -2.42444 2.0624 -0.169807 -1.31995 -0.829833 -0.476334 0.0226161 -0.0231544 0.177134 
2.98552 -0.349951 2.16686 -1.78816 0.785547 -0.443771 -0.165622 -0.151559 -0.300922 0.276819 -0.228619 0.0193244 
3.30437 0.544128 4.30907 -0.692645 2.04229 0.102416 -0.226792 -0.188421 -0.893656 0.0178665 0.273483 0.126971 
4.05843 1.19988 3.00017 -0.550737 1.47471 -0.733826 1.7006 0.147535 -0.427134 0.168415 -0.428333 -0.0191728 
4.01645 2.12489 3.43336 0.0365089 0.660691 0.250138 0.675371 0.501072 0.267268 0.428862 -0.197333 -0.138328 
4.32694 1.82561 1.90023 -0.456845 0.229249 -0.4165 -0.00651535 0.867991 0.664467 0.643775 0.0321344 -0.106357 
5.22074 2.03053 1.54585 -1.91322 -0.0432603 0.019609 0.586524 1.29867 -0.0286456 -0.115684 -0.189177 -0.171619 
5.47832 2.11152 1.90732 -3.10949 0.685944 1.20062 1.59846 0.156988 -0.794664 -0.262081 -0.410956 -0.0749474 
5.04265 2.68004 1.35117 -1.55965 0.683262 1.60768 1.35155 0.447487 -0.921731 -0.420247 -0.282115 -0.075398 
4.71877 2.42732 1.8604 -0.829174 0.284958 1.29555 0.977503 0.0280583 -0.38785 -0.272273 -0.260776 -0.0883741 
5.15279 1.46859 2.30555 -1.6203 0.820407 0.792584 2.00368 0.695418 -0.68779 0.130266 -0.203826 -0.0596121 
4.66552 1.6013 3.20964 -0.890599 1.19328 0.412291 2.12389 1.12425 0.535058 0.375052 -0.305605 -0.0184013 
4.29042 1.02685 3.6495 -1.50559 0.529236 0.0362586 2.47559 1.50234 0.565488 0.457911 -0.407306 -0.0233344 
4.06622 0.646587 2.42362 -1.75506 1.32447 -0.378968 0.684791 1.19274 0.299153 -0.210461 -0.455143 -0.0639957 
3.48874 0.568758 2.64582 -1.0085 0.830455 -0.00815071 2.03044 1.14345 0.382617 -0.18133 -0.230708 0.0555419 
3.32155 0.507673 3.53152 -1.14576 1.6975 -0.0638598 0.4186 0.514302 0.00444443 0.269114 -0.310042 -0.0194555 
2.96823 0.121054 3.30155 -1.3768 2.31248 -0.199073 -0.491605 0.0401043 -0.837807 0.220288 0.134274 0.0536557 
2.98069 -0.903313 3.64383 -1.60913 1.152 0.430029 0.53433 1.29936 -0.112638 -0.12949 -0.194882 -0.0157883 
2.76985 0.10587 2.81908 -1.57468 0.25005 -1.27612 1.0929 -0.197516 -0.890212 -0.230314 -0.154455 0.12 
3.24912 -0.151993 3.05902 -0.477254 1.32192 0.1182 0.651357 0.962258 -0.27989 0.073632 0.0746891 0.0145828 
4.12752 1.57118 4.57789 -0.29735 1.06113 -0.823421 0.75624 0.709778 0.763729 1.14837 -0.254948 -0.014738 
4.90125 1.75145 4.09011 -0.207909 0.443893 -0.746424 -0.194356 1.12041 1.07594 0.623736 -0.0307733 -0.0701715 
4.80592 2.52268 3.96194 -0.376112 0.742298 -1.01296 0.94916 0.627001 0.615084 0.760166 -0.0458024 0.0402573 
4.7545 2.3764 4.04485 -0.462509 0.972617 -1.24513 0.526249 1.53899 0.771231 0.678882 0.210406 0.13674 
4.04197 2.02773 4.15432 0.332427 1.53847 -0.0789071 0.16911 1.26167 0.608067 0.759803 0.217768 0.0440416 
4.14407 1.83349 3.43341 0.644355 1.77633 0.00842446 0.646705 0.380506 0.303598 0.614583 0.142708 0.0894812 
3.99541 1.39918 3.71635 0.366821 2.13615 -0.144415 0.353543 0.519875 1.03981 0.680897 0.0051167 0.126613 
3.47216 0.61595 4.00936 0.661546 2.78931 -0.125457 0.69996 0.702657 0.0799592 0.622169 0.109535 0.129149 
3.59983 1.30776 3.81656 0.471334 2.12256 -0.339818 0.60678 0.622955 0.0877994 0.448624 0.284738 0.173595 
3.66721 1.31977 4.02603 0.409288 2.24808 0.0477826 1.28051 0.00532403 0.00624669 0.129284 0.203753 0.282997 
3.47151 0.841041 2.96583 0.383565 2.43011 0.0192727 0.990128 0.284808 -0.366939 -0.0770226 0.0916377 0.143169 
3.5503 1.05115 4.16384 0.578736 2.40243 0.0771762 -0.0213978 -0.428478 -0.57951 -0.0716318 -0.0357302 0.0451398 
3.83252 1.0404 3.65804 0.866373 3.06956 -0.313602 0.470986 -0.672269 -0.774959 -0.286014 -0.291832 0.0586209 
3.65668 1.42576 3.93452 0.00962438 1.69681 -0.245668 -0.0664348 -0.62113 -1.03468 -0.425821 -0.126575 -0.0315364 
3.92844 1.8374 3.80656 0.175767 1.17297 -1.22244 -0.66934 -0.873363 -0.328326 0.0272566 -0.11838 0.0392933 
4.32955 1.60214 3.38124 -1.23455 0.821602 -0.8446 -0.834409 -0.458334 0.34387 0.510677 -0.0624166 0.0212382 
4.1963 1.57971 3.60746 -0.563024 0.0941288 -1.31937 0.079487 0.112197 -0.0522197 0.552764 -0.0341731 -0.0441668 
4.25807 1.4933 4.15726 -0.693149 0.691955 -1.58181 0.0301298 0.148596 0.210563 0.821638 -0.215167 -0.0108414 
4.25474 1.99282 4.33715 -1.18388 0.883911 -1.6371 -0.365874 0.739036 -0.0187898 0.427669 -0.0929773 -0.0231605 
3.93502 1.06098 3.49254 0.294794 0.682844 -1.26852 -0.502621 0.300951 0.499217 0.456258 -0.142916 -0.0584845 
3.64229 0.775436 3.48188 -0.551199 1.34446 -0.469323 -0.624128 0.83002 0.149747 -0.0462349 -0.104164 -0.102849 
3.88407 0.841705 3.80173 -0.567589 2.2376 -0.256742 0.193159 0.312579 -0.577991 -0.37875 -0.224261 0.0523775 
3.72772 0.528125 3.94226 0.64015 2.1095 -0.46624 0.357696 0.620751 -0.198203 0.0865938 -0.118552 0.0430546 
