2.80842 -0.369267 2.59928 -1.24468 0.68632 -0.760994 0.170836 -0.219235 -0.663549 -0.470674 -0.182076 0.118635 
2.81755 -0.534367 2.36617 -0.603528 0.991549 -1.48925 0.308956 -0.517883 -0.665033 0.224921 -0.251262 0.103543 
3.03052 -0.647849 2.56678 -1.55837 1.28822 -0.816195 -0.21206 -0.110652 -1.31721 -0.412002 0.0151785 0.165315 
2.57216 -0.104214 2.19275 -0.0841385 1.51667 -1.22724 -0.106901 -1.81102 -0.812649 0.0394232 0.0564642 0.185036 
2.90771 -0.562968 3.00308 -0.834517 0.556555 -0.883798 -0.169044 -0.905598 -0.592885 0.099982 -0.104862 0.146894 
2.38529 -0.0873825 2.98206 -1.51301 1.00331 -0.381597 -0.43381 -1.42406 -1.16711 0.339773 0.0667876 0.0650401 
2.79452 -0.0771322 2.81578 -1.49362 0.917106 -1.13851 0.443376 -0.782461 -1.55974 -0.105102 -0.0548202 0.171404 
2.90235 -0.403048 2.46106 -1.56234 1.60941 -0.947603 -0.238406 -0.760781 -1.01663 -0.152382 -0.238256 0.202025 
2.93128 -0.644983 2.07809 -0.930948 1.20277 -0.771413 0.0082453 -0.355203 -0.746563 -0.308229 -0.203722 0.108066 
2.77004 -0.467528 2.09042 -1.08939 1.56925 -0.744288 -0.905727 -0.685716 -0.482132 -0.0111257 -0.103818 0.095889 
2.69604 -0.472854 2.0073 -1.13865 1.67249 -0.67168 -0.225284 -0.559449 -0.761061 0.0264563 -0.216809 0.0941853 
2.46127 -0.338738 2.52686 -1.9751 0.527055 -1.45424 -1.14162 -0.230541 -0.428979 -0.0777103 -0.203399 0.0927003 
2.47191 0.0662281 2.09262 -1.39593 0.729554 -1.15062 0.0819064 0.0875633 -0.593238 -0.734883 -0.159509 0.162256 
2.87508 -0.614559 1.70069 -1.33452 1.39136 -1.20762 -0.397807 -1.1059 -1.04295 0.0190892 -0.159523 0.17473 
2.70747 -0.244585 2.07059 -1.4818 1.34548 -0.426014 -0.481496 -0.572796 -0.473193 -0.209553 -0.186767 0.139502 
2.88875 -0.75241 1.71436 -2.22333 0.689537 0.268996 -0.429965 0.136929 -0.712794 -0.242348 -0.177288 -0.111566 
2.93577 -0.503959 2.86487 -1.3577 1.08288 -0.714824 0.110899 -0.233437 -1.42402 -0.124857 0.0440125 0.146955 
2.81338 0.0223008 2.25125 -2.19041 1.12666 -0.210736 -0.0852581 -0.835418 -0.376756 0.384078 -0.108324 0.123776 
2.70359 -0.133779 2.01004 -1.99329 0.256818 -1.34973 0.440182 -0.227401 -0.725119 -0.43887 -0.330001 0.15623 
2.94226 -0.524585 2.3814 -0.2197 0.591283 -0.485444 0.472737 -1.47493 -0.580652 -0.0316014 -0.200049 0.111281 
2.84588 -0.235279 2.26091 -0.717599 1.52162 -1.00518 -0.340931 -0.64403 0.0246039 -0.594596 -0.248517 0.253822 
2.43403 -0.361852 2.6906 -0.652112 1.57699 -1.35034 -0.61544 -0.891602 -0.663126 -0.434601 0.0235888 0.279334 
3.52631 0.552491 2.94355 0.315445 1.4207 0.0122796 0.966448 0.0298236 -0.301974 -0.479459 -0.0924473 0.0715769 
3.98287 1.57289 4.35568 -0.277827 1.89995 -0.914674 -0.0163786 0.85572 0.773748 0.613388 -0.257625 0.0196351 
4.56953 1.83077 3.54535 -0.295709 1.55189 -0.815451 0.249086 0.529397 0.543061 1.25195 -0.0862353 -0.0767938 
4.66177 2.23806 2.80381 -0.819532 0.828436 -0.922534 0.0334273 0.578033 0.597246 0.35341 -0.148768 -0.0951391 
4.8442 2.5764 2.21108 -1.78497 -0.701508 -0.754798 0.622406 0.232472 0.445089 0.311503 -0.177815 -0.122694 
5.14198 2.73855 2.13072 -1.48269 -1.5158 -0.244306 0.534995 0.483121 0.482764 0.152322 -0.192595 -0.164283 
5.20935 2.66322 2.4887 -1.60613 -0.59621 -0.413762 1.22033 0.780456 0.158784 0.236477 -0.289844 -0.200445 
5.23952 2.2265 2.97728 -1.57243 0.157718 -0.46941 1.07835 1.04334 -0.10477 0.196523 -0.252414 -0.163356 
4.66 1.89464 3.54138 -1.63152 0.219411 -0.61284 0.810258 0.797054 0.417322 0.238312 -0.363958 -0.135391 
4.74128 1.96533 3.18162 -0.798131 0.319849 -0.378475 0.507875 0.90018 0.316064 0.739617 0.10652 -0.0527468 
4.70433 1.75753 4.14718 -0.733742 0.568014 -0.622125 0.887203 0.950589 0.655214 0.764478 -0.080151 -0.0021649 
4.1971 1.32783 4.12355 -0.763146 0.543888 -0.887494 0.279498 1.12281 0.601923 0.319943 -0.085508 0.0133484 
4.20117 1.42688 3.34666 -0.179261 2.47991 -0.164164 0.401495 0.0098155 0.54383 0.539571 -0.182993 0.0921945 
3.21844 1.19031 4.8039 -0.501223 2.18589 -0.203418 0.714439 1.19508 -0.460054 0.137361 0.298568 0.125856 
2.89117 1.02789 5.16419 -0.830276 1.15548 -0.811843 1.09473 2.40744 0.120551 0.299451 0.342907 0.072095 
2.45074 -0.847715 4.12641 1.07644 1.0338 -0.734448 1.65841 2.38213 -0.0316917 0.00563527 0.33252 0.0980266 
2.28959 -0.651994 4.37553 1.39761 0.996631 -1.19114 1.15627 1.05578 -1.07996 -0.287062 0.184218 0.0119971 
2.99655 -0.669984 3.40574 1.09025 1.66039 -1.77708 0.877418 0.654795 -1.1826 0.0225404 0.158342 0.156884 
3.95756 0.958929 3.77442 0.00511704 1.05241 -1.36712 0.0865763 0.822912 -0.218826 -0.141211 -0.119834 0.00631176 
4.41892 2.35505 4.09167 0.978339 0.0602341 -1.04661 0.22095 1.2292 0.587005 0.305565 0.10067 -0.0151502 
4.6058 2.83561 4.25298 1.46028 -0.599932 -0.831088 0.453527 1.01417 0.344169 0.341543 0.20889 -0.00239304 
4.53529 3.19084 4.16282 1.38355 0.153011 -0.899655 0.338918 0.839411 0.369539 0.837844 0.28161 0.0662866 
4.10432 3.08097 3.8096 0.729757 1.17266 -0.0818041 -0.0744544 0.259294 0.050583 0.863003 0.241009 0.112079 
4.54236 2.54664 3.80779 0.632594 1.3855 0.0638744 0.597583 0.0578826 0.821622 0.686245 0.106977 0.109161 
4.25626 2.31359 4.67322 1.4285 1.81324 -0.127284 0.883828 1.20245 0.199411 0.532545 0.130412 0.0389105 
3.66964 2.29867 3.39069 1.60084 1.57785 0.247506 1.00591 0.480019 0.865094 0.706784 0.18716 0.104957 
3.59557 2.30363 3.43997 0.781222 2.10928 1.33506 1.02306 0.443561 0.107514 0.105662 0.181933 0.0787113 
3.46639 2.14878 3.27706 1.35966 2.75395 1.06899 0.714817 0.928439 0.467673 0.0243727 0.0914698 0.0216235 
3.35051 1.69468 3.17932 0.585622 2.4401 0.167327 0.699957 0.919459 -0.00262959 0.420405 0.361225 0.116211 
3.44994 1.06647 3.91355 0.481504 2.30448 1.29758 1.29111 1.71119 0.847017 0.482245 0.104254 0.0546798 
3.67478 1.29766 4.31853 0.717817 3.18176 0.48876 0.668644 1.09297 -0.512322 -0.210163 0.213797 0.10591 
3.77372 1.46498 4.40925 1.05472 1.90615 -0.0171119 0.00100381 -0.661517 -1.06665 -0.130642 -0.0561588 -0.0417439 
3.99196 1.86967 4.65997 1.35594 3.14267 0.0458975 -0.139079 -0.603183 -0.58143 -0.185369 -0.166613 0.0215792 
4.31532 2.1417 4.46227 1.17239 2.41106 -0.264883 -0.0531192 -0.71799 -1.0287 -0.465876 -0.308239 -0.0711118 
4.26518 1.85059 3.62623 0.60464 0.88554 -1.12412 -1.38938 -0.144218 -0.305962 -0.279553 -0.0678961 -0.0447436 
4.34163 1.89385 3.7541 -0.349971 0.188657 -1.4651 -0.915773 0.504941 -0.0978743 0.512192 0.202744 -0.0038487 
4.10971 2.37562 3.02558 0.665356 0.354398 -1.05753 -0.909721 0.114367 0.422336 0.785714 0.0386831 -0.0401581 
3.85394 1.99238 3.23205 0.423347 0.50029 -0.761277 -0.233845 0.335443 -0.153931 0.188312 -0.0465347 -0.0838888 
