2.93482 -0.0194669 3.21257 -0.680056 1.30362 -0.422202 0.48017 -0.179678 -0.48513 0.116709 -0.113508 0.164417 
2.92044 -0.357091 2.52604 -0.849372 1.82796 0.059856 -0.181171 -0.465265 -0.536612 0.310111 -0.147304 0.128071 
2.89941 -0.269931 2.66551 0.681248 1.24678 -1.22559 0.545305 -0.42899 -0.617008 0.227545 0.0365908 0.179691 
2.56142 -0.519824 2.9921 -0.19695 2.26237 0.462344 0.405953 0.171005 -0.110586 0.239487 0.0511178 0.142216 
2.6026 0.0124945 2.92284 -0.433748 2.08105 -0.543806 0.745651 -0.132035 -0.357304 -0.00284911 -0.0758472 0.237655 
2.68555 -0.1508 2.8765 -0.454598 0.785161 -1.30113 0.519642 -0.0564036 -1.09289 0.522486 -0.00424879 0.136424 
2.8157 -0.423123 2.99003 -0.767514 2.3435 -0.656248 -0.578125 -0.159351 -0.762224 0.183298 0.0603869 0.213065 
2.50552 -0.0916952 1.87114 -0.523541 2.32595 -0.921265 0.300625 -0.128703 -0.170259 0.223918 0.0560187 0.268054 
3.12584 -0.397198 2.71974 -0.400173 1.6763 -0.778715 0.211476 -0.488374 -0.622712 0.263251 -0.153744 0.200979 
2.89353 -0.296533 2.19187 -0.477868 1.58624 -0.280924 0.137058 -0.241091 -0.411794 -0.0853564 0.0240147 0.230731 
3.11406 -0.386595 3.18672 -0.642199 1.52896 -0.717428 0.12876 -0.00409353 -0.588447 0.421749 -0.0181072 0.161579 
2.83706 -0.0405403 3.14406 -1.25554 1.07032 -0.284276 0.723966 -0.152668 -0.933656 0.426303 0.1261 0.164769 
2.82892 -0.149518 2.29868 -1.23215 1.98903 -0.141205 -0.299088 0.252656 0.192817 0.211322 -0.158303 0.137657 
2.75252 0.188005 2.25576 -1.27684 1.05431 0.131369 0.346857 -0.386359 -0.43326 0.0365411 -0.00175359 0.198023 
2.91387 0.226929 2.68054 -0.412007 1.70773 -0.808958 0.482161 -0.465161 -0.24177 0.0377575 -0.0726477 0.243093 
2.70566 0.0273523 3.58076 -0.826982 1.02592 -0.289657 0.306514 -0.368826 -0.865813 0.10266 0.213076 0.192641 
2.94236 0.0993743 2.50815 -1.1669 1.2142 -0.906763 0.409249 0.0835696 -0.57141 0.284396 -0.216748 0.151514 
2.51024 -0.366825 2.26127 -0.632443 2.55784 -0.0112194 0.766516 0.922331 0.528903 0.418154 0.146112 0.172299 
2.64698 0.165298 3.0027 -0.366188 1.6471 -0.654735 0.468708 0.208653 -0.00871124 -0.108382 0.0624089 0.225882 
3.27199 0.644485 3.07725 -0.247532 2.44831 -0.249199 0.0583549 -0.600863 -0.424551 0.72852 -0.0308045 0.0435188 
4.42241 1.59727 3.30845 -0.484479 0.779697 -2.15002 -0.0291505 1.03367 0.210641 0.810999 0.00181533 -0.0107482 
4.84001 2.45717 3.37238 -0.457451 0.361387 -0.641789 0.337499 1.19995 0.661663 0.911932 0.12825 -0.0772376 
5.29587 2.65493 2.96635 -1.39676 0.0831575 -0.35344 0.36556 1.08004 1.13184 0.766955 0.116261 -0.0330481 
5.62947 2.86934 2.18109 -1.34585 0.220797 -0.204983 1.22884 0.575149 0.756103 0.839323 0.0576551 -0.0216387 
5.77257 2.58053 1.82651 -1.6985 0.570308 0.958127 1.6739 1.06723 0.152373 0.634311 0.115385 -0.0135908 
6.30695 2.31208 3.01146 -2.40921 0.290882 0.41216 1.28048 2.2924 0.123988 0.632535 0.207688 -0.114034 
5.3579 3.08926 2.31845 -1.26794 -0.307658 0.971843 1.51074 1.50276 0.497121 0.899052 0.15953 -0.0117924 
4.53127 2.84645 2.46521 0.231942 0.0330735 0.187256 0.978003 1.79935 1.22019 0.663026 0.227619 0.0186458 
4.13925 2.89677 2.97971 0.696864 0.322719 0.894419 1.19717 1.51403 1.0438 0.770326 0.121206 -0.011774 
3.8517 2.55658 3.22624 1.71233 0.450204 0.556085 1.20114 1.59072 1.26059 0.674784 0.186234 0.0384964 
3.89337 2.23874 3.1183 -0.0655513 1.0243 0.389176 1.38602 2.53758 1.10215 1.10294 0.212751 -0.0352646 
4.24775 1.39042 4.26032 -0.508094 1.52494 0.939946 0.783725 2.16953 1.68135 0.90419 0.0973971 -0.011931 
3.35606 1.40045 4.5463 -1.47813 2.19419 0.425729 1.51579 1.6604 0.98482 1.67238 -0.195862 0.0620858 
2.76897 0.504064 6.1281 -1.59775 1.10731 0.989401 1.61103 0.248963 0.53551 1.89197 -0.201024 0.170808 
2.69954 0.32566 6.07465 -1.74126 1.49764 1.65136 1.37162 -0.212502 0.362828 1.65134 -0.18215 0.205858 
2.48211 0.16337 6.02973 -1.17723 1.59569 1.24891 1.54168 0.0905416 0.512139 1.70049 -0.210522 0.174348 
3.02182 0.244358 5.19573 -1.393 1.04756 0.638095 1.46776 0.807641 0.908997 1.83298 -0.209975 0.0864725 
3.91641 1.71894 3.95432 -0.0439889 0.0841413 0.124809 0.435789 0.0343761 1.1404 1.07701 -0.306557 -0.120157 
4.17929 2.28783 3.50406 -0.0259695 -0.42102 0.338653 0.373299 0.0789912 0.959474 0.95473 -0.138947 -0.103702 
4.80168 2.94634 3.72853 0.517439 -0.663906 -0.357288 0.464487 0.935645 1.21019 0.560204 0.218139 0.0409934 
4.62818 3.29924 3.91856 0.937842 -0.498034 -0.80901 0.0676869 0.624213 0.458397 0.191102 0.329471 0.125122 
4.50494 3.50472 3.80341 0.865847 0.0222353 -0.293071 0.179497 0.394443 0.390095 0.432706 0.19568 0.0642704 
4.19459 2.8303 3.56199 1.54739 0.941549 -0.381862 0.237228 0.989621 0.299791 0.586856 0.298725 0.115753 
3.92683 2.56511 3.35656 0.796023 0.778401 0.309716 0.906278 1.07668 0.871183 1.46761 0.249109 0.060085 
3.8072 2.37629 3.2003 1.56488 1.20918 -0.214816 0.610288 0.854242 0.852577 1.08646 0.287676 0.119458 
3.92789 1.893 3.41947 0.413938 1.1345 0.0802737 0.775687 1.37148 1.15423 1.15292 0.32341 0.0956717 
4.03481 1.60804 4.46673 0.41311 1.46301 -0.216519 0.0191927 2.13578 1.17966 1.28404 0.371769 0.0347605 
3.94257 1.91707 3.78898 0.787264 1.93509 0.0529724 0.0884788 0.726559 1.32615 0.715109 0.133731 0.115583 
4.07919 1.82425 4.52893 0.46885 2.55111 0.275893 0.0667449 0.792401 0.136913 -0.194653 -0.0109673 0.0544988 
3.91908 1.53757 5.43014 1.14038 3.17337 0.628248 0.392618 -0.81293 -0.571888 -0.0510998 -0.342337 0.0359524 
4.21076 1.79939 4.57674 1.04634 3.2521 0.652498 0.959225 -0.121703 -1.20632 -0.610877 -0.00720709 0.130944 
4.18105 2.32368 5.20394 1.51407 2.51139 0.518293 0.62468 -0.511504 -0.897441 -0.18929 -0.243126 -0.0716966 
3.91075 1.76637 4.1524 1.41656 1.30541 -0.806895 -0.486464 -1.14166 -1.04254 -0.582183 -0.167678 -0.0371917 
4.04026 1.89611 3.90727 -0.685004 1.84587 -0.648816 -0.999394 -0.820432 -0.857678 -0.466234 -0.151278 0.00998012 
4.51388 2.12701 4.56281 -0.66304 1.68072 -0.880591 -1.04781 -0.540684 0.459339 0.665693 -0.209691 0.0442025 
4.4579 2.09443 3.56939 -0.57312 0.597079 -2.1391 -0.348884 -0.20144 0.175276 0.828926 -0.151932 0.00855956 
4.20933 1.92918 3.60404 -0.409518 0.489509 -1.35006 0.196801 0.358874 0.726098 1.22443 0.0619588 0.0465979 
3.99358 1.39265 2.92934 -0.385068 0.690588 -1.94584 0.164653 0.529335 0.3231 0.53903 -0.00842543 0.0637688 
3.88324 0.859761 3.21276 -0.88862 1.17813 -1.23836 -0.606927 0.573364 -0.177544 0.576529 0.131812 0.0258008 
3.82032 0.249702 3.11297 -0.757349 1.24887 -0.207397 0.774122 0.0113769 -0.514037 0.520895 -0.210871 -0.0318315 
