2.94734 -0.305147 2.9239 -0.617288 1.01661 -0.859368 0.667866 -0.0716125 -0.585649 0.623456 -0.205564 0.111957 
2.77614 -0.201052 3.5465 -0.615922 0.919345 -0.676147 0.379167 -0.272171 -0.61488 0.501577 0.316432 0.217418 
2.70855 -0.150897 2.92423 -0.665328 1.95337 -0.138086 -0.10427 -0.415533 -0.476703 0.0899366 0.0509219 0.206452 
2.77523 0.0728153 3.2666 -1.22729 1.64652 -0.109168 -0.436064 0.215418 -0.749707 -0.110141 0.16223 0.145703 
2.94998 -0.286409 2.67925 -0.79579 1.29701 -0.297565 0.682543 -0.105969 -0.367449 0.393265 -0.149826 0.15475 
2.62666 -0.249282 2.0976 -1.16831 2.44947 -0.0288959 0.779225 0.601044 -0.0592761 0.324234 0.128407 0.220973 
2.68964 -0.32411 2.45215 -0.473167 2.32663 -0.20019 0.261491 0.641905 -0.746692 0.171277 0.103919 0.128052 
2.99542 -0.250826 2.66432 -0.581124 2.04331 -0.29924 -0.00639288 -0.538574 -1.12327 0.208815 0.173306 0.201888 
2.84936 -0.374571 3.07501 -0.296128 2.00679 -0.456913 0.686363 -0.291517 -0.615718 0.80972 0.138831 0.17947 
3.15521 -0.268659 2.45201 -0.750271 1.91265 0.25229 0.0244165 -0.176868 0.583747 0.553623 0.0305597 0.181873 
2.95419 -0.0996017 2.23325 -1.12374 1.1892 -0.145652 0.472042 -0.594982 -0.511885 0.151355 -0.148366 0.210777 
2.92676 -0.21015 2.84821 0.141931 1.56763 -1.2144 0.442626 -0.027761 -0.528718 0.741659 -0.0383017 0.11395 
2.83124 -0.232251 2.34727 -1.47851 2.53662 -0.201904 0.25669 0.154487 -0.578435 -0.3991 -0.111548 0.325776 
2.98452 -0.25185 3.31858 -1.06765 2.08868 -0.254783 -0.285011 -0.273717 -0.58853 0.0935089 0.0201496 0.246698 
3.02623 -0.152803 2.79404 0.284878 1.78081 0.492672 1.87367 0.471619 0.0712686 0.401311 -0.0270625 0.118329 
3.49968 0.984368 3.98807 0.398321 2.38793 0.594743 1.09845 -0.00281154 -0.835775 -0.437074 -0.109262 0.0465002 
3.73263 1.09173 3.14986 1.52035 2.22178 0.483621 1.75707 0.0190312 -0.185148 0.0922643 -0.377507 -0.100797 
4.00186 1.3424 3.46835 0.769561 2.10242 0.748561 0.83854 0.0600801 -0.271813 -0.363541 -0.323957 -0.0876252 
3.77934 1.96139 3.32786 1.14358 2.69612 0.828351 0.473126 0.290115 -0.209557 -0.183769 -0.229811 -0.111882 
4.44564 2.10379 3.61128 1.16196 0.700968 -0.0813435 0.616919 0.854627 -0.303464 0.325887 -0.0269838 -0.130976 
5.18803 2.19686 3.6998 -0.283688 0.577857 -0.38994 -0.0660226 0.770058 0.480203 0.0307051 -0.145867 -0.095202 
4.62553 2.24812 3.98008 0.0440778 1.86083 -0.600652 0.50843 0.479358 0.456442 -0.280822 -0.391022 -0.00783794 
4.41498 2.19782 3.90932 -0.486409 1.79275 -0.477835 -0.135125 0.820166 0.639557 0.536693 -0.105613 -0.0496342 
4.27648 1.71815 4.13213 0.150366 2.25768 0.247407 0.358842 0.167076 0.186097 0.271221 -0.211367 -0.00704181 
3.95939 1.79023 4.19241 0.566401 2.43039 0.303483 1.20452 -0.0106887 0.0108937 0.664153 -0.254099 -0.00507437 
3.81008 1.47449 4.0958 1.29811 2.42714 0.788441 1.92556 -0.0348563 0.116577 0.707065 -0.247742 -0.0135194 
3.5115 1.38205 3.0786 1.278 2.63332 0.422532 0.867196 0.774201 0.617479 0.59362 0.170112 0.0940727 
3.52768 1.60003 3.26879 0.470857 2.25938 0.342088 1.49283 1.01583 -0.0631617 0.435352 0.269679 0.12846 
2.86908 1.03261 4.27636 0.331625 2.87621 0.151697 1.01222 0.806868 -0.0271252 0.749726 0.236498 0.118903 
2.70894 0.204638 3.19913 -0.704136 1.90592 0.999885 1.48583 -0.121736 0.324561 0.556367 -0.112524 0.148434 
3.16752 0.161655 3.63062 -0.64033 2.50479 0.976294 0.158293 0.120291 0.129408 0.149931 0.159276 0.182659 
3.18352 -0.150305 3.27218 -0.737755 1.31164 1.07126 1.66169 0.699091 0.465318 0.804227 -0.161247 0.0114941 
4.05414 1.26512 3.84329 -0.746234 1.28852 -0.190039 0.0550655 0.466035 0.667387 0.544129 -0.197162 -0.0305105 
4.45971 2.10875 4.09756 -0.084571 1.11722 0.102624 0.233513 0.866712 0.848725 0.993149 0.0160512 -0.0727248 
4.43342 2.52256 3.82707 1.01297 1.25379 -0.333614 0.264369 1.06522 1.07269 1.02601 0.151689 0.0223658 
3.81483 2.19176 4.07606 0.804982 0.368012 -0.0258399 0.737336 1.64725 0.890646 0.804677 0.355594 0.0732884 
3.97831 2.25951 3.95089 0.921 1.04869 0.181082 0.398391 1.45662 0.55491 1.07346 0.306968 0.0376223 
4.40224 2.37737 5.40657 0.347333 1.95456 0.360274 0.588228 0.598958 0.924726 0.99746 -0.0098647 0.10012 
4.07609 1.05541 4.43657 -0.0278979 2.08555 0.00665463 0.273906 1.32549 0.797043 1.0541 0.222437 0.117579 
4.13489 1.29368 4.19002 0.425828 3.17954 0.731882 0.625139 0.446045 0.333244 1.06484 0.0861296 0.0954638 
3.83829 1.12986 4.45814 0.615886 2.33597 0.793338 1.46518 1.01979 0.363916 0.645429 0.113882 0.124254 
4.02521 1.48991 4.38976 1.23312 2.56879 1.03813 1.29375 0.227658 -0.296916 0.825819 0.171187 0.0519713 
3.52866 2.05706 4.52418 1.83516 3.28428 1.07233 1.13172 0.328818 0.0304903 -0.431106 0.175912 0.109329 
3.82873 1.79806 4.74039 1.90788 2.56112 0.789 1.54717 -0.608025 -0.495513 -0.173224 -0.0470126 0.0756776 
4.45739 1.89991 4.80272 1.01029 2.80239 -0.609898 0.132751 -0.893858 -1.2281 0.0474673 -0.408445 -0.0435117 
4.93045 2.31176 5.50938 0.77087 1.80397 0.0704543 -0.792465 -0.891146 -0.470167 0.057823 -0.234645 -0.0483478 
4.87838 2.6628 4.66993 2.00441 1.3005 -1.4192 -0.622107 -1.20485 -0.942429 0.275988 -0.133725 -0.0322277 
4.30794 1.90812 3.9186 -0.430923 0.855376 -1.51492 -1.02847 -0.995013 -0.382706 0.21646 -0.19688 0.0063706 
4.57865 2.00462 4.62752 0.139824 0.601363 -2.07799 -0.478554 -0.237478 -0.630822 0.793778 -0.0397277 -0.00774962 
4.08474 1.63548 3.57408 -0.264844 0.926062 -1.11442 -0.282528 -0.285916 -0.193361 0.304975 -0.175129 -0.0459399 
3.95787 2.29608 4.00485 0.117626 1.17534 -1.07442 -0.493065 -0.302708 0.779457 0.69574 -0.21548 -0.00130235 
4.0923 1.83415 3.54803 0.210184 1.24867 -0.914348 -0.467773 0.0939313 0.175269 0.275543 -0.106051 -0.0326421 
4.13632 1.81216 4.4448 -0.22828 0.558259 -1.54316 -0.0609348 -0.15806 0.341255 0.73056 -0.195653 0.0229079 
4.39612 1.02237 4.36289 -0.579085 1.07745 -0.323602 -0.842179 0.266288 0.0656858 0.318186 -0.0344704 -0.0595717 
3.94748 1.13704 3.6168 -0.530506 0.509333 -0.496532 -0.470539 -0.292694 -0.158914 0.745327 0.0634723 -0.0628098 
3.92569 0.685952 3.24771 -0.10627 1.31697 -1.11268 0.481825 0.213473 -0.0371232 0.354671 -0.0289492 0.107596 
3.72049 0.702515 3.71595 0.276628 2.0447 -0.577901 -0.202489 -0.0135333 -0.300036 0.394795 -0.05668 0.00302155 
3.16602 0.430077 3.77318 0.676842 3.16841 0.483906 1.06897 -0.0323075 0.268549 0.127845 -0.247811 0.170624 
3.51907 0.521141 2.92383 0.239966 2.08021 -0.164968 -0.14969 -0.661159 -0.574594 0.225175 0.112567 0.112936 
3.13354 0.202137 3.66504 0.114355 2.70127 0.076509 0.59634 0.079074 -0.0695252 1.02986 -0.0247956 0.0717685 
