3.03948 -0.44923 2.89288 -0.544776 1.2764 -0.487547 -0.628453 0.445218 -0.457211 0.0954722 0.0741549 0.105581 
3.4132 0.547135 3.59927 0.30439 1.98247 -0.424845 0.551639 0.188268 -0.00207488 0.0263059 -0.00988017 0.178255 
3.75839 1.67315 3.52945 0.424766 3.16636 1.19608 -0.190625 0.899987 -0.307224 -0.453651 -0.0497832 -0.113257 
4.07523 2.26528 4.0423 0.445686 1.25761 0.391963 -0.0584955 0.689724 0.559046 0.647808 -0.0610431 -0.0909964 
4.63861 2.24637 3.00499 -0.0810645 1.29262 0.370495 0.194053 0.631506 0.0271083 0.810914 0.0422216 -0.126436 
4.80463 2.49416 3.32932 0.406559 1.34629 -0.855968 0.105208 0.631402 0.201099 0.315153 -0.0953081 -0.0598904 
4.64695 2.4767 3.69263 0.37831 1.1944 -0.30079 -0.451856 -0.101115 0.120413 0.328417 0.0112276 -0.0107086 
4.61934 2.5043 4.03371 -0.611575 1.71077 -0.22605 -0.333155 0.468154 0.968306 0.485179 -0.0480812 0.000621436 
4.49621 1.70485 4.24653 0.409766 1.73551 -0.654713 0.917356 1.04557 0.387068 0.616886 -0.210452 -0.0383649 
4.42239 1.56649 4.17586 1.45569 1.97515 -0.0524755 1.21112 0.471967 0.419069 0.526035 -0.187499 -0.0091449 
4.18612 1.29268 4.5185 0.860597 2.17142 0.472225 0.468524 1.21526 0.671816 0.513493 -0.0798396 -0.0334424 
3.34751 0.77456 4.97827 0.0968781 1.82986 0.593417 0.596094 1.96435 0.240961 0.320656 0.392485 0.0494864 
2.65617 -0.769805 5.95421 1.76769 0.712506 0.00761449 1.02757 1.43855 0.546425 -0.336568 0.126374 0.281454 
2.04501 -1.94821 6.83212 2.90981 -1.11983 -0.599114 1.06367 1.80168 0.858494 0.0294405 0.310435 0.255031 
1.96842 -2.22301 6.71598 3.28006 -0.575598 -0.314635 1.04426 1.59937 0.860957 -0.155515 0.102479 0.268116 
2.41407 -2.40683 5.61436 2.45758 0.282602 -0.220174 2.57249 1.6315 0.310938 0.966191 -0.0161717 0.0930667 
3.13059 -1.22167 6.2395 1.88137 -0.961254 -0.404787 1.56811 1.67166 0.520567 0.47124 0.0859431 0.0883409 
4.17733 -0.00754385 5.87867 1.93 -0.570849 -1.27987 1.4483 1.3044 0.340439 0.320465 -0.271639 -0.00333516 
4.14986 0.988653 5.92812 1.94177 0.106512 -1.24993 0.972105 1.85182 0.802059 0.285215 -0.00445636 0.0992032 
4.53444 1.10832 5.99977 1.98138 0.367733 -1.6687 1.3071 1.29744 0.388048 0.272355 -0.041443 0.199284 
4.81151 1.8778 5.42611 1.16425 0.356198 -1.23916 0.770743 0.62168 0.747533 0.77081 0.0589243 0.14877 
4.30855 1.98553 5.11484 0.729058 0.736815 -1.55037 0.760907 1.3937 0.859614 0.835478 0.312192 0.240492 
4.08069 1.57719 3.59638 1.08301 1.47835 -0.485239 0.285005 0.497417 1.17305 1.44592 0.252957 0.119752 
3.73385 1.54822 3.99721 1.61131 1.50495 -0.597888 0.666433 1.68254 0.860154 0.52829 0.251223 0.1385 
3.43581 1.47306 3.59114 1.4451 1.30309 -0.911062 0.999798 1.55683 0.677909 0.743243 0.393611 0.17079 
3.59718 1.83272 3.94721 1.53894 2.26565 0.889396 0.6362 0.932674 0.349924 0.409883 0.262383 0.0795503 
3.55113 1.63735 4.80675 0.992289 3.5097 1.38132 0.486624 1.00768 1.05156 0.181134 0.0611442 0.121856 
3.84575 1.36512 4.41457 1.0145 3.14886 0.764361 1.20642 0.276484 0.114824 1.07185 -0.000908989 0.0676571 
3.80111 2.07757 4.84396 2.06991 3.39001 1.38935 0.39926 -0.680969 -0.336365 -0.240698 -0.0265763 0.00410191 
3.80594 2.17143 4.13341 2.39401 3.41593 0.450641 1.14138 0.0863341 0.0365098 0.0141698 -0.140172 0.00839692 
3.72788 2.63351 5.54298 1.51506 2.77433 1.37093 0.318016 -0.163998 -1.06734 0.165051 -0.127991 -0.141789 
4.19624 1.88368 4.37816 1.26521 1.75225 -0.409385 -0.794118 -1.12918 -0.276204 0.221436 -0.280634 -0.0815448 
4.29988 1.74047 4.77835 -0.0320759 1.48151 -0.524003 -0.9141 -0.205978 -0.559693 -0.0370936 -0.116853 -0.0510398 
4.61014 1.82641 4.78205 -0.223253 1.0638 -1.57408 -1.59927 0.0992682 0.00911407 0.420896 0.019094 0.0348735 
4.38616 1.70878 3.57838 0.0294802 1.20647 -1.69903 -0.789215 0.149689 -0.205087 0.175409 -0.0957907 -0.000706201 
4.14696 1.92911 4.83392 0.582496 0.894973 -1.12041 -0.250336 -0.092443 0.170793 0.525793 -0.179893 -0.0114195 
3.91142 1.8352 3.32181 -0.11203 1.63874 -0.991695 -0.590588 -0.689092 0.511959 0.523403 -0.239261 -0.0141347 
3.7836 1.72536 3.73887 0.237587 1.12126 -0.675498 0.35082 0.244757 -0.308355 0.0783097 -0.180918 -0.0802074 
3.75072 1.44578 3.82367 0.386186 1.34245 -0.318052 0.159514 0.110484 0.508615 0.301122 -0.272427 -0.0489561 
3.8932 0.532683 3.59858 -0.152726 1.79883 -0.0153498 0.0831137 0.952416 0.322472 0.265172 -0.0557724 0.00384297 
3.69612 0.791687 3.64471 -0.10035 2.24072 -0.377577 0.45359 0.417129 -0.240286 -0.214068 0.12247 0.254444 
3.1295 0.675211 2.61118 0.46992 3.04489 0.423559 1.13653 0.70042 -0.255613 0.290944 -0.0608826 0.0491841 
3.4506 0.818297 3.57528 -0.529666 3.16129 0.185534 0.509341 0.602944 -0.841857 -0.437328 -0.015834 0.113507 
3.53488 -0.0407208 3.52415 0.363873 2.92843 0.277215 -0.0649675 0.28793 -0.283509 0.238422 -0.034357 0.0543507 
3.53127 0.558547 3.12638 -0.419324 1.96918 -0.258332 0.862035 0.686254 0.00306876 0.0652592 -0.360566 0.0393616 
2.90939 -0.105651 3.30111 0.331303 1.70075 -0.351529 1.0357 -0.709521 -0.449556 0.259065 -0.0799042 0.202854 
3.2844 0.285646 3.44342 -0.763283 1.3285 0.110089 0.767782 -0.0787624 -0.66652 0.140866 -0.100324 0.104539 
3.15201 0.0816881 3.48469 -0.27293 1.39773 0.198564 -0.0805897 -0.743195 -0.579233 0.235908 0.161134 0.156019 
3.01605 0.416462 2.3343 -0.680862 2.5373 -0.661058 0.385385 -0.0241188 -0.212726 0.232682 -0.150261 0.181593 
2.52306 0.371899 3.06018 -0.380062 2.60361 -0.977357 -0.123666 -0.280696 -0.0958739 0.266029 0.194592 0.251398 
2.75882 -0.0714857 2.57807 -0.789627 1.62756 -0.0556073 0.532179 0.665697 -0.00912382 0.0780137 0.251776 0.207706 
2.65833 -0.217967 2.54778 -0.564347 2.20929 -0.917996 0.107476 -0.460224 -0.6935 -0.038564 -0.0543328 0.312784 
2.83052 -0.112698 3.07573 0.0951967 2.24024 0.0204021 0.812266 -0.349569 -0.822188 0.536583 0.150204 0.136158 
2.72878 -0.0707134 3.14063 -0.378112 2.28221 0.0825652 1.38047 -0.222822 -0.202672 0.748645 0.00275593 0.205962 
3.01787 -0.10861 2.99756 -0.795501 1.61879 -0.396421 0.0543441 -0.54656 -0.539022 0.211634 -0.089872 0.21433 
3.03129 0.0338649 2.83091 -0.384868 1.40518 -0.911377 0.853575 0.235633 -0.291811 0.290603 -0.0923407 0.183734 
2.96668 -0.0753936 1.75552 -1.3086 1.91352 0.0351124 0.602536 -0.325191 -0.113321 0.316334 0.0294734 0.257347 
2.90861 -0.396718 2.84884 -0.636811 1.22675 -0.0200253 0.209147 -0.499865 -0.707755 0.228863 0.0172932 0.179949 
2.94017 -0.271544 2.14381 -1.45008 2.50745 -0.222118 0.150322 0.609578 0.0665911 0.270981 0.10595 0.248784 
2.77817 -0.524132 3.44486 -0.346928 2.00383 -0.492622 -0.0969818 -0.636649 -0.468838 0.0253623 0.0455775 0.329465 
