2.82817 0.130772 3.17942 -0.942674 1.11377 -0.585053 1.01627 -0.750919 -0.634802 0.382434 -0.023363 0.237993 
3.26752 -0.537872 2.35432 -0.737264 2.04711 -0.328349 -0.385487 -0.449447 -0.326344 0.323144 0.0183599 0.217135 
2.70844 0.191728 2.24084 -1.5048 1.48571 -0.511623 0.0424664 0.152009 -0.397948 -0.0346227 -0.0394802 0.193765 
2.78578 -0.321857 2.63497 -0.0723228 1.28632 -0.691437 0.314133 -0.815525 -0.728341 0.462178 0.0540218 0.168686 
2.88951 0.17761 2.23373 -1.76893 2.04303 -0.302547 0.0400948 0.721482 0.118441 -0.160598 -0.13142 0.154429 
2.69972 -0.276709 3.15282 -1.09358 1.28959 0.118227 -0.529184 0.0397267 -0.575947 -0.317087 0.131679 0.190891 
2.62135 -0.50377 3.2679 -0.77627 0.76871 -0.0846901 -0.203594 0.17073 -0.374359 -0.281072 0.0682243 0.210638 
2.77455 -0.179674 2.69318 -0.979062 2.15279 -0.252444 0.021475 -0.641117 -0.411048 -0.0848825 0.0281323 0.308719 
2.83754 -0.507025 2.76445 -0.846489 1.73523 0.137966 0.12411 0.300275 -0.854177 -0.0590148 0.15259 0.159337 
2.83656 -0.178429 3.17737 -0.219703 1.74248 -0.576532 -0.657939 -0.438161 -0.162101 -0.16412 -0.0357202 0.222742 
2.87616 -0.503669 2.91747 -1.09427 1.68524 -0.670447 0.259544 0.452982 -0.961231 -0.010337 0.101675 0.229787 
2.91584 -0.242255 2.41009 -1.24889 2.30026 -0.480427 -0.397423 0.0666677 -0.386913 -0.253437 0.0386158 0.297506 
3.15245 -0.305596 2.51369 -1.20005 1.63662 -0.270311 0.0529774 0.023938 -0.701241 0.122367 0.0021494 0.174878 
2.95162 0.131818 2.64607 -1.11575 1.39552 -0.645056 0.165675 0.56186 -0.185709 0.25101 -0.0489269 0.102744 
2.75495 -0.0511384 2.7572 -0.973617 1.56645 -0.120761 -0.312812 -0.447663 -0.601765 0.000292533 0.0466293 0.193064 
2.84426 -0.16598 3.10936 -1.35976 0.990089 0.624096 0.615881 0.160325 -1.11863 -0.0679607 0.330629 0.145454 
3.16873 -0.0535471 2.72645 -0.416682 1.27328 -0.730026 0.696211 -0.313678 -0.859613 -0.325851 -0.0293757 0.257537 
3.30064 0.0634979 3.18427 -0.730481 1.91693 0.184076 0.546482 0.133394 0.154372 0.344747 -0.0705291 0.159719 
3.71064 0.733127 3.80885 -0.0640781 1.78569 0.673457 1.53343 0.916125 -0.819233 0.148117 -0.0366881 -0.0519937 
4.1709 1.1983 3.79974 0.216612 1.77497 1.23367 1.19687 1.14427 0.12428 -0.0760238 -0.251407 -0.121236 
4.92992 1.58978 1.39943 -2.66561 1.01144 1.09067 2.50155 0.848223 -0.565824 0.23311 -0.345588 -0.103563 
5.17524 1.44364 1.56235 -2.40119 0.935216 1.56786 2.67217 0.570468 -1.37379 -0.104219 -0.320103 -0.098442 
5.05171 1.97192 0.270603 -2.09354 0.260298 1.02582 2.27656 0.876059 -0.95578 -0.23847 -0.374583 -0.171609 
4.80144 2.675 0.51739 -2.22316 -0.0820069 1.70637 2.31312 0.676041 -0.755225 -0.146157 -0.467471 -0.140117 
4.83265 2.56077 0.500229 -2.24493 0.205488 1.92043 2.30629 0.658775 -0.993823 -0.203504 -0.442682 -0.111055 
5.12532 2.53599 1.72719 -1.81324 1.34302 1.32528 0.884441 0.822317 -0.421943 -0.247865 -0.259945 -0.173772 
4.8751 2.20213 1.9932 -1.93991 1.76439 1.4467 0.835929 1.24408 -0.815206 -0.222076 -0.173795 -0.178157 
4.79373 2.10777 2.75329 -0.631913 0.881606 0.864167 1.33198 1.3377 0.560879 0.242767 -0.171901 -0.135977 
4.20808 1.38539 3.42671 -1.03911 1.83265 0.0988751 1.72977 1.26758 0.279461 0.352342 -0.140845 0.104063 
3.81019 1.3398 3.08886 -1.18173 1.36254 -0.329602 1.01006 1.03497 0.168243 -0.0156124 -0.198717 0.0190661 
3.85247 0.831333 3.27133 -1.3224 1.08463 -0.106411 1.2698 0.6759 0.385359 0.476813 -0.189623 0.0845076 
3.37075 -0.000315712 2.98178 -0.42138 2.52902 0.0265649 0.149577 0.924773 0.15266 -0.191751 -0.316265 0.0523335 
3.20719 0.0659487 3.45422 -0.826768 0.731311 -1.44153 0.803797 1.07591 -0.0436457 0.183821 -0.114654 0.150735 
2.79802 -0.353201 2.70509 -0.855157 1.96494 -0.097253 -0.0813796 0.189818 -0.0447986 -0.120744 0.00892742 0.195025 
2.9776 -0.390035 4.27944 -0.931542 1.19195 0.680076 0.53579 -0.888972 -0.208646 0.579099 -0.258913 0.168796 
3.05387 -0.154656 3.94667 -0.324252 0.929996 0.341413 0.688535 -0.78767 0.706466 0.469602 -0.20434 0.249757 
3.93197 0.890212 4.35304 -1.27053 0.567546 -0.172855 0.236294 -0.309936 0.233847 0.229659 -0.459339 0.0252771 
4.58026 1.81657 4.75447 -0.472127 0.463168 -0.516128 -0.42097 0.718246 0.40037 0.946925 0.0748518 -0.104928 
4.54368 2.38403 4.75468 -0.108861 0.82612 -1.31211 -0.240403 1.21827 0.846268 0.610308 0.0891577 0.0382874 
4.67439 2.27575 3.53512 -0.394637 -0.164932 -0.594682 0.327275 0.377467 0.535187 0.939456 0.267952 0.0852921 
4.66952 2.89449 4.27553 -0.38787 0.210732 -0.997228 -0.326014 0.230217 0.216328 0.639255 0.152475 0.0469845 
4.44355 2.00099 3.85329 -0.259819 1.26214 -0.430246 -0.770706 0.0406714 0.347862 0.771244 0.158481 0.0508023 
4.01252 1.2872 3.73949 -0.299185 1.1573 0.0475356 0.622949 0.130861 -0.366673 0.615115 0.140688 0.0479556 
3.49568 1.19806 3.61947 0.409577 1.4456 -0.322134 0.54885 0.0965924 0.360285 0.50055 0.232277 0.156362 
3.70971 0.895756 3.14213 0.635365 1.94886 -0.299102 1.15636 -0.0312228 0.368726 0.309112 0.0822143 0.193562 
3.3002 1.00763 3.45861 -0.0641766 1.53868 0.272121 1.34886 0.962196 0.100973 -0.0478426 0.152412 0.0914533 
3.57033 1.03919 4.21672 0.365499 2.77713 -0.0637106 0.364256 -0.0943107 -0.226632 0.372349 0.0384056 0.137339 
3.78232 0.619333 4.0546 0.603918 2.8314 1.15496 1.04878 -0.2405 -0.448744 0.0707083 -0.0206606 0.122379 
3.67107 0.995354 4.63597 1.2212 1.96251 -0.239675 0.880271 -0.165254 -0.441386 -0.169362 -0.0674954 0.115766 
3.81886 0.878613 4.29002 0.543938 3.89074 -0.139 -0.127828 0.147998 -0.305384 0.0819725 -0.175018 0.135994 
3.84485 0.976135 3.74499 0.0473654 2.74085 0.250637 0.374399 -0.69737 -0.411671 -0.207384 -0.391209 0.0512835 
3.8067 0.813054 4.9511 0.373521 1.65207 -0.35658 -0.815927 -1.34211 -0.719882 -0.232265 -0.2857 0.0272037 
3.59286 1.17139 4.81389 -0.152097 1.55566 -0.346536 -0.132288 -0.650443 -0.538136 -0.238413 -0.269102 0.0272095 
3.68433 1.55644 4.13281 -0.226116 1.19157 -0.070616 0.62425 -0.43008 -1.28503 -0.0550483 -0.137197 -0.0863002 
3.71001 1.5123 3.71546 0.0700938 1.79427 -0.744436 -0.592561 0.113761 -0.109857 0.059941 -0.178009 -0.0619929 
3.82481 1.30127 3.19692 0.376711 1.25308 -0.759676 -0.0178095 -0.113248 -0.437725 0.148762 -0.0438717 -0.0363356 
3.76295 0.954288 4.00792 -0.150942 2.75594 -0.510107 -0.555211 0.405693 -0.201276 -0.0316379 -0.214311 -0.00123034 
3.75428 0.845547 3.75507 0.382323 2.03372 -0.728259 0.285499 -0.539697 -0.564575 -0.00612746 -0.225026 0.0613583 
3.26298 0.676234 3.49221 -0.0520794 2.64011 0.178292 0.985544 -0.517894 -0.651454 -0.131867 -0.131309 0.147701 
3.45617 0.499943 3.99541 -0.469438 2.25012 0.174191 0.449125 -0.133429 -0.796023 0.0705556 0.0396306 0.143888 
