2.94707 -0.0162021 2.81391 -0.818186 1.26355 -0.809478 0.17489 -0.201527 -0.867097 0.30487 -0.00714279 0.16586 
2.89251 0.0607288 2.95526 -1.30271 -0.0850689 -0.21865 0.758176 0.93777 -0.682171 -0.0566355 0.00748884 0.0423625 
2.80803 -0.340204 2.69516 -0.747663 1.08107 -0.524539 1.03776 0.273968 -0.259853 0.506399 -0.0471848 0.166016 
2.80862 -0.0963436 2.22101 -0.436499 2.31458 -0.153602 0.149167 -0.474963 0.0767673 0.368998 -0.211759 0.165382 
2.93783 -0.145106 2.31958 -1.06172 1.29524 -0.47204 0.416419 -0.539817 -0.413844 0.191067 -0.103886 0.254891 
2.54356 -0.353163 4.04488 -0.84644 1.29709 -0.143729 0.597439 0.508503 -0.418953 0.222448 0.181378 0.185426 
2.91448 -0.106207 2.49244 -1.1106 1.47892 -0.0572504 0.313399 -0.478312 -0.439119 -0.121237 0.0133799 0.280871 
2.87481 -0.174337 2.09712 -0.330467 1.66223 -0.702373 -0.042719 -0.0600398 -0.29716 -0.0405304 -0.107911 0.201395 
2.94652 -0.11092 2.16958 -1.52638 2.20132 -0.103196 0.12839 0.548666 0.472601 0.41223 -0.0592288 0.171552 
2.84002 0.0382395 3.45831 -0.151507 1.81234 -1.01709 -0.864197 -0.0597826 -0.100571 0.0764491 -0.057163 0.173737 
2.75087 -0.374559 3.19572 -0.491962 1.83386 -0.597398 -0.17538 -0.684982 -0.289142 0.873292 0.254467 0.219846 
2.65537 -0.0804643 3.14749 -0.489456 1.72156 -0.682787 0.524174 -0.637005 -0.594184 0.159494 -0.0280566 0.265603 
2.73043 -0.224673 3.03502 -1.08665 1.50913 -0.406094 0.0860581 -0.496984 -0.141391 -0.00777839 -0.118877 0.316304 
2.72684 -0.166467 2.83818 -0.731747 1.12437 0.348978 -0.0316723 -0.282384 -0.199652 -0.26153 -0.0115546 0.21338 
2.85313 0.0518314 3.12489 -0.86491 2.0655 -0.744979 -0.330462 0.0624813 -0.739062 0.104726 0.0250943 0.17611 
2.82544 -0.230993 3.04434 -1.05755 1.86409 -0.695513 -0.367554 -0.322235 -0.668227 0.627266 -0.0720559 0.155685 
2.72306 -0.332604 2.07702 -1.48245 1.85376 0.00394215 1.15453 0.404007 0.459303 0.493004 -0.167612 0.21518 
2.85734 -0.135251 3.2132 -0.554945 2.05012 -0.639037 0.309234 0.749602 -0.22411 0.33343 0.102971 0.172856 
3.32135 0.224063 3.20069 -1.02993 1.91693 0.0896718 -0.014118 0.525597 -0.66366 -0.118864 0.166956 0.122602 
3.54327 1.0381 4.79236 -0.201484 1.32603 -0.43736 0.559119 0.814419 0.0352707 -0.0384157 -0.196119 0.0253131 
4.24609 1.38544 3.47959 -0.237125 1.0501 -1.06638 0.583081 1.4503 0.547959 0.35349 -0.302416 -0.14236 
4.61285 2.06265 3.89613 -1.55905 0.336021 -0.585452 0.307523 1.14365 0.275766 0.351913 -0.228383 -0.200601 
4.79479 1.48423 3.05536 -1.1457 0.924146 -0.821831 0.398618 1.16767 0.332612 -0.127925 -0.565632 -0.228803 
5.31198 1.77379 3.98313 -1.15153 0.466899 -0.680669 1.10767 0.632936 0.235736 0.220256 -0.610296 -0.167645 
5.24644 2.27166 3.6814 -0.663841 1.4515 -1.16232 0.936754 1.21876 0.219265 0.0508522 -0.51106 -0.12033 
4.72995 2.85389 2.75056 -0.387668 0.77799 -0.64824 0.104017 0.926071 0.465869 -0.287985 -0.273714 -0.16377 
4.52517 2.68312 2.86343 -0.242728 0.513417 -0.390875 -0.184091 0.895742 0.760561 -0.390789 -0.218586 -0.139552 
4.63636 2.17295 3.4999 -0.117078 1.16797 -0.81934 -0.217051 1.11145 -0.020707 -0.364403 -0.240923 -0.132866 
4.56963 2.00459 3.95048 -0.56596 0.721318 -1.04238 0.668702 1.60622 0.214061 0.211627 -0.166466 -0.123535 
4.18377 1.3797 4.0513 -0.803334 0.875122 -0.137613 0.934657 0.950254 0.604484 0.872046 -0.139657 -0.0412341 
3.81109 0.943288 4.31774 -0.280891 0.590511 -0.241262 1.18214 1.22945 0.949 0.407636 -0.214313 0.0346631 
2.75483 1.09511 4.36076 -0.0376899 1.18361 0.585607 0.23765 0.154092 0.0182985 -0.135337 0.10703 0.0620566 
2.85454 0.382283 4.24772 -1.48606 1.53367 0.84863 0.0444993 0.410596 0.538844 -0.311191 -0.111806 0.179934 
2.76813 -0.0545088 4.97925 -0.812047 1.39003 0.519727 -0.711707 -0.26818 0.205047 -0.503681 -0.031151 0.253382 
2.79102 0.00554668 4.34823 -0.325746 1.29513 0.42676 0.200916 -0.0939267 -0.031982 -0.565884 -0.099211 0.215355 
2.78503 -0.061113 4.13457 -0.646677 1.98579 0.667432 0.732561 0.707952 0.643646 -0.381519 -0.141466 0.270231 
4.0683 1.43601 5.34199 -0.824993 0.411381 -0.00441346 -0.62362 1.02692 1.33258 -0.0551997 -0.195474 0.0026436 
4.6611 2.00513 5.00077 0.00238124 0.552892 -0.326556 -0.59873 0.733995 1.27592 0.0412816 -0.134795 0.0130145 
4.52754 3.40763 3.95889 0.401839 0.457915 -0.608227 -0.598042 0.670222 0.640068 0.428026 0.204736 0.0311031 
4.46402 3.2343 3.93911 1.00256 0.431806 0.444461 0.140601 -0.226457 0.0705941 0.281203 0.0828791 0.0601583 
4.14089 2.42144 3.95735 1.14231 1.67396 0.00217245 -0.709301 0.419469 0.829103 0.717113 0.217588 0.0936824 
4.28748 2.21885 4.52283 1.94573 2.23178 -0.171445 -0.156137 0.421619 0.010764 0.137056 0.0157317 0.0263077 
4.32855 1.80822 4.91081 0.465498 2.89976 0.494115 0.449565 0.340081 0.575246 0.815828 -0.0849346 0.109656 
4.01558 2.02997 4.58476 0.990856 1.40209 -0.32339 0.975602 1.47511 0.14374 0.627065 0.30693 0.0845897 
3.71219 1.38143 4.23234 0.199195 2.92769 0.497973 0.278212 0.654477 0.103149 0.392041 0.289105 0.167109 
3.63551 1.50107 4.07883 -0.260953 3.27861 -0.0352878 0.29159 0.577446 0.40389 0.460716 0.104335 0.209191 
3.57029 1.16904 3.57456 0.584338 3.5086 0.455905 0.996679 0.603751 0.035246 0.374101 0.046522 0.130094 
3.75809 1.23538 5.23089 1.17838 3.18417 0.657416 0.357861 0.181094 -0.205334 0.336886 -0.00799589 0.0637374 
3.4786 1.70141 4.24379 2.27463 3.14284 1.00935 0.811739 0.0194378 -0.163697 0.407368 -0.105175 -0.0673429 
3.50768 1.96203 3.71788 1.54096 2.48177 0.509424 -0.0713987 -0.601963 -0.818874 -0.205957 -0.139037 -0.109627 
3.64253 1.8437 4.32886 1.47757 1.87857 0.898929 -0.265025 -0.54999 -0.935633 -0.685534 -0.0288754 -0.0778018 
3.81504 1.89572 4.26353 0.868838 2.17686 -0.489968 -0.280192 -0.0366288 -0.703341 -0.1235 -0.123128 -0.0486999 
4.17718 1.41554 4.42441 -0.272268 0.560886 -0.92245 -0.353991 -0.667131 -0.51548 0.357604 -0.225754 -0.0599582 
4.47532 1.61592 3.72708 -0.937022 0.533135 -1.03748 -1.15011 -0.102117 -0.135092 1.14403 0.140125 -0.0731244 
4.48912 1.65209 3.10155 -0.615487 -0.123875 -1.27781 -0.299896 -0.925916 0.356343 1.16478 -0.0786507 -0.0492784 
4.249 1.67329 3.511 0.502766 0.258527 -1.9446 0.189009 0.218121 -0.0695736 1.1009 -0.031542 -0.08395 
4.14036 1.30172 4.13565 -0.711315 0.377838 -1.17024 0.128684 -0.147057 0.079096 0.53627 -0.187153 0.0135698 
4.01407 1.69729 3.8058 -0.814837 2.34543 -0.0177434 -0.591663 0.102464 0.264098 0.627581 -0.104621 -0.039813 
3.87619 0.958152 3.97503 -1.01155 1.74577 -0.344187 0.109921 0.936956 0.440086 0.292325 -0.164055 0.0401437 
3.71638 0.770714 4.10901 0.0491249 1.14209 -0.4283 0.703522 -0.0839434 -0.253225 -0.094926 -0.0948362 0.13578 
