2.67551 0.317529 2.71463 -1.11269 1.58519 -1.11622 0.49082 0.257382 -0.46716 -0.276118 -0.0915952 0.234531 
2.62707 -0.0100054 2.99615 -0.583912 1.21495 -0.858936 -0.167272 -0.400203 -0.432071 0.461472 -0.111727 0.124746 
2.85436 -0.324989 2.42266 -0.891134 1.53243 -0.359 0.372747 0.150229 0.125972 0.365646 -0.056753 0.150108 
2.6439 -0.211894 2.67434 -0.712424 1.89458 0.137754 -0.421763 -0.668489 -0.350118 -0.120996 0.0618846 0.190619 
2.68871 -0.0750216 2.59539 -0.559324 1.7983 -0.951001 0.0341968 -0.787093 -0.393082 0.513485 0.190147 0.249796 
2.83685 -0.491104 2.76505 -0.8498 1.74289 -0.111406 -0.333334 -0.950461 -0.972078 0.467651 0.0820038 0.166251 
2.85316 -0.375921 2.16966 -1.3339 1.73666 -0.0471835 -0.403991 -0.123127 -0.233528 -0.15205 0.00211273 0.241913 
2.77021 -0.0388846 3.2436 -1.05243 1.65927 -0.900001 0.201774 -0.120764 -0.780956 -0.0700261 0.0426815 0.244075 
2.5306 -0.197695 2.28073 -0.182401 1.81509 -0.9868 -0.0834339 -1.07847 -0.130296 0.000108789 -0.109206 0.303881 
2.95349 -0.182509 2.3057 -1.47079 1.30149 -0.467881 0.136907 0.160856 -0.27544 0.205341 -0.267932 0.111417 
2.49973 0.144735 3.22698 -1.0888 1.53413 -0.521583 -0.185866 -0.0904389 -0.421142 -0.170081 -0.0173503 0.19212 
2.88967 -0.536229 2.13386 -0.623764 1.54444 -0.600116 0.392719 0.501388 0.114403 0.554972 -0.168947 0.0840629 
2.82393 0.00075648 2.54292 -0.501158 1.28152 -1.1564 0.336626 -0.827819 -0.308076 0.210517 -0.192559 0.227164 
2.61592 -0.180787 2.62826 -0.167428 1.95484 -0.202056 0.736174 -0.436929 -0.147623 0.158783 0.043913 0.199842 
2.93499 -0.181527 2.60907 -0.561864 0.719842 -0.799524 0.745865 -0.492751 -0.0352116 0.138673 -0.0707922 0.237833 
2.72003 -0.206736 3.24943 -0.998139 0.743549 -0.488561 0.442079 -0.361634 -0.760848 -0.132849 0.0292088 0.247407 
3.12476 -0.212635 2.65677 -1.29909 1.48614 -0.167033 0.000710293 -0.247702 -0.298433 -0.127088 -0.196917 0.20544 
3.04801 -0.260652 3.01393 -1.48785 1.58289 -0.570152 0.389535 0.431969 -0.171366 0.0223485 -0.300903 0.19323 
2.93784 -0.180793 1.96173 -0.559758 1.64848 -0.979124 -0.357127 -0.576703 0.206848 0.153202 -0.275627 0.207152 
2.75753 -0.300271 2.1493 -2.13249 2.57536 -0.110127 -0.447286 0.768021 0.111991 0.469968 0.164238 0.146041 
3.2626 -0.30232 2.79557 -0.265902 2.05583 -0.714822 -0.214979 -0.139904 -0.172344 -0.113048 -0.0486977 0.243594 
2.66891 -0.367824 2.37079 -1.02245 1.93772 -0.341885 -0.41018 -0.709984 -0.0212996 0.571715 -0.0364551 0.204647 
2.98801 -0.14158 3.1082 -0.0838343 1.45523 -1.0568 0.227026 -0.809679 -0.879793 0.644772 -0.124157 0.106872 
2.94475 -0.0820453 2.68795 -1.30478 1.69754 -0.599873 -0.186073 0.315168 -0.557618 0.0136246 0.104014 0.183241 
3.28911 1.04126 4.354 -0.375912 1.6479 -0.154792 0.790995 0.159339 -0.627818 0.52645 0.0762254 0.0559736 
4.27911 1.58067 3.53094 0.382779 2.42323 -0.320257 0.324839 0.668896 0.716804 0.927915 -0.124056 -0.0184483 
4.44466 1.79569 3.99099 -0.0249164 1.59334 0.644553 0.595718 1.1154 -0.326826 0.29887 -0.0537258 -0.171645 
4.31011 2.19391 3.50029 0.590415 2.12335 0.639951 1.01295 0.254566 -0.0640615 0.369067 -0.22593 -0.105555 
4.6691 1.96166 3.58545 -0.463348 1.26891 0.408393 0.291882 1.66951 0.843035 -0.258687 -0.244915 -0.169574 
5.20959 1.82963 3.16375 -0.551711 1.31946 -0.567002 1.01289 1.08368 0.660326 0.0814079 -0.519498 -0.149861 
5.10481 2.05799 3.37238 -1.03306 0.697164 -0.582452 0.985531 0.691887 0.42235 0.142424 -0.459749 -0.152982 
5.13457 1.96742 3.878 -0.741183 0.884143 -0.808595 0.973164 0.65525 0.493686 0.024901 -0.573423 -0.101635 
5.03825 1.86792 3.78917 -0.347173 1.35172 -1.37371 0.812168 0.759819 0.0963239 0.0689696 -0.545551 -0.088926 
4.4229 1.9462 4.33212 -0.550239 2.01267 -0.206436 0.706503 0.952103 0.461191 0.311341 -0.260131 0.010934 
4.12841 1.57286 4.45188 -0.711101 1.78256 0.0121176 0.842526 1.46038 0.222777 0.214622 -0.0724668 0.0178542 
3.56663 1.11407 3.22126 -0.272037 1.18797 -0.495799 0.70688 0.263265 0.892039 0.0500008 -0.111476 0.125921 
3.4259 0.851768 3.28338 -0.163855 2.26018 0.393475 0.935065 1.54921 0.76522 0.682248 -0.0545768 0.00194935 
2.95752 0.941259 3.83852 0.219022 2.89294 0.0209058 -0.0967866 0.650446 0.138129 0.398576 0.549265 0.159223 
2.73922 0.436181 4.74703 -0.409496 2.34962 0.12797 0.761379 0.272032 -0.0166583 0.694195 0.359411 0.218551 
3.33664 0.521512 3.63281 -1.73719 1.39508 0.769912 0.366855 -0.225411 0.241828 -0.143193 -0.241326 0.177568 
2.89399 0.244848 3.8015 -0.664726 2.15491 0.367834 0.699221 -0.0635647 -0.467551 -0.0391062 0.0206345 0.184234 
3.51716 0.630227 4.23135 0.567627 2.42179 0.175614 0.521525 0.110063 -0.356232 0.0829868 -0.0434816 0.085435 
4.63895 2.14403 4.11637 0.60229 0.47365 -0.364287 0.204718 0.533806 0.470938 0.865411 0.0560448 -0.070473 
4.95199 2.56777 4.90487 0.472553 0.310201 -1.32221 0.445426 0.880378 0.910857 0.599324 0.0497029 0.051577 
4.53742 3.04335 4.35604 0.533973 0.238134 -0.414357 -0.106554 0.168272 0.795945 0.388305 0.0843159 0.0421986 
4.40854 3.09736 4.02772 1.76511 0.822553 -0.185129 -0.112877 0.937657 0.639767 0.63767 0.176413 0.0433209 
4.30782 2.67896 3.85241 1.05124 1.66297 -0.130528 -0.304718 0.967124 0.784155 0.817661 0.258898 0.0791067 
3.74132 1.80398 4.10636 0.303368 0.877994 -0.385904 0.916476 1.08285 0.918153 1.26368 0.330855 0.136403 
4.10201 2.21468 4.19741 -0.232929 1.86199 -0.169011 0.681551 1.19575 1.23279 1.02358 0.168447 0.142376 
4.03897 1.84185 3.9087 0.536465 2.90715 0.192597 0.600512 0.838331 0.566838 0.768062 0.130835 0.125455 
3.64363 1.55703 4.35216 0.337066 2.99883 0.487813 0.39528 1.29106 0.915626 0.483685 0.145235 0.136275 
3.83243 1.34864 4.09803 0.475957 3.49694 1.40959 1.29581 0.600086 -0.0549502 0.374656 0.163847 0.165655 
3.92495 1.2084 4.55556 0.231689 2.95905 1.32912 0.700881 0.680724 0.170468 0.242478 0.152093 0.147067 
4.02795 1.64788 4.73035 1.82971 3.04559 0.490615 0.832045 -0.150653 -0.580931 -0.208521 -0.153222 0.0170917 
3.57239 2.29513 4.81139 2.1605 2.7155 0.905271 0.823398 -0.537954 -0.529919 -0.313568 0.0422343 0.014775 
3.89049 2.33161 4.75507 2.1683 2.84191 0.867869 0.257008 -0.72646 -0.752313 -0.112864 -0.0907016 -0.0560937 
4.35053 1.75692 4.82082 0.331332 2.58719 0.00531101 -0.196413 -0.60891 -1.28852 -0.323894 -0.233621 -0.0234171 
4.01672 1.95043 4.78718 1.45751 1.31635 -1.10492 -0.518997 -1.18609 -1.21853 0.0387336 -0.290808 -0.114826 
4.33057 2.36883 3.96254 0.89063 1.72014 -0.631954 0.0600274 0.32258 -0.888277 -0.0347331 -0.132908 -0.0985304 
4.29846 1.46884 3.5782 0.171417 0.219974 -2.20188 -0.478968 -0.393638 -0.206547 0.0746717 -0.132854 0.047733 
