2.6227 0.227882 2.35922 -1.11126 1.67961 -0.664495 0.280635 0.637219 0.952196 0.0358096 -0.00251576 0.256999 
3.18492 -0.415173 2.21794 -0.454362 1.32548 -0.522216 -0.143375 0.163807 -0.50974 0.220702 -0.123826 0.0898002 
2.6147 0.0691936 2.61435 -0.343939 2.00422 -0.0232866 0.561166 -0.280831 0.19606 -0.0812074 -0.137268 0.240995 
2.83779 -0.0339567 3.14099 -0.755111 1.8754 -0.820681 -0.195128 0.312696 -0.170743 0.187462 0.001139 0.215132 
2.80948 -0.102851 2.89501 -0.818499 2.21518 -0.444476 -0.684426 0.397338 -0.0938714 -0.05406 -0.0216015 0.177541 
2.9962 -0.0561251 2.01425 -0.727036 2.55322 -0.295924 -0.28362 -0.840757 -0.14691 0.238787 -0.0429153 0.252912 
2.67496 -0.267179 2.50866 -0.530856 2.08397 -0.282815 -0.0413441 -0.54492 -0.689547 0.379492 0.0891513 0.203701 
2.68598 0.28124 2.38826 -0.597903 2.00485 -0.321774 0.572795 0.293727 -0.0622584 0.108811 -0.0810567 0.174688 
2.89664 -0.191721 3.01625 -0.604201 0.930145 -0.584074 0.812684 0.555829 -0.779081 0.126196 0.125013 0.156597 
2.96412 -0.027977 2.24147 -0.851261 1.92085 -0.342959 -0.294187 -0.296543 0.131331 0.174521 -0.0491133 0.223069 
2.75674 -0.281989 2.76352 -0.674839 1.92683 -0.996615 0.528849 0.602702 -0.499214 0.430265 0.055384 0.213738 
2.82341 0.214788 2.94531 -0.495436 1.77011 -0.773771 0.363657 -0.0415846 -0.460041 0.413683 0.0269708 0.18408 
2.93219 0.095532 2.33651 -0.813062 1.40818 -0.634707 0.228247 -0.43674 0.180286 0.341166 -0.294476 0.193023 
3.11981 -0.252815 2.82423 -0.801447 2.15618 -0.81572 -0.279095 0.217022 -0.859195 0.391305 0.010893 0.14589 
2.87901 0.15396 2.35196 -1.03676 2.0491 0.00235723 0.218095 -0.204229 0.148994 0.472456 -0.0801092 0.172773 
2.93004 -0.349986 3.32613 0.191756 1.53238 -0.613941 -0.0802078 -0.65387 -0.201681 0.273906 0.230492 0.283093 
2.94152 -0.299005 3.21218 -0.517077 1.6916 0.206422 0.306748 0.514842 -0.154897 0.369581 -0.00110949 0.0898375 
2.72431 -0.124803 3.47755 -1.27091 1.29332 -0.366679 0.324891 0.0256949 -0.837656 0.0601988 0.0805861 0.228559 
2.71712 0.090874 2.98836 -0.825866 1.21464 -0.673765 0.431039 0.798439 -0.640738 -0.0355997 -0.00691404 0.138392 
2.88891 -0.315344 2.79619 -1.04319 1.51041 -0.338194 0.280184 -0.318658 -0.657552 0.164412 -0.179126 0.219279 
2.73464 -0.0306834 3.12407 -0.686701 1.47959 -0.565281 0.26668 -0.381952 -0.508982 0.283891 -0.0529531 0.214123 
2.69045 0.223644 2.51443 -0.57513 2.60596 0.585035 0.0653206 -0.36919 -0.65773 -0.15206 0.280341 0.211345 
2.85574 0.00549968 2.15041 -0.822462 1.97234 0.981983 -0.187751 -0.261719 -0.653991 -0.299189 0.0944555 0.171074 
2.46205 0.308763 3.19864 -1.23684 2.15283 -0.467184 -0.542791 0.0567974 -0.296064 0.0157942 0.15075 0.217399 
2.88674 -0.0936667 2.74014 -1.42249 1.62492 -0.405709 0.381873 0.100707 -0.689851 0.265742 -0.0808067 0.200477 
2.8399 -0.107047 2.43284 -0.726978 1.90152 -0.713571 0.780737 -0.0515894 -0.726821 0.532031 0.170909 0.240478 
3.0815 -0.0129865 3.19134 -1.27545 1.43739 -0.510266 0.30924 0.492228 -0.469957 0.388002 0.0162537 0.155311 
2.72945 -0.277057 3.32496 -1.06922 0.977266 -0.679735 0.102841 0.382344 -0.826857 0.0640023 -0.0836818 0.157261 
3.10869 -0.164181 3.04653 -0.786338 2.09733 -0.913881 0.513762 0.674081 -0.630953 0.125544 0.0728789 0.270908 
2.65634 -0.148413 3.21966 -0.554914 1.48899 -0.967888 0.55142 0.602182 -0.403822 0.0996835 0.225418 0.260909 
2.98227 0.145983 2.27132 -0.0431833 2.33676 -0.276346 0.890178 0.262876 0.497721 -0.0267548 -0.0370607 0.25394 
2.89422 -0.0379765 2.73528 -2.0111 2.14981 -0.0444059 -0.438787 -0.015455 -0.53248 -0.145424 0.0208827 0.274031 
2.81122 0.501535 2.73517 -1.12252 1.01092 -0.259736 1.27988 0.0290045 0.0612989 0.687611 -0.0280292 0.163616 
2.78926 -0.213787 2.83765 -1.26932 2.17511 -0.410351 -0.0696497 0.0484819 -0.885476 0.160572 0.118222 0.239145 
2.81693 -0.439768 2.72417 -1.04733 2.21405 0.119699 -0.202793 -0.369362 -0.820063 -0.00267605 0.014946 0.239818 
2.61112 -0.60733 3.56971 -0.808767 0.877354 0.314984 0.370443 0.297684 -0.10979 0.672149 0.251129 0.112303 
2.93724 0.134388 2.77188 -0.525746 1.71784 -0.451323 0.154677 0.0181473 0.0530143 -0.04256 0.14276 0.271607 
3.36434 0.599942 3.00333 0.283206 2.00312 0.681061 1.11999 0.237314 -0.400954 0.100165 0.0538694 0.0844077 
4.01317 1.07358 4.09876 0.233451 2.21799 1.41587 1.56312 -0.00845201 -0.265078 -0.130761 -0.325861 0.0222037 
4.32048 1.52662 3.26205 0.262427 1.8992 1.31994 1.92258 0.703299 0.751034 0.108831 -0.444013 -0.0880688 
4.41914 2.26674 2.40865 -0.572159 1.35732 1.42327 2.12793 1.17653 -0.0507541 0.387857 -0.33486 -0.184162 
4.53004 2.08465 3.19418 -0.107106 1.03905 0.467511 1.69826 1.53673 0.871951 0.127078 -0.365602 -0.184978 
4.57614 1.93164 4.00729 -0.0784307 1.23724 0.689008 1.01202 1.53316 0.616056 -0.229056 -0.268763 -0.13165 
4.13124 1.87583 3.85189 -0.36277 1.35556 1.27173 0.982599 1.54439 0.936003 0.200128 -0.265307 -0.166495 
3.79069 1.65769 3.30197 0.84167 2.25553 0.690137 1.42904 1.33342 0.427775 0.437952 -0.272686 -0.113861 
4.09689 1.65078 4.44573 0.589184 4.06824 1.33403 0.0131206 0.136026 -0.309419 -0.537057 -0.110509 0.0304964 
4.22056 1.22272 5.50903 0.622807 1.81014 0.638201 1.53494 1.39097 0.277063 0.0208927 -0.219357 0.029453 
3.92509 1.13891 3.87518 0.11962 3.00365 0.880707 1.30198 1.01857 -0.352095 0.34013 -0.173854 -0.0380247 
3.66955 0.721139 4.04208 0.266076 2.35142 0.716146 0.493075 0.0147316 -0.24284 -0.0249768 -0.0700309 0.0826902 
3.20959 0.798692 4.52162 -0.198367 2.15498 0.620602 0.967153 0.402235 -0.43952 0.272822 0.0523506 0.0891806 
2.89835 0.425127 4.63316 -0.0515752 1.80556 0.496318 1.08176 0.472414 0.74503 0.738373 -0.0777524 0.174992 
2.87638 0.285876 5.52212 -1.01942 2.25263 1.79812 -0.442881 -0.978726 -0.0493608 0.878498 0.0823292 0.14194 
2.3614 -0.338502 4.09551 -0.600884 1.53769 1.90501 0.692685 -0.478121 0.84254 0.859998 -0.233684 0.139275 
2.63327 -0.222477 4.49303 -0.399163 1.84062 0.846447 0.764319 -0.367272 0.740836 1.05095 -0.159601 0.20376 
2.77831 -0.219625 5.05834 -0.462119 1.5851 0.844169 0.156241 -0.791026 -0.0497536 0.798799 -0.114852 0.142381 
4.27256 1.06734 5.32512 -0.435584 1.08815 -0.189496 -0.228657 0.747738 0.700834 0.739714 -0.289345 -0.0803331 
4.54834 1.71559 5.1241 0.331161 1.41159 -0.182024 0.0661308 0.45253 1.6059 1.02416 -0.263135 0.0555147 
4.70048 2.32168 5.37989 0.487737 0.913609 -0.508742 0.158417 1.26633 0.911353 0.706941 0.19727 0.0794536 
4.6938 2.61577 4.50676 0.190369 1.64174 -0.616997 0.466014 1.21478 1.01374 1.16985 0.186423 0.0922046 
4.75682 2.27879 5.23393 0.740029 1.20829 -1.09982 0.42627 1.12288 0.584968 0.925158 0.186297 0.124233 
