2.78124 0.00859829 2.81372 -1.46589 1.48915 -0.702447 -0.0796786 0.0148959 -0.0603497 0.315099 -0.144654 0.207159 
2.66441 0.191902 3.20831 -0.13239 2.04913 -0.496592 0.344685 -0.177358 -0.521008 -0.141765 0.138753 0.207647 
3.09167 -0.449018 2.72678 -0.917727 0.886123 -0.104536 0.466044 -0.907583 -0.524818 0.426514 -0.108491 0.187069 
2.87981 -0.671516 2.95229 -0.908489 1.55769 -0.194287 0.360004 -0.0310415 -0.527852 0.29496 -0.0192958 0.21695 
2.60508 -0.48873 2.64016 -0.79007 1.25785 -0.840219 0.969815 0.130725 -0.224786 0.570994 -0.0188177 0.230467 
2.93157 0.158285 3.04527 -1.50469 1.17822 -0.828306 0.608849 0.112856 -0.813349 -0.168384 -0.0431604 0.2535 
2.92485 -0.0854302 2.55292 -0.615144 1.08988 -0.798773 0.609061 -0.342345 -0.308892 0.386262 -0.20295 0.155673 
2.77928 -0.272556 2.39276 -1.22389 1.83766 0.334975 0.997551 -0.0403666 0.16463 0.31647 -0.168046 0.2103 
2.96045 -0.183705 2.31376 -0.778348 1.66949 -0.994435 0.149618 -0.282333 -0.725089 0.475072 -0.0287617 0.197791 
2.98916 -0.550125 2.06702 -1.12521 2.21663 -0.15304 -0.253865 0.670034 -0.476081 0.60347 -0.0702655 -0.00441246 
2.91664 -0.122218 2.59906 -0.171497 2.14907 -0.75905 0.0350399 -0.158626 -0.110433 -0.00201218 -0.115462 0.224416 
3.02885 0.00684599 2.97682 -1.15747 2.14881 -0.900868 -0.887943 0.0914735 0.159293 -0.154103 -0.108863 0.257218 
2.68745 0.0952493 2.92937 -1.27036 1.29281 -0.957142 -0.206623 0.158267 -0.147941 0.158055 -0.0772196 0.21701 
2.61373 0.0470499 2.42323 -0.822557 2.05386 -0.102885 -0.710144 -0.243102 -0.0123675 -0.151696 -0.0157566 0.197539 
2.66673 -0.254977 2.61762 -0.595473 2.25801 -0.711917 0.238998 -0.389896 -0.626331 0.037735 0.182414 0.316751 
2.78778 -0.0696136 2.84646 -1.01473 2.00708 -0.229775 -0.243886 0.0595499 -0.29913 -0.0260739 -0.155387 0.169672 
2.38224 -0.194452 2.60696 -1.09765 1.54464 -0.565209 0.303621 -0.367144 -0.668483 -0.149245 0.109827 0.32006 
2.79818 -0.470885 2.72717 -0.861138 2.26886 -0.0774381 -0.218581 -1.17229 -0.712482 0.804956 -0.00793788 0.190791 
2.58878 -0.374571 2.6675 -0.628882 1.24285 -0.625408 0.559343 0.280263 -0.531919 0.193974 -0.138986 0.164788 
2.58509 -0.0841759 2.93203 -0.889532 0.941596 -0.589381 0.332694 0.307926 -1.12924 0.0774388 0.0749401 0.130042 
2.82508 -0.263969 2.67551 -1.31534 2.32555 -0.199397 -1.05414 -0.0129667 -0.433294 0.319483 0.093729 0.124894 
2.56012 -0.185765 2.89426 -1.76013 1.82611 0.0421482 0.716119 0.180266 -0.578238 0.16324 -0.0489372 0.230655 
2.68297 -0.405102 1.93789 -0.74184 1.33345 -0.7874 0.302248 0.109652 -0.811353 -0.105021 0.0144625 0.273948 
2.36486 -0.535179 2.57828 -0.532652 2.12246 -0.306738 0.123155 0.182926 -0.69222 0.0913481 0.159439 0.207111 
2.81216 0.0373055 2.32101 -0.580625 2.32982 -0.637921 -0.491486 -0.127554 -0.286517 0.423445 -0.0702287 0.111395 
2.95199 0.0403955 3.08028 -0.650524 1.54117 -0.929087 0.0810831 0.181802 -0.715384 0.291808 0.0753609 0.142651 
2.90749 -0.24022 3.01635 -1.2355 2.32667 -0.689393 -0.50221 -0.0453496 -0.8886 -0.0256505 0.0202373 0.248391 
2.41743 -0.0516502 2.54358 -0.848331 1.95494 -0.679082 0.230249 -0.533407 -0.5525 0.176552 0.0866429 0.273455 
2.7347 0.211446 2.67236 -0.957863 1.83452 -0.23719 -0.00731148 0.240264 -0.169108 -0.398676 0.0392582 0.211912 
2.80566 0.178348 2.10541 -0.602002 1.41175 -0.498022 0.599564 -0.232126 -0.200053 0.000389093 0.100095 0.238243 
2.54765 -0.107537 2.15805 -0.780014 1.76186 -0.431254 -0.251094 -0.303239 -0.430261 0.226997 -0.0311962 0.190878 
2.8833 -0.0299629 2.42567 -0.716993 2.27186 -0.826657 0.341087 0.0461889 -0.29482 -0.0453586 -0.0241045 0.269965 
3.1706 0.290283 3.40624 -0.130368 1.83943 -0.0701327 0.721389 -0.0639491 -0.587963 -0.166501 0.131582 0.17341 
3.40272 1.14845 4.69695 0.115009 1.95312 0.0435731 0.923543 -0.231369 -0.620361 -0.123467 -0.00847989 0.125152 
3.87487 1.3196 4.19466 0.464884 2.32836 0.596332 0.546314 0.861026 -0.236214 -0.252785 -0.147391 -0.0552574 
4.374 1.89742 3.12302 -0.203332 1.02618 -0.366912 0.660901 0.955074 0.766017 0.519571 -0.196263 -0.122265 
5.22245 1.86723 1.79214 -1.96114 0.477684 -0.190877 1.88068 0.5624 -0.143527 0.690514 -0.21251 -0.11122 
5.398 2.0959 0.960452 -2.03454 0.148629 0.418488 1.97378 0.190087 -0.624512 -0.162203 -0.35948 -0.120725 
5.36394 2.47761 1.73635 -1.71186 0.053271 -0.169538 1.13694 0.12747 -0.227803 -0.234148 -0.395089 -0.142752 
5.31696 2.31082 3.06841 -0.703324 0.624739 -0.0288855 1.41743 0.297824 -0.312436 -0.238493 -0.38525 -0.0978021 
5.42892 1.69755 3.18871 -1.78893 0.642896 0.133834 1.08859 0.976872 0.106463 0.480003 -0.234153 -0.147544 
4.4099 1.914 3.62042 -0.171282 0.727949 0.122539 0.896615 1.90619 0.328815 0.153449 -0.0454664 -0.151558 
4.14908 1.77353 3.46337 -0.149808 0.66684 0.0155997 1.46176 1.17576 0.920308 0.12717 -0.167989 -0.0319097 
4.02608 1.7323 3.47802 -0.344416 2.29994 0.402868 0.935464 1.05432 0.349603 0.23406 0.000153409 0.0625211 
3.67463 1.15206 3.40285 -0.0302399 2.41046 0.156115 1.1319 1.19071 0.721252 0.415032 0.0369985 0.138698 
3.61299 1.19268 3.33092 -0.435094 1.69085 0.217758 1.37246 1.38377 1.28784 1.01528 -0.00643564 0.0641409 
3.19501 0.194171 3.61486 -0.83592 1.69119 0.0725888 -0.0544634 0.706114 0.745502 0.603747 -0.0342037 0.0690433 
2.78088 0.157682 4.08699 -0.984372 1.77202 -0.390935 0.456638 0.551987 -0.506 0.465096 0.29105 0.138331 
2.7411 0.138591 4.08239 -1.33024 1.6375 0.117992 -0.18437 -0.346633 -0.641582 0.224933 0.149676 0.156013 
3.01403 0.0720099 3.4702 -0.732554 1.65722 0.508339 0.789129 0.279521 0.109519 0.457307 -0.216953 0.0642778 
2.93631 0.429629 3.88686 -1.10205 2.48507 0.169613 0.565966 0.609692 0.0843363 0.588257 0.0151946 0.151997 
4.09294 1.74004 3.85713 -0.257107 1.82365 -0.285113 0.406736 0.284284 0.575154 0.412103 -0.349552 -0.041055 
4.54636 1.91307 4.29055 0.58642 0.508079 -1.42223 -0.0176033 0.975989 0.686593 0.779783 -0.0205441 -0.0500159 
4.99917 1.91427 5.14272 0.694221 0.99376 -0.626021 0.0353049 0.93179 0.956823 0.86129 0.0801144 0.0580557 
4.43635 2.64809 4.50529 0.619782 0.560221 -0.199182 0.233146 0.626528 0.959828 0.907584 0.258499 0.110532 
3.87872 2.53927 4.42398 1.6986 1.3232 -0.157206 0.0982861 0.704734 0.0739822 0.470605 0.0968167 0.0221725 
3.57274 2.18507 3.18899 0.781455 2.30414 0.461266 0.170064 1.29291 0.61686 0.869466 0.226511 0.0392452 
3.68346 2.08142 4.39936 1.60193 1.73252 0.365819 1.10874 1.12026 -0.0382465 0.40909 0.242522 0.0516995 
3.56327 1.17151 3.93262 1.36845 2.4999 0.385841 1.00449 0.822614 0.669941 0.770998 0.112533 0.0965779 
3.71961 1.63162 4.29474 0.364461 2.84702 0.0653445 1.05311 1.29135 0.901195 0.0576697 0.010453 0.204319 
